MIP Gap (%):  56.24414107747865
_solve_elapsed_time = 28832.7

TotalCost = 6822.48

x [*,*]
:      C1 C10 C11 C12       C13     C14 C15  C2  C3  C4  C5  C6  C7  C8  C9  :=
C1      .   0   0   0   0             0   0   0   0   0   0   0   0   0   0
C10     0   .   0   0   0             0   0   0   1   0   0   0   0   0   0
C11     0   0   .   0   0             1   0   0   0   0   0   0   0   0   0
C12     0   0   0   .   0             0   0   0   0   0   1   0   0   0   0
C13     0   0   0   0    .            0   0   0   0   0   0   0   0   0   0
C14     0   0   0   0   0             .   0   0   0   0   0   0   0   0   0
C15     0   0   0   0   0             0   .   0   0   1   0   0   0   0   0
C2      0   0   0   0   0             0   0   .   0   0   0   0   0   0   0
C3      0   0   0   0   0             0   0   0   .   0   0   0   0   0   0
C4      1   0   0   0   0             0   0   0   0   .   0   0   0   0   0
C5      0   0   0   0   0             0   0   0   0   0   .   0   0   0   0
C6      0   0   1   0   0             0   0   0   0   0   0   .   0   0   0
C7      0   0   0   0   0             0   0   1   0   0   0   0   .   0   0
C8      0   0   0   0   0             0   0   0   0   0   0   0   0   .   1
C9      0   0   0   0   0             0   0   0   0   0   0   0   0   0   .
F16     0   0   0   0   2.03851e-06   0   0   0   0   0   0   0   0   0   0
F16_1   0   0   0   0   0             0   0   0   0   0   0   0   0   0   0
F16_2   0   0   0   0   0             0   0   0   0   0   0   0   0   0   0
F17     0   0   0   0   0             0   0   0   0   0   0   0   0   0   0
F17_1   0   0   0   0   0             0   0   0   0   0   0   0   0   0   0
F17_2   0   0   0   0   0             0   0   0   0   0   0   0   0   0   0
F18     0   0   0   0   0             0   0   0   0   0   0   0   0   0   0
F18_1   0   0   0   0   0             0   0   0   0   0   0   0   1   0   0
F18_2   0   0   0   0   0             0   0   0   0   0   0   0   0   0   0
F19     0   0   0   0   0             0   0   0   0   0   0   0   0   0   0
F19_1   0   0   0   0   0             0   0   0   0   0   0   0   0   0   0
F19_2   0   0   0   0   0             0   0   0   0   0   0   0   0   0   0
F20     0   0   0   0   0             0   0   0   0   0   0   0   0   0   0
F20_1   0   0   0   0   0             0   0   0   0   0   0   0   0   0   0
F20_2   0   0   0   0   0             0   0   0   0   0   0   0   0   0   0
N0      0   1   0   1   0.999998      0   1   0   0   0   0   1   0   1   0
Nσ      0   0   0   0   0             0   0   0   0   0   0   0   0   0   0

# $3 = F16_2
# $5 = F17_1
# $8 = F18_1
# $9 = F18_2
# $11 = F19_1
:           F16          F16_1     $3 F17  $5     F17_2    F18  $8  $9 F19 $11 :=
C1      0             0             0   0   0   0            0   0   0   0   0
C10     0             0             0   0   0   0            0   0   0   0   0
C11     0             0             0   0   0   0            0   0   0   0   0
C12     0             0             0   0   0   0            0   0   0   0   0
C13     0             0             0   0   0   0            0   0   0   0   0
C14     0             0             0   0   0   0            0   0   1   0   0
C15     0             0             0   0   0   0            0   0   0   0   0
C2      0             2.03341e-06   0   0   0   0            0   0   0   0   0
C3      0.999998      0             0   0   0   1.9758e-06   0   0   0   0   0
C4      0             0             0   0   0   0            0   0   0   0   0
C5      0             0             0   0   0   0            0   0   0   0   0
C6      0             0             0   0   0   0            0   0   0   0   0
C7      0             0             0   0   0   0            0   0   0   0   0
C8      0             0             0   0   0   0            0   0   0   0   0
C9      0             0             0   0   0   0            0   0   0   0   0
F16      .            0             0   0   0   0            0   0   0   0   0
F16_1   2.03841e-06    .            0   0   0   0            0   0   0   0   0
F16_2   0             0             .   0   0   0            0   0   0   0   0
F17     0             0             0   .   0   0            0   0   0   0   0
F17_1   0             0             0   0   .   0            0   0   0   0   0
F17_2   0             0             0   0   0    .           0   0   0   0   0
F18     0             0             0   0   0   0            .   1   0   0   0
F18_1   0             0             0   0   0   0            0   .   0   0   0
F18_2   0             0             0   0   0   0            1   0   .   0   0
F19     0             0             0   0   0   0            0   0   0   .   1
F19_1   0             0             0   0   0   0            0   0   0   0   .
F19_2   0             0             0   0   0   0            0   0   0   1   0
F20     0             0             0   0   0   0            0   0   0   0   0
F20_1   0             0             0   0   0   0            0   0   0   0   0
F20_2   0             0             0   0   0   0            0   0   0   0   0
N0      0             0             0   0   0   0            0   0   0   0   0
Nσ      0             0             0   0   0   0            0   0   0   0   0

:     F19_2 F20 F20_1 F20_2  N0       Nσ        :=
C1       0    0    0     0    0   1
C10      0    0    0     0    0   0
C11      0    0    0     0    0   0
C12      0    0    0     0    0   0
C13      0    0    0     0    0   1
C14      0    0    0     0    0   0
C15      0    0    0     0    0   0
C2       0    0    0     0    0   0.999998
C3       0    0    0     0    0   0
C4       0    0    0     0    0   0
C5       0    0    0     0    0   1
C6       0    0    0     0    0   0
C7       0    0    0     0    0   0
C8       0    0    0     0    0   0
C9       0    0    0     0    0   1
F16      0    0    0     0    0   0.999998
F16_1    0    0    0     0    0   0
F16_2    0    0    0     0    0   0
F17      0    0    0     0    0   0
F17_1    0    0    0     0    0   0
F17_2    0    0    0     0    0   1.9708e-06
F18      0    0    0     0    0   0
F18_1    0    0    0     0    0   0
F18_2    0    0    0     0    0   0
F19      0    0    0     0    0   0
F19_1    1    0    0     0    0   0
F19_2    .    0    0     0    0   0
F20      0    .    0     0    0   0
F20_1    0    0    .     0    0   0
F20_2    0    0    0     .    0   0
N0       0    0    0     0    .   0
Nσ       0    0    0     0    0    .
;

xplun [*,*]
# $18 = F16_2
:      C1 C10 C11 C12 C13 C14 C15  C2  C3  C4  C5  C6  C7  C8  C9 F16 F16_1 $18 :=
C1      .   0   0   0   0   0   0   0   0   0   0   0   0   0   0   0    0    0
C10     0   .   0   0   0   0   0   0   0   0   0   0   0   0   0   0    0    0
C11     0   0   .   0   0   0   0   0   0   0   0   0   0   0   0   0    0    0
C12     0   0   0   .   0   0   0   0   0   0   0   0   0   0   0   0    0    0
C13     0   0   0   0   .   0   0   0   0   0   0   0   0   0   0   0    0    0
C14     0   0   0   0   0   .   0   0   0   0   0   0   0   0   0   0    0    0
C15     0   0   0   0   0   0   .   0   0   0   0   0   0   0   0   0    0    0
C2      0   0   0   0   0   0   0   .   0   0   0   0   0   0   0   0    0    0
C3      0   0   0   0   0   0   0   0   .   0   0   0   0   0   0   0    0    0
C4      0   0   0   0   0   0   0   0   0   .   0   0   0   0   0   0    0    0
C5      0   0   0   0   0   0   0   0   0   0   .   0   0   0   0   0    0    0
C6      0   0   0   0   0   0   0   0   0   0   0   .   0   0   0   0    0    0
C7      0   0   0   0   0   0   0   0   0   0   0   0   .   0   0   0    0    0
C8      0   0   0   0   0   0   0   0   0   0   0   0   0   .   0   0    0    0
C9      0   0   0   0   0   0   0   0   0   0   0   0   0   0   .   0    0    0
F16     0   0   0   0   0   0   0   0   0   0   0   0   0   0   0   .    0    0
F16_1   0   0   0   0   0   0   0   0   0   0   0   0   0   0   0   0    .    0
F16_2   0   0   0   0   0   0   0   0   0   0   0   0   0   0   0   0    0    .
F17     0   0   0   0   0   0   0   0   0   0   0   0   0   0   0   0    0    0
F17_1   0   0   0   0   0   0   0   0   0   0   0   0   0   0   0   0    0    0
F17_2   0   0   0   0   0   0   0   0   0   0   0   0   0   0   0   0    0    0
F18     0   0   0   0   0   0   0   0   0   0   0   0   0   0   0   0    0    0
F18_1   0   0   0   0   0   0   0   0   0   0   0   0   0   0   0   0    0    0
F18_2   0   0   0   0   0   0   0   0   0   0   0   0   0   0   0   0    0    0
F19     0   0   0   0   0   0   0   0   0   0   0   0   0   0   0   0    0    0
F19_1   0   0   0   0   0   0   0   0   0   0   0   0   0   0   0   0    0    0
F19_2   0   0   0   0   0   0   0   0   0   0   0   0   0   0   0   0    0    0
F20     0   0   0   0   0   0   0   0   0   0   0   0   0   0   0   0    0    0
F20_1   0   0   0   0   0   0   0   0   0   0   0   0   0   0   0   0    0    0
F20_2   0   0   0   0   0   0   0   0   0   0   0   0   0   0   0   0    0    0

:     F17 F17_1 F17_2 F18 F18_1 F18_2 F19 F19_1 F19_2 F20 F20_1 F20_2    :=
C1      0    0     0    0    0     0    0    0     0    0    0     0
C10     0    0     0    0    0     0    0    0     0    0    0     0
C11     0    0     0    0    0     0    0    0     0    0    0     0
C12     0    0     0    0    0     0    0    0     0    0    0     0
C13     0    0     0    0    0     0    0    0     0    0    0     0
C14     0    0     0    0    0     0    0    0     0    0    0     0
C15     0    0     0    0    0     0    0    0     0    0    0     0
C2      0    0     0    0    0     0    0    0     0    0    0     0
C3      0    0     0    0    0     0    0    0     0    0    0     0
C4      0    0     0    0    0     0    0    0     0    0    0     0
C5      0    0     0    0    0     0    0    0     0    0    0     0
C6      0    0     0    0    0     0    0    0     0    0    0     0
C7      0    0     0    0    0     0    0    0     0    0    0     0
C8      0    0     0    0    0     0    0    0     0    0    0     0
C9      0    0     0    0    0     0    0    0     0    0    0     0
F16     0    0     0    0    0     0    0    0     0    0    0     0
F16_1   0    0     0    0    0     0    0    0     0    0    0     0
F16_2   0    0     0    0    0     0    0    0     0    0    0     0
F17     .    0     0    0    0     0    0    0     0    0    0     0
F17_1   0    .     0    0    0     0    0    0     0    0    0     0
F17_2   0    0     .    0    0     0    0    0     0    0    0     0
F18     0    0     0    .    0     0    0    0     0    0    0     0
F18_1   0    0     0    0    .     0    0    0     0    0    0     0
F18_2   0    0     0    0    0     .    0    0     0    0    0     0
F19     0    0     0    0    0     0    .    0     0    0    0     0
F19_1   0    0     0    0    0     0    0    .     0    0    0     0
F19_2   0    0     0    0    0     0    0    0     .    0    0     0
F20     0    0     0    0    0     0    0    0     0    .    0     0
F20_1   0    0     0    0    0     0    0    0     0    0    .     0
F20_2   0    0     0    0    0     0    0    0     0    0    0     .
;

sum{i in F, j in V: i != j} xplun[i,j] = 0

sum{i in Vplun, j in Vplun: i != j} d[i,j]*xplun[i,j] = 0

sum{i in D0, j in Vplun} x[i,j] = 6

sum{i in Vall, j in Vall: i != j} x[i,j]*t[i,j] = 450.216

sum{i in F} c[i]*R[i] = 0

sum{i in F, j in Vplunend: i != j} b[i]*x[i,j] = 1

y [*] :=
   C1 22.628            C6 18.7082        F18_1  0
  C10 40.5478           C7 55.7273        F18_2  0
  C11 11.7082           C8 56.2093          F19 77.75
  C12 43.9099           C9 49.8847        F19_1 77.75
  C13 48.0179          F16  3.33905       F19_2 77.75
  C14  6.7082        F16_1  0               F20  0
  C15 57.1345        F16_2  0             F20_1  0
   C2 31.4045          F17  0             F20_2  0
   C3 34.1447        F17_1  0                N0 77.75
   C4 41.8374        F17_2  7.41729e-05      Nσ  0
   C5 38.0789          F18  0
;

yplun [*] :=
   C1 0     C13 0      C3 0      C7 0   F16_1 0   F17_2 0     F19 0   F20_1 0
  C10 0     C14 0      C4 0      C8 0   F16_2 0     F18 0   F19_1 0   F20_2 0
  C11 0     C15 0      C5 0      C9 0     F17 0   F18_1 0   F19_2 0
  C12 0      C2 0      C6 0     F16 0   F17_1 0   F18_2 0     F20 0
;

A [*] :=
   C1  682.788          C6   46.2691      F18_1  334.977
  C10   37.2022         C7  357           F18_2  334.977
  C11  143.269          C8  359             F19    0
  C12  158              C9  455.325       F19_1    0
  C13 1116             F16  254.411       F19_2    0
  C14  238.269       F16_1    0.0011795     F20 1236
  C15  264           F16_2 1236           F20_1 1236
   C2  465.601         F17  763.792       F20_2 1236
   C3  133.605       F17_1 1236              N0    0
   C4  573.579       F17_2  860.31           Nσ 1236
   C5  283             F18  334.977
;

Aplun [*] :=
   C1 1213     C15  354      C7  447     F17    0     F19    0      N0    0
  C10 1198      C2  539      C8  449   F17_1    0   F19_1    0      Nσ    0
  C11 1200      C3 1205      C9 1213   F17_2    0   F19_2    0
  C12  177      C4 1200     F16    0     F18    0     F20    0
  C13 1206      C5  373   F16_1    0   F18_1    0   F20_1    0
  C14 1196      C6  120   F16_2    0   F18_2    0   F20_2    0
;

u [*] :=
   C1 180     C15 200      C7 140     F17 200     F19  10      N0 200
  C10 200      C2 130      C8 200   F17_1 200   F19_1  10      Nσ   0
  C11 170      C3 170      C9 190   F17_2 150   F19_2  10
  C12 200      C4 190     F16 150     F18 140     F20 200
  C13  30      C5 160   F16_1 210   F18_1 140   F20_1 200
  C14 150      C6 200   F16_2 150   F18_2 140   F20_2 170
;

w [*] :=
   C1 0     C13 0      C3 0      C7 0   F16_1 0   F17_2 0     F19 0   F20_1 0
  C10 0     C14 0      C4 0      C8 0   F16_2 0     F18 0   F19_1 0   F20_2 0
  C11 0     C15 0      C5 0      C9 0     F17 0   F18_1 0   F19_2 0      N0 0
  C12 0      C2 0      C6 0     F16 0   F17_1 0   F18_2 0     F20 0      Nσ 0
;

b [*] :=
  F16  0
F16_1  0
F16_2  0
  F17  0
F17_1  0
F17_2  0
  F18  0
F18_1  1
F18_2  0
  F19  0
F19_1  0
F19_2  0
  F20  0
F20_1  0
F20_2  0
;

c [*] :=
  F16  1
F16_1  1
F16_2  1
  F17  1
F17_1  1
F17_2  1
  F18  1
F18_1  0
F18_2  1
  F19  1
F19_1  1
F19_2  1
  F20  1
F20_1  1
F20_2  1
;

R [*] :=
  F16  0
F16_1  0
F16_2  0
  F17  0
F17_1  0
F17_2  0
  F18  0
F18_1  0
F18_2  0
  F19  0
F19_1  0
F19_2  0
  F20  0
F20_1  0
F20_2  0
;

Y [*] :=
  F16   3.33905
F16_1   0
F16_2   0
  F17   0
F17_1   0
F17_2   7.41729e-05
  F18   0
F18_1  77.75
F18_2   0
  F19  77.75
F19_1  77.75
F19_2  77.75
  F20   0
F20_1   0
F20_2   0
;

