MIP Gap (%):  0
_solve_elapsed_time = 1026.73

TotalCost = 4740.36

x [*,*]
:      C1 C10 C11 C12 C13 C14 C15  C2  C3  C4  C5  C6  C7  C8  C9 F16    :=
C1      .   0   0   0   0   0   0   0   0   0   0   0   0   0   1   0
C10     0   .   1   0   0   0   0   0   0   0   0   0   0   0   0   0
C11     0   0   .   0   0   0   0   0   0   0   0   0   0   0   0   0
C12     0   0   0   .   0   0   0   0   0   0   0   0   0   0   0   0
C13     0   0   0   0   .   1   0   0   0   0   0   0   0   0   0   0
C14     0   0   0   0   0   .   0   1   0   0   0   0   0   0   0   0
C15     0   0   0   0   0   0   .   0   0   0   0   0   0   0   0   0
C2      0   0   0   0   0   0   0   .   1   0   0   0   0   0   0   0
C3      0   0   0   0   0   0   0   0   .   0   0   0   0   0   0   0
C4      0   0   0   1   0   0   0   0   0   .   0   0   0   0   0   0
C5      0   1   0   0   0   0   0   0   0   0   .   0   0   0   0   0
C6      1   0   0   0   0   0   0   0   0   0   0   .   0   0   0   0
C7      0   0   0   0   0   0   0   0   0   0   0   1   .   0   0   0
C8      0   0   0   0   0   0   1   0   0   0   0   0   0   .   0   0
C9      0   0   0   0   0   0   0   0   0   0   0   0   0   1   .   0
F16     0   0   0   0   0   0   0   0   0   0   0   0   0   0   0   .
F16_1   0   0   0   0   0   0   0   0   0   0   0   0   0   0   0   0
F16_2   0   0   0   0   0   0   0   0   0   1   0   0   0   0   0   0
F17     0   0   0   0   0   0   0   0   0   0   0   0   0   0   0   0
F17_1   0   0   0   0   0   0   0   0   0   0   0   0   0   0   0   0
F17_2   0   0   0   0   0   0   0   0   0   0   0   0   0   0   0   0
F18     0   0   0   0   0   0   0   0   0   0   0   0   0   0   0   0
F18_1   0   0   0   0   1   0   0   0   0   0   0   0   0   0   0   0
F18_2   0   0   0   0   0   0   0   0   0   0   0   0   0   0   0   0
N0      0   0   0   0   0   0   0   0   0   0   1   0   1   0   0   0
Nσ      0   0   0   0   0   0   0   0   0   0   0   0   0   0   0   0

:          F16_1    F16_2 F17 F17_1 F17_2 F18 F18_1 F18_2  N0      Nσ       :=
C1      0              0    0    0     0    0    0     0    0   0
C10     0              0    0    0     0    0    0     0    0   0
C11     0              0    0    0     0    0    0     0    0   1
C12     0              0    0    0     0    0    0     0    0   1
C13     0              0    0    0     0    0    0     0    0   0
C14     0              0    0    0     0    0    0     0    0   0
C15     0              0    0    0     0    0    0     0    0   1
C2      0              0    0    0     0    0    0     0    0   0
C3      8.10275e-07    0    0    0     0    0    0     0    0   0.999999
C4      0              0    0    0     0    0    0     0    0   0
C5      0              0    0    0     0    0    0     0    0   0
C6      0              0    0    0     0    0    0     0    0   0
C7      0              0    0    0     0    0    0     0    0   0
C8      0              0    0    0     0    0    0     0    0   0
C9      0              0    0    0     0    0    0     0    0   0
F16     0              0    0    0     0    0    0     0    0   0
F16_1    .             1    0    0     0    0    0     0    0   0
F16_2   0              .    0    0     0    0    0     0    0   0
F17     0              0    .    0     0    0    0     0    0   0
F17_1   0              0    0    .     0    0    0     0    0   0
F17_2   0              0    0    0     .    0    0     0    0   0
F18     0              0    0    0     0    .    0     0    0   0
F18_1   0              0    0    0     0    0    .     0    0   0
F18_2   0              0    0    0     0    0    1     .    0   0
N0      0.999999       0    0    0     0    0    0     1    .   0
Nσ      0              0    0    0     0    0    0     0    0    .
;

xplun [*,*]
# $18 = F16_2
:      C1 C10 C11 C12 C13 C14 C15  C2  C3  C4  C5  C6  C7  C8  C9 F16 F16_1 $18 :=
C1      .   0   0   0   0   0   0   0   0   0   0   0   0   0   0   0    0    0
C10     0   .   0   0   0   0   0   0   0   0   0   0   0   0   0   0    0    0
C11     0   0   .   0   0   0   0   0   0   0   0   0   0   0   0   0    0    0
C12     0   0   0   .   0   0   0   0   0   0   0   0   0   0   0   0    0    0
C13     0   0   0   0   .   0   0   0   0   0   0   0   0   0   0   0    0    0
C14     0   0   0   0   0   .   0   0   0   0   0   0   0   0   0   0    0    0
C15     0   0   0   0   0   0   .   0   0   0   0   0   0   0   0   0    0    0
C2      0   0   0   0   0   0   0   .   0   0   0   0   0   0   0   0    0    0
C3      0   0   0   0   0   0   0   0   .   0   0   0   0   0   0   0    0    0
C4      0   0   0   0   0   0   0   0   0   .   0   0   0   0   0   0    0    0
C5      0   0   0   0   0   0   0   0   0   0   .   0   0   0   0   0    0    0
C6      0   0   0   0   0   0   0   0   0   0   0   .   0   0   0   0    0    0
C7      0   0   0   0   0   0   0   0   0   0   0   0   .   0   0   0    0    0
C8      0   0   0   0   0   0   0   0   0   0   0   0   0   .   0   0    0    0
C9      0   0   0   0   0   0   0   0   0   0   0   0   0   0   .   0    0    0
F16     0   0   0   0   0   0   0   0   0   0   0   0   0   0   0   .    0    0
F16_1   0   0   0   0   0   0   0   0   0   0   0   0   0   0   0   0    .    0
F16_2   0   0   0   0   0   0   0   0   0   0   0   0   0   0   0   0    0    .
F17     0   0   0   0   0   0   0   0   0   0   0   0   0   0   0   0    0    0
F17_1   0   0   0   0   0   0   0   0   0   0   0   0   0   0   0   0    0    0
F17_2   0   0   0   0   0   0   0   0   0   0   0   0   0   0   0   0    0    0
F18     0   0   0   0   0   0   0   0   0   0   0   0   0   0   0   0    0    0
F18_1   0   0   0   0   0   0   0   0   0   0   0   0   0   0   0   0    0    0
F18_2   0   0   0   0   0   0   0   0   0   0   0   0   0   0   0   0    0    0

:     F17 F17_1 F17_2 F18 F18_1 F18_2    :=
C1      0    0     0    0    0     0
C10     0    0     0    0    0     0
C11     0    0     0    0    0     0
C12     0    0     0    0    0     0
C13     0    0     0    0    0     0
C14     0    0     0    0    0     0
C15     0    0     0    0    0     0
C2      0    0     0    0    0     0
C3      0    0     0    0    0     0
C4      0    0     0    0    0     0
C5      0    0     0    0    0     0
C6      0    0     0    0    0     0
C7      0    0     0    0    0     0
C8      0    0     0    0    0     0
C9      0    0     0    0    0     0
F16     0    0     0    0    0     0
F16_1   0    0     0    0    0     0
F16_2   0    0     0    0    0     0
F17     .    0     0    0    0     0
F17_1   0    .     0    0    0     0
F17_2   0    0     .    0    0     0
F18     0    0     0    .    0     0
F18_1   0    0     0    0    .     0
F18_2   0    0     0    0    0     .
;

sum{i in F, j in V: i != j} xplun[i,j] = 0

sum{i in Vplun, j in Vplun: i != j} d[i,j]*xplun[i,j] = 0

sum{i in D0, j in Vplun} x[i,j] = 4

sum{i in Vall, j in Vall: i != j} x[i,j]*t[i,j] = 282.004

sum{i in F} c[i]*R[i] = 0

sum{i in F, j in Vplunend: i != j} b[i]*x[i,j] = 1

y [*] :=
   C1 32.0989     C15 18.0278      C7 63.1487     F17  0           N0 77.75
  C10 21.9381      C2 29.4608      C8 25.0989   F17_1  0           Nσ  0
  C11 16.5529      C3 25.8552      C9 30.0989   F17_2  0
  C12 18.6815      C4 25.9616     F16  0          F18  0
  C13 65.667       C5 24.9381   F16_1 77.75     F18_1  0
  C14 36.4608      C6 55.8686   F16_2 46.0614   F18_2  0
;

yplun [*] :=
   C1 0     C12 0     C15 0      C4 0      C7 0     F16 0     F17 0     F18 0
  C10 0     C13 0      C2 0      C5 0      C8 0   F16_1 0   F17_1 0   F18_1 0
  C11 0     C14 0      C3 0      C6 0      C9 0   F16_2 0   F17_2 0   F18_2 0
;

A [*] :=
   C1  377.77             C4  650               F17    0
  C10  716                C5  623             F17_1  484.331
  C11  811.385            C6  264             F17_2    0
  C12  890                C7   77               F18    0
  C13   54.1425           C8  695             F18_1   42.0595
  C14  578.394            C9  515             F18_2   42.0595
  C15  872               F16 1236                N0    0
   C2  675.394         F16_1    0.000715549      Nσ 1236
   C3  769             F16_2    0.000715549
;

Aplun [*] :=
   C1  523     C14  722      C5  848     F16    0   F17_2    0      Nσ    0
  C10  795     C15 1127      C6  354   F16_1    0     F18    0
  C11  907      C2  909      C7  100   F16_2    0   F18_1    0
  C12  989      C3  956      C8  816     F17    0   F18_2    0
  C13  334      C4  740      C9  718   F17_1    0      N0    0
;

u [*] :=
   C1  40     C14  40      C5  30     F16 200   F17_2   0      Nσ   0
  C10  20     C15  10      C6  50   F16_1 200     F18   0
  C11  10      C2  20      C7  60   F16_2  20   F18_1  60
  C12  10      C3  10      C8  20     F17   0   F18_2  60
  C13  60      C4  20      C9  30   F17_1 200      N0 200
;

w [*] :=
   C1 0     C13 0      C3 0      C7 0   F16_1 0   F17_2 0      N0 0
  C10 0     C14 0      C4 0      C8 0   F16_2 0     F18 0      Nσ 0
  C11 0     C15 0      C5 0      C9 0     F17 0   F18_1 0
  C12 0      C2 0      C6 0     F16 0   F17_1 0   F18_2 0
;

b [*] :=
  F16  1
F16_1  0
F16_2  0
  F17  0
F17_1  0
F17_2  0
  F18  0
F18_1  1
F18_2  0
;

c [*] :=
  F16  0
F16_1  1
F16_2  1
  F17  1
F17_1  1
F17_2  1
  F18  1
F18_1  0
F18_2  1
;

R [*] :=
  F16  0
F16_1  0
F16_2  0
  F17  0
F17_1  0
F17_2  0
  F18  0
F18_1  0
F18_2  0
;

Y [*] :=
  F16  77.75
F16_1  77.75
F16_2  46.0614
  F17   0
F17_1   0
F17_2   0
  F18   0
F18_1  77.75
F18_2   0
;

