MIP Gap (%):  76.6395511623777
_solve_elapsed_time = 28812.3

TotalCost = 10845.7

x [*,*]
# $18 = F16_2
:      C1 C10 C11 C12 C13 C14 C15  C2  C3  C4  C5  C6  C7  C8  C9 F16 F16_1 $18 :=
C1      .   0   0   0   0   0   0   0   0   0   0   0   0   0   0   0    0    0
C10     0   .   0   0   0   0   0   0   0   0   0   0   0   0   0   0    0    0
C11     0   1   .   0   0   0   0   0   0   0   0   0   0   0   0   0    0    0
C12     0   0   0   .   0   0   0   0   0   0   0   1   0   0   0   0    0    0
C13     0   0   0   0   .   0   0   0   0   0   1   0   0   0   0   0    0    0
C14     1   0   0   0   0   .   0   0   0   0   0   0   0   0   0   0    0    0
C15     0   0   0   0   0   0   .   0   0   0   0   0   0   0   0   0    0    0
C2      0   0   0   0   0   0   0   .   0   0   0   0   0   0   0   0    0    0
C3      0   0   0   0   0   0   0   0   .   0   0   0   0   0   1   0    0    0
C4      0   0   0   0   0   0   0   0   0   .   0   0   0   0   0   0    0    0
C5      0   0   0   0   0   0   0   0   0   0   .   0   0   1   0   0    0    0
C6      0   0   0   0   0   0   0   0   0   0   0   .   0   0   0   0    1    0
C7      0   0   0   0   0   0   0   0   0   0   0   0   .   0   0   0    0    0
C8      0   0   0   0   0   0   0   0   0   0   0   0   0   .   0   0    0    0
C9      0   0   0   0   0   0   0   0   0   0   0   0   0   0   .   0    0    0
F16     0   0   0   0   0   0   0   0   0   0   0   0   0   0   0   .    0    0
F16_1   0   0   0   0   0   0   0   0   0   0   0   0   0   0   0   0    .    0
F16_2   0   0   0   0   0   0   0   0   0   0   0   0   0   0   0   0    0    .
F17     0   0   0   0   0   0   0   0   0   0   0   0   0   0   0   0    0    0
F17_1   0   0   0   0   0   0   0   0   0   0   0   0   0   0   0   0    0    0
F17_2   0   0   0   0   0   0   0   0   0   0   0   0   0   0   0   0    0    0
F18     0   0   0   0   0   0   0   0   0   0   0   0   0   0   0   0    0    0
F18_1   0   0   0   0   0   0   0   0   0   0   0   0   0   0   0   0    0    0
F18_2   0   0   0   0   0   0   0   0   0   0   0   0   0   0   0   0    0    0
F19     0   0   0   0   0   0   0   1   0   0   0   0   0   0   0   0    0    0
F19_1   0   0   0   0   0   0   0   0   0   0   0   0   0   0   0   0    0    0
F19_2   0   0   0   0   0   0   0   0   0   0   0   0   0   0   0   0    0    0
F20     0   0   0   0   0   0   0   0   0   0   0   0   0   0   0   0    0    0
F20_1   0   0   0   0   0   0   0   0   0   0   0   0   0   0   0   1    0    0
F20_2   0   0   0   0   0   0   0   0   0   0   0   0   0   0   0   0    0    0
F21     0   0   0   0   0   0   0   0   0   0   0   0   0   0   0   0    0    0
F21_1   0   0   0   1   0   0   0   0   0   0   0   0   0   0   0   0    0    0
F21_2   0   0   0   0   0   0   0   0   0   0   0   0   0   0   0   0    0    0
F22     0   0   0   0   0   0   0   0   0   0   0   0   0   0   0   0    0    0
F22_1   0   0   0   0   0   0   0   0   0   0   0   0   0   0   0   0    0    0
F22_2   0   0   0   0   0   0   0   0   0   0   0   0   0   0   0   0    0    0
F23     0   0   0   0   0   0   0   0   0   0   0   0   0   0   0   0    0    0
F23_1   0   0   0   0   0   0   0   0   0   0   0   0   0   0   0   0    0    0
F23_2   0   0   0   0   0   0   0   0   0   0   0   0   0   0   0   0    0    0
N0      0   0   1   0   1   1   1   0   1   1   0   0   1   0   0   0    0    0
Nσ      0   0   0   0   0   0   0   0   0   0   0   0   0   0   0   0    0    0

# $2 = F17_1
# $3 = F17_2
# $5 = F18_1
# $6 = F18_2
# $8 = F19_1
# $9 = F19_2
# $12 = F20_2
# $14 = F21_1
# $15 = F21_2
:     F17  $2  $3 F18  $5  $6 F19  $8  $9 F20     F20_1    $12 F21 $14 $15 F22 :=
C1      0   0   0   0   0   0   0   0   0   0   0            0   1   0   0   0
C10     0   0   0   0   0   0   0   0   0   0   0            0   0   0   0   0
C11     0   0   0   0   0   0   0   0   0   0   0            0   0   0   0   0
C12     0   0   0   0   0   0   0   0   0   0   0            0   0   0   0   0
C13     0   0   0   0   0   0   0   0   0   0   0            0   0   0   0   0
C14     0   0   0   0   0   0   0   0   0   0   0            0   0   0   0   0
C15     0   0   0   0   0   0   0   0   0   0   0            0   0   0   0   0
C2      0   0   0   0   0   0   0   0   0   0   0            0   0   0   0   0
C3      0   0   0   0   0   0   0   0   0   0   0            0   0   0   0   0
C4      0   0   0   0   0   0   0   0   0   0   0            0   0   0   0   0
C5      0   0   0   0   0   0   0   0   0   0   0            0   0   0   0   0
C6      0   0   0   0   0   0   0   0   0   0   0            0   0   0   0   0
C7      0   0   0   0   0   0   0   0   0   0   0            0   0   0   0   0
C8      0   0   0   0   0   0   0   0   0   0   0            0   0   0   0   0
C9      0   0   0   0   0   0   0   0   0   0   1            0   0   0   0   0
F16     0   0   0   0   0   0   0   0   0   0   0            0   0   0   0   0
F16_1   0   0   0   0   0   0   0   0   0   0   0            0   0   0   0   0
F16_2   0   0   0   0   0   0   0   0   0   0   0            0   0   0   0   0
F17     .   0   0   0   0   0   0   0   0   0   0            0   0   0   0   0
F17_1   0   .   0   0   0   0   0   0   0   0   0            0   0   0   0   0
F17_2   0   0   .   0   0   0   0   0   0   0   0            0   0   0   0   0
F18     0   0   0   .   0   0   0   0   0   0   0            0   0   0   0   0
F18_1   0   0   0   0   .   0   0   0   0   0   0            0   0   0   0   0
F18_2   0   0   0   0   0   .   0   0   0   0   0            0   0   0   0   0
F19     0   0   0   0   0   0   .   0   0   0   0            0   0   0   0   0
F19_1   0   0   0   0   0   0   1   .   0   0   0            0   0   0   0   0
F19_2   0   0   0   0   0   0   0   1   .   0   0            0   0   0   0   0
F20     0   0   0   0   0   0   0   0   0   .   0            0   0   0   0   0
F20_1   0   0   0   0   0   0   0   0   0   0    .           0   0   0   0   0
F20_2   0   0   0   0   0   0   0   0   0   0   3.9097e-07   .   0   0   0   0
F21     0   0   0   0   0   0   0   0   0   0   0            0   .   1   0   0
F21_1   0   0   0   0   0   0   0   0   0   0   0            0   0   .   0   0
F21_2   0   0   0   0   0   0   0   0   0   0   0            0   0   0   .   0
F22     0   0   0   0   0   0   0   0   0   0   0            0   0   0   0   .
F22_1   0   0   0   0   0   0   0   0   0   0   0            0   0   0   0   0
F22_2   0   0   0   0   0   0   0   0   0   0   0            0   0   0   0   0
F23     0   0   0   0   0   0   0   0   0   0   0            0   0   0   0   0
F23_1   0   0   0   0   0   0   0   0   0   0   0            0   0   0   0   0
F23_2   0   0   0   0   0   0   0   0   0   0   0            0   0   0   0   0
N0      0   0   0   0   0   0   0   0   1   0   0            0   0   0   0   0
Nσ      0   0   0   0   0   0   0   0   0   0   0            0   0   0   0   0

:     F22_1 F22_2 F23 F23_1 F23_2  N0  Nσ    :=
C1       0     0    0    0     0    0   0
C10      0     0    0    0     0    0   1
C11      0     0    0    0     0    0   0
C12      0     0    0    0     0    0   0
C13      0     0    0    0     0    0   0
C14      0     0    0    0     0    0   0
C15      0     0    0    0     0    0   1
C2       0     0    0    0     0    0   1
C3       0     0    0    0     0    0   0
C4       0     0    0    0     0    0   1
C5       0     0    0    0     0    0   0
C6       0     0    0    0     0    0   0
C7       0     0    0    0     0    0   1
C8       0     0    0    0     0    0   1
C9       0     0    0    0     0    0   0
F16      0     0    0    0     0    0   1
F16_1    0     0    0    0     0    0   1
F16_2    0     0    0    0     0    0   0
F17      0     0    0    0     0    0   0
F17_1    0     0    0    0     0    0   0
F17_2    0     0    0    0     0    0   0
F18      0     0    0    0     0    0   0
F18_1    0     0    0    0     0    0   0
F18_2    0     0    0    0     0    0   0
F19      0     0    0    0     0    0   0
F19_1    0     0    0    0     0    0   0
F19_2    0     0    0    0     0    0   0
F20      0     0    0    0     0    0   0
F20_1    0     0    0    0     0    0   0
F20_2    0     0    0    0     0    0   0
F21      0     0    0    0     0    0   0
F21_1    0     0    0    0     0    0   0
F21_2    0     0    0    0     0    0   0
F22      0     0    0    0     0    0   0
F22_1    .     0    0    0     0    0   0
F22_2    0     .    0    0     0    0   0
F23      0     0    .    0     0    0   0
F23_1    0     0    0    .     0    0   0
F23_2    0     0    0    0     .    0   0
N0       0     0    0    0     0    .   0
Nσ       0     0    0    0     0    0   .
;

xplun [*,*]
# $18 = F16_2
:      C1 C10 C11 C12 C13 C14 C15  C2  C3  C4  C5  C6  C7  C8  C9 F16 F16_1 $18 :=
C1      .   0   0   0   0   0   0   0   0   0   0   0   0   0   0   0    0    0
C10     0   .   0   0   0   0   0   0   0   0   0   0   0   0   0   0    0    0
C11     0   0   .   0   0   0   0   0   0   0   0   0   0   0   0   0    0    0
C12     0   0   0   .   0   0   0   0   0   0   0   0   0   0   0   0    0    0
C13     0   0   0   0   .   0   0   0   0   0   0   0   0   0   0   0    0    0
C14     0   0   0   0   0   .   0   0   0   0   0   0   0   0   0   0    0    0
C15     0   0   0   0   0   0   .   0   0   0   0   0   0   0   0   0    0    0
C2      0   0   0   0   0   0   0   .   0   0   0   0   0   0   0   0    0    0
C3      0   0   0   0   0   0   0   0   .   0   0   0   0   0   0   0    0    0
C4      0   0   0   0   0   0   0   0   0   .   0   0   0   0   0   0    0    0
C5      0   0   0   0   0   0   0   0   0   0   .   0   0   0   0   0    0    0
C6      0   0   0   0   0   0   0   0   0   0   0   .   0   0   0   0    0    0
C7      0   0   0   0   0   0   0   0   0   0   0   0   .   0   0   0    0    0
C8      0   0   0   0   0   0   0   0   0   0   0   0   0   .   0   0    0    0
C9      0   0   0   0   0   0   0   0   0   0   0   0   0   0   .   0    0    0
F16     0   0   0   0   0   0   0   0   0   0   0   0   0   0   0   .    0    0
F16_1   0   0   0   0   0   0   0   0   0   0   0   0   0   0   0   0    .    0
F16_2   0   0   0   0   0   0   0   0   0   0   0   0   0   0   0   0    0    .
F17     0   0   0   0   0   0   0   0   0   0   0   0   0   0   0   0    0    0
F17_1   0   0   0   0   0   0   0   0   0   0   0   0   0   0   0   0    0    0
F17_2   0   0   0   0   0   0   0   0   0   0   0   0   0   0   0   0    0    0
F18     0   0   0   0   0   0   0   0   0   0   0   0   0   0   0   0    0    0
F18_1   0   0   0   0   0   0   0   0   0   0   0   0   0   0   0   0    0    0
F18_2   0   0   0   0   0   0   0   0   0   0   0   0   0   0   0   0    0    0
F19     0   0   0   0   0   0   0   0   0   0   0   0   0   0   0   0    0    0
F19_1   0   0   0   0   0   0   0   0   0   0   0   0   0   0   0   0    0    0
F19_2   0   0   0   0   0   0   0   0   0   0   0   0   0   0   0   0    0    0
F20     0   0   0   0   0   0   0   0   0   0   0   0   0   0   0   0    0    0
F20_1   0   0   0   0   0   0   0   0   0   0   0   0   0   0   0   0    0    0
F20_2   0   0   0   0   0   0   0   0   0   0   0   0   0   0   0   0    0    0
F21     0   0   0   0   0   0   0   0   0   0   0   0   0   0   0   0    0    0
F21_1   0   0   0   0   0   0   0   0   0   0   0   0   0   0   0   0    0    0
F21_2   0   0   0   0   0   0   0   0   0   0   0   0   0   0   0   0    0    0
F22     0   0   0   0   0   0   0   0   0   0   0   0   0   0   0   0    0    0
F22_1   0   0   0   0   0   0   0   0   0   0   0   0   0   0   0   0    0    0
F22_2   0   0   0   0   0   0   0   0   0   0   0   0   0   0   0   0    0    0
F23     0   0   0   0   0   0   0   0   0   0   0   0   0   0   0   0    0    0
F23_1   0   0   0   0   0   0   0   0   0   0   0   0   0   0   0   0    0    0
F23_2   0   0   0   0   0   0   0   0   0   0   0   0   0   0   0   0    0    0

# $3 = F17_2
# $5 = F18_1
# $6 = F18_2
# $8 = F19_1
# $9 = F19_2
# $11 = F20_1
# $12 = F20_2
# $14 = F21_1
# $15 = F21_2
# $17 = F22_1
# $18 = F22_2
:     F17 F17_1  $3 F18  $5  $6 F19  $8  $9 F20 $11 $12 F21 $14 $15 F22 $17 $18 :=
C1      0    0    0   0   0   0   0   0   0   0   0   0   0   0   0   0   0   0
C10     0    0    0   0   0   0   0   0   0   0   0   0   0   0   0   0   0   0
C11     0    0    0   0   0   0   0   0   0   0   0   0   0   0   0   0   0   0
C12     0    0    0   0   0   0   0   0   0   0   0   0   0   0   0   0   0   0
C13     0    0    0   0   0   0   0   0   0   0   0   0   0   0   0   0   0   0
C14     0    0    0   0   0   0   0   0   0   0   0   0   0   0   0   0   0   0
C15     0    0    0   0   0   0   0   0   0   0   0   0   0   0   0   0   0   0
C2      0    0    0   0   0   0   0   0   0   0   0   0   0   0   0   0   0   0
C3      0    0    0   0   0   0   0   0   0   0   0   0   0   0   0   0   0   0
C4      0    0    0   0   0   0   0   0   0   0   0   0   0   0   0   0   0   0
C5      0    0    0   0   0   0   0   0   0   0   0   0   0   0   0   0   0   0
C6      0    0    0   0   0   0   0   0   0   0   0   0   0   0   0   0   0   0
C7      0    0    0   0   0   0   0   0   0   0   0   0   0   0   0   0   0   0
C8      0    0    0   0   0   0   0   0   0   0   0   0   0   0   0   0   0   0
C9      0    0    0   0   0   0   0   0   0   0   0   0   0   0   0   0   0   0
F16     0    0    0   0   0   0   0   0   0   0   0   0   0   0   0   0   0   0
F16_1   0    0    0   0   0   0   0   0   0   0   0   0   0   0   0   0   0   0
F16_2   0    0    0   0   0   0   0   0   0   0   0   0   0   0   0   0   0   0
F17     .    0    0   0   0   0   0   0   0   0   0   0   0   0   0   0   0   0
F17_1   0    .    0   0   0   0   0   0   0   0   0   0   0   0   0   0   0   0
F17_2   0    0    .   0   0   0   0   0   0   0   0   0   0   0   0   0   0   0
F18     0    0    0   .   0   0   0   0   0   0   0   0   0   0   0   0   0   0
F18_1   0    0    0   0   .   0   0   0   0   0   0   0   0   0   0   0   0   0
F18_2   0    0    0   0   0   .   0   0   0   0   0   0   0   0   0   0   0   0
F19     0    0    0   0   0   0   .   0   0   0   0   0   0   0   0   0   0   0
F19_1   0    0    0   0   0   0   0   .   0   0   0   0   0   0   0   0   0   0
F19_2   0    0    0   0   0   0   0   0   .   0   0   0   0   0   0   0   0   0
F20     0    0    0   0   0   0   0   0   0   .   0   0   0   0   0   0   0   0
F20_1   0    0    0   0   0   0   0   0   0   0   .   0   0   0   0   0   0   0
F20_2   0    0    0   0   0   0   0   0   0   0   0   .   0   0   0   0   0   0
F21     0    0    0   0   0   0   0   0   0   0   0   0   .   0   0   0   0   0
F21_1   0    0    0   0   0   0   0   0   0   0   0   0   0   .   0   0   0   0
F21_2   0    0    0   0   0   0   0   0   0   0   0   0   0   0   .   0   0   0
F22     0    0    0   0   0   0   0   0   0   0   0   0   0   0   0   .   0   0
F22_1   0    0    0   0   0   0   0   0   0   0   0   0   0   0   0   0   .   0
F22_2   0    0    0   0   0   0   0   0   0   0   0   0   0   0   0   0   0   .
F23     0    0    0   0   0   0   0   0   0   0   0   0   0   0   0   0   0   0
F23_1   0    0    0   0   0   0   0   0   0   0   0   0   0   0   0   0   0   0
F23_2   0    0    0   0   0   0   0   0   0   0   0   0   0   0   0   0   0   0

:     F23 F23_1 F23_2    :=
C1      0    0     0
C10     0    0     0
C11     0    0     0
C12     0    0     0
C13     0    0     0
C14     0    0     0
C15     0    0     0
C2      0    0     0
C3      0    0     0
C4      0    0     0
C5      0    0     0
C6      0    0     0
C7      0    0     0
C8      0    0     0
C9      0    0     0
F16     0    0     0
F16_1   0    0     0
F16_2   0    0     0
F17     0    0     0
F17_1   0    0     0
F17_2   0    0     0
F18     0    0     0
F18_1   0    0     0
F18_2   0    0     0
F19     0    0     0
F19_1   0    0     0
F19_2   0    0     0
F20     0    0     0
F20_1   0    0     0
F20_2   0    0     0
F21     0    0     0
F21_1   0    0     0
F21_2   0    0     0
F22     0    0     0
F22_1   0    0     0
F22_2   0    0     0
F23     .    0     0
F23_1   0    .     0
F23_2   0    0     .
;

sum{i in F, j in V: i != j} xplun[i,j] = 0

sum{i in Vplun, j in Vplun: i != j} d[i,j]*xplun[i,j] = 0

sum{i in D0, j in Vplun} x[i,j] = 8

sum{i in Vall, j in Vall: i != j} x[i,j]*t[i,j] = 462.538

sum{i in F} c[i]*R[i] = 46.2028

sum{i in F, j in Vplunend: i != j} b[i]*x[i,j] = 0

y [*] :=
   C1 18.1777       C6 17.8045    F18_1  0           F22  0
  C10 15.2315       C7 32.8451    F18_2  0         F22_1  0
  C11 23.2938       C8 27.8029      F19 30.6133    F22_2  0
  C12 25.6147       C9 23.4129    F19_1 30.6133      F23  0
  C13 44.9825      F16  0         F19_2 30.6133    F23_1  0
  C14 45.7639    F16_1  0           F20  0         F23_2  0
  C15 21.095     F16_2 60.63      F20_1  7.79242      N0 60.63
   C2 33.541       F17  0         F20_2  0            Nσ  0
   C3 31.4752    F17_1  0           F21  3.8599
   C4 18         F17_2  0         F21_1  3.8599
   C5 35.083       F18  0         F21_2  0
;

yplun [*] :=
   C1 0     C14 0      C5 0     F16 0   F17_2 0   F19_1 0     F21 0   F22_2 0
  C10 0     C15 0      C6 0   F16_1 0     F18 0   F19_2 0   F21_1 0     F23 0
  C11 0      C2 0      C7 0   F16_2 0   F18_1 0     F20 0   F21_2 0   F23_1 0
  C12 0      C3 0      C8 0     F17 0   F18_2 0   F20_1 0     F22 0   F23_2 0
  C13 0      C4 0      C9 0   F17_1 0     F19 0   F20_2 0   F22_1 0
;

A [*] :=
   C1  83           C6 202        F18_1 230          F22 230
  C10 204           C7  57.089    F18_2 230        F22_1 230
  C11 185.938       C8 192          F19  30.0167   F22_2 140.874
  C12 184.19        C9 157        F19_1  30.0167     F23 230
  C13 154.82       F16 230        F19_2  30.0167   F23_1 230
  C14  45.4138   F16_1 229.804      F20 230        F23_2 230
  C15 192        F16_2 203.584    F20_1 189.117       N0   0
   C2  67          F17 173.126    F20_2 136.511       Nσ 230
   C3  42        F17_1 173.126      F21 107.318
   C4 202        F17_2 173.126    F21_1 142.026
   C5 174.72       F18 230        F21_2 230
;

Aplun [*] :=
   C1  93      C2  77      C9 167     F18   0   F20_1   0   F22_2   0
  C10 214      C3  42     F16   0   F18_1   0   F20_2   0     F23   0
  C11 192      C4 212   F16_1   0   F18_2   0     F21   0   F23_1   0
  C12 204      C5 208   F16_2   0     F19   0   F21_1   0   F23_2   0
  C13 218      C6 212     F17   0   F19_1   0   F21_2   0      N0   0
  C14 215      C7 202   F17_1   0   F19_2   0     F22   0      Nσ   0
  C15 192      C8 202   F17_2   0     F20   0   F22_1   0
;

u [*] :=
   C1 180      C2  12      C9 184     F18 200   F20_1 182   F22_2 200
  C10 135      C3 200     F16 182   F18_1 200   F20_2 182     F23 200
  C11 140      C4 135   F16_1 135   F18_2 200     F21 164   F23_1 200
  C12 164      C5 191   F16_2 135     F19  12   F21_1 164   F23_2 200
  C13 200      C6 163     F17 163   F19_1  12   F21_2 182      N0 200
  C14 200      C7 153   F17_1 163   F19_2  12     F22 200      Nσ   0
  C15 200      C8 186   F17_2 163     F20 182   F22_1 200
;

w [*] :=
   C1 0     C15 0      C7 0     F17 0     F19 0     F21 0     F23 0
  C10 0      C2 0      C8 0   F17_1 0   F19_1 0   F21_1 0   F23_1 0
  C11 0      C3 0      C9 0   F17_2 0   F19_2 0   F21_2 0   F23_2 0
  C12 0      C4 0     F16 0     F18 0     F20 0     F22 0      N0 0
  C13 0      C5 0   F16_1 0   F18_1 0   F20_1 0   F22_1 0      Nσ 0
  C14 0      C6 0   F16_2 0   F18_2 0   F20_2 0   F22_2 0
;

b [*] :=
  F16 0     F17 0     F18 0     F19 0     F20 1     F21 0     F22 0     F23 0
F16_1 0   F17_1 0   F18_1 0   F19_1 0   F20_1 0   F21_1 0   F22_1 0   F23_1 0
F16_2 0   F17_2 0   F18_2 0   F19_2 0   F20_2 0   F21_2 0   F22_2 0   F23_2 0
;

c [*] :=
  F16 1     F17 1     F18 1     F19 1     F20 0     F21 1     F22 1     F23 1
F16_1 1   F17_1 1   F18_1 1   F19_1 1   F20_1 1   F21_1 1   F22_1 1   F23_1 1
F16_2 1   F17_2 1   F18_2 1   F19_2 1   F20_2 1   F21_2 1   F22_2 1   F23_2 1
;

R [*] :=
  F16  0        F17_2  0        F19_1  0          F21  0        F22_2  0
F16_1  0          F18  0        F19_2  0        F21_1 25.8779     F23  0
F16_2  0        F18_1  0          F20  0        F21_2  0        F23_1  0
  F17  0        F18_2  0        F20_1 13.3972     F22  0        F23_2  0
F17_1  0          F19  6.9277   F20_2  0        F22_1  0
;

Y [*] :=
  F16  0        F17_2  0        F19_1 30.6133     F21  3.8599   F22_2  0
F16_1  0          F18  0        F19_2 30.6133   F21_1 29.7378     F23  0
F16_2 60.63     F18_1  0          F20 60.63     F21_2  0        F23_1  0
  F17  0        F18_2  0        F20_1 21.1896     F22  0        F23_2  0
F17_1  0          F19 37.541    F20_2  0        F22_1  0
;

