MIP Gap (%):  64.9420218233199
_solve_elapsed_time = 28804.4

TotalCost = 10421.1

x [*,*]
:      C1 C10 C11 C12       C13     C14 C15  C2  C3  C4  C5  C6  C7  C8  C9 F16 :=
C1      .   0   0   0   0             0   0   0   0   0   0   0   1   0   0   0
C10     0   .   1   0   0             0   0   0   0   0   0   0   0   0   0   0
C11     0   0   .   0   0             0   0   0   0   0   0   0   0   0   0   0
C12     0   0   0   .   0             0   0   0   0   0   0   0   0   0   0   0
C13     0   0   0   0    .            0   0   0   1   0   0   0   0   0   0   0
C14     0   0   0   0   0             .   0   0   0   0   1   0   0   0   0   0
C15     0   0   0   0   0             0   .   0   0   0   0   0   0   0   0   0
C2      0   0   0   0   0             0   0   .   0   0   0   0   0   0   0   0
C3      0   0   0   0   0             0   0   0   .   0   0   0   0   0   0   0
C4      0   0   0   0   0             0   0   0   0   .   0   0   0   0   1   0
C5      0   0   0   0   0             0   0   0   0   0   .   0   0   0   0   0
C6      0   0   0   0   0             0   0   0   0   0   0   .   0   0   0   0
C7      0   0   0   0   0             0   0   0   0   0   0   0   .   0   0   0
C8      0   0   0   0   0             0   1   0   0   0   0   0   0   .   0   0
C9      0   0   0   0   0             0   0   0   0   0   0   0   0   0   .   0
F16     0   0   0   0   0             0   0   0   0   0   0   0   0   0   0   .
F16_1   0   0   0   0   0             0   0   0   0   0   0   0   0   0   0   0
F16_2   0   0   0   0   0             0   0   1   0   0   0   0   0   0   0   0
F17     0   0   0   0   0             0   0   0   0   0   0   0   0   0   0   0
F17_1   0   0   0   0   0             0   0   0   0   0   0   0   0   0   0   0
F17_2   0   0   0   0   0             0   0   0   0   0   0   0   0   0   0   0
F18     0   0   0   0   0.999998      0   0   0   0   0   0   0   0   0   0   0
F18_1   0   0   0   0   1.74213e-06   0   0   0   0   0   0   0   0   0   0   0
F18_2   0   0   0   0   0             0   0   0   0   0   0   0   0   0   0   0
F19     0   0   0   0   0             0   0   0   0   0   0   0   0   0   0   0
F19_1   0   0   0   0   0             0   0   0   0   0   0   0   0   0   0   0
F19_2   0   0   0   0   0             0   0   0   0   0   0   0   0   0   0   0
F20     1   0   0   0   0             0   0   0   0   0   0   0   0   0   0   0
F20_1   0   0   0   0   0             0   0   0   0   0   0   0   0   0   0   0
F20_2   0   0   0   0   0             0   0   0   0   0   0   0   0   0   0   0
F21     0   0   0   0   0             0   0   0   0   0   0   0   0   0   0   0
F21_1   0   0   0   0   0             0   0   0   0   0   0   0   0   0   0   0
F21_2   0   0   0   0   0             0   0   0   0   0   0   0   0   0   0   0
N0      0   1   0   1   0             1   0   0   0   1   0   1   0   1   0   0
Nσ      0   0   0   0   0             0   0   0   0   0   0   0   0   0   0   0

# $1 = F16_1
# $2 = F16_2
# $4 = F17_1
# $5 = F17_2
# $8 = F18_2
# $10 = F19_1
# $11 = F19_2
# $13 = F20_1
# $14 = F20_2
# $16 = F21_1
:      $1  $2 F17  $4  $5 F18      F18_1     $8 F19 $10 $11 F20 $13 $14 F21 $16 :=
C1      0   0   0   0   0   0   0             0   0   0   0   0   0   0   0   0
C10     0   0   0   0   0   0   0             0   0   0   0   0   0   0   0   0
C11     0   0   0   0   0   0   0             0   0   0   0   0   0   0   0   0
C12     0   0   0   0   0   0   0             0   0   0   0   0   0   0   0   0
C13     0   0   0   0   0   0   0             0   0   0   0   0   0   0   0   0
C14     0   0   0   0   0   0   0             0   0   0   0   0   0   0   0   0
C15     0   0   0   0   0   0   0             0   0   1   0   0   0   0   0   0
C2      0   0   0   0   0   0   0             0   0   0   0   0   0   0   0   0
C3      0   0   0   0   0   0   0             0   0   0   0   0   0   0   0   0
C4      0   0   0   0   0   0   0             0   0   0   0   0   0   0   0   0
C5      0   0   0   0   0   0   0             0   0   0   0   0   0   0   0   0
C6      0   0   0   0   0   0   0             0   0   0   0   0   0   0   0   0
C7      0   0   0   0   0   0   0             0   0   0   0   0   0   0   0   0
C8      0   0   0   0   0   0   0             0   0   0   0   0   0   0   0   0
C9      0   0   0   0   0   0   0             0   0   0   0   0   0   0   0   0
F16     0   0   0   0   0   0   0             0   0   0   0   0   0   0   0   0
F16_1   .   0   0   0   0   0   0             0   0   0   0   0   0   0   0   0
F16_2   0   .   0   0   0   0   0             0   0   0   0   0   0   0   0   0
F17     0   0   .   0   0   0   0             0   0   0   0   0   0   0   0   0
F17_1   0   0   0   .   0   0   0             0   0   0   0   0   0   0   0   0
F17_2   0   0   0   0   .   0   0             0   0   0   0   0   0   0   0   0
F18     0   0   0   0   0   .   1.74338e-06   0   0   0   0   0   0   0   0   0
F18_1   0   0   0   0   0   0    .            0   0   0   0   0   0   0   0   0
F18_2   0   0   0   0   0   1   0             .   0   0   0   0   0   0   0   0
F19     0   0   0   0   0   0   0             0   .   0   0   0   0   0   0   0
F19_1   0   0   0   0   0   0   0             0   0   .   0   0   0   0   0   0
F19_2   0   0   0   0   0   0   0             0   0   0   .   0   0   0   0   0
F20     0   0   0   0   0   0   0             0   0   0   0   .   0   0   0   0
F20_1   0   0   0   0   0   0   0             0   0   0   0   1   .   0   0   0
F20_2   0   0   0   0   0   0   0             0   0   0   0   0   0   .   0   0
F21     0   0   0   0   0   0   0             0   0   0   0   0   0   0   .   0
F21_1   0   0   0   0   0   0   0             0   0   0   0   0   0   0   0   .
F21_2   0   0   0   0   0   0   0             0   0   0   0   0   0   0   0   1
N0      0   1   0   0   0   0   0             1   0   0   0   0   1   0   0   0
Nσ      0   0   0   0   0   0   0             0   0   0   0   0   0   0   0   0

:     F21_2  N0  Nσ    :=
C1       0    0   0
C10      0    0   0
C11      0    0   1
C12      0    0   1
C13      0    0   0
C14      0    0   0
C15      0    0   0
C2       0    0   1
C3       0    0   1
C4       0    0   0
C5       0    0   1
C6       1    0   0
C7       0    0   1
C8       0    0   0
C9       0    0   1
F16      0    0   0
F16_1    0    0   0
F16_2    0    0   0
F17      0    0   0
F17_1    0    0   0
F17_2    0    0   0
F18      0    0   0
F18_1    0    0   0
F18_2    0    0   0
F19      0    0   0
F19_1    0    0   1
F19_2    0    0   0
F20      0    0   0
F20_1    0    0   0
F20_2    0    0   0
F21      0    0   0
F21_1    0    0   1
F21_2    .    0   0
N0       0    .   0
Nσ       0    0   .
;

xplun [*,*]
# $18 = F16_2
:      C1 C10 C11 C12 C13 C14 C15  C2  C3  C4  C5  C6  C7  C8  C9 F16 F16_1 $18 :=
C1      .   0   0   0   0   0   0   0   0   0   0   0   0   0   0   0    0    0
C10     0   .   0   0   0   0   0   0   0   0   0   0   0   0   0   0    0    0
C11     0   0   .   0   0   0   0   0   0   0   0   0   0   0   0   0    0    0
C12     0   0   0   .   0   0   0   0   0   0   0   0   0   0   0   0    0    0
C13     0   0   0   0   .   0   0   0   0   0   0   0   0   0   0   0    0    0
C14     0   0   0   0   0   .   0   0   0   0   0   0   0   0   0   0    0    0
C15     0   0   0   0   0   0   .   0   0   0   0   0   0   0   0   0    0    0
C2      0   0   0   0   0   0   0   .   0   0   0   0   0   0   0   0    0    0
C3      0   0   0   0   0   0   0   0   .   0   0   0   0   0   0   0    0    0
C4      0   0   0   0   0   0   0   0   0   .   0   0   0   0   0   0    0    0
C5      0   0   0   0   0   0   0   0   0   0   .   0   0   0   0   0    0    0
C6      0   0   0   0   0   0   0   0   0   0   0   .   0   0   0   0    0    0
C7      0   0   0   0   0   0   0   0   0   0   0   0   .   0   0   0    0    0
C8      0   0   0   0   0   0   0   0   0   0   0   0   0   .   0   0    0    0
C9      0   0   0   0   0   0   0   0   0   0   0   0   0   0   .   0    0    0
F16     0   0   0   0   0   0   0   0   0   0   0   0   0   0   0   .    0    0
F16_1   0   0   0   0   0   0   0   0   0   0   0   0   0   0   0   0    .    0
F16_2   0   0   0   0   0   0   0   0   0   0   0   0   0   0   0   0    0    .
F17     0   0   0   0   0   0   0   0   0   0   0   0   0   0   0   0    0    0
F17_1   0   0   0   0   0   0   0   0   0   0   0   0   0   0   0   0    0    0
F17_2   0   0   0   0   0   0   0   0   0   0   0   0   0   0   0   0    0    0
F18     0   0   0   0   0   0   0   0   0   0   0   0   0   0   0   0    0    0
F18_1   0   0   0   0   0   0   0   0   0   0   0   0   0   0   0   0    0    0
F18_2   0   0   0   0   0   0   0   0   0   0   0   0   0   0   0   0    0    0
F19     0   0   0   0   0   0   0   0   0   0   0   0   0   0   0   0    0    0
F19_1   0   0   0   0   0   0   0   0   0   0   0   0   0   0   0   0    0    0
F19_2   0   0   0   0   0   0   0   0   0   0   0   0   0   0   0   0    0    0
F20     0   0   0   0   0   0   0   0   0   0   0   0   0   0   0   0    0    0
F20_1   0   0   0   0   0   0   0   0   0   0   0   0   0   0   0   0    0    0
F20_2   0   0   0   0   0   0   0   0   0   0   0   0   0   0   0   0    0    0
F21     0   0   0   0   0   0   0   0   0   0   0   0   0   0   0   0    0    0
F21_1   0   0   0   0   0   0   0   0   0   0   0   0   0   0   0   0    0    0
F21_2   0   0   0   0   0   0   0   0   0   0   0   0   0   0   0   0    0    0

# $12 = F20_2
# $14 = F21_1
# $15 = F21_2
:     F17 F17_1 F17_2 F18 F18_1 F18_2 F19 F19_1 F19_2 F20 F20_1 $12 F21 $14 $15 :=
C1      0    0     0    0    0     0    0    0     0    0    0    0   0   0   0
C10     0    0     0    0    0     0    0    0     0    0    0    0   0   0   0
C11     0    0     0    0    0     0    0    0     0    0    0    0   0   0   0
C12     0    0     0    0    0     0    0    0     0    0    0    0   0   0   0
C13     0    0     0    0    0     0    0    0     0    0    0    0   0   0   0
C14     0    0     0    0    0     0    0    0     0    0    0    0   0   0   0
C15     0    0     0    0    0     0    0    0     0    0    0    0   0   0   0
C2      0    0     0    0    0     0    0    0     0    0    0    0   0   0   0
C3      0    0     0    0    0     0    0    0     0    0    0    0   0   0   0
C4      0    0     0    0    0     0    0    0     0    0    0    0   0   0   0
C5      0    0     0    0    0     0    0    0     0    0    0    0   0   0   0
C6      0    0     0    0    0     0    0    0     0    0    0    0   0   0   0
C7      0    0     0    0    0     0    0    0     0    0    0    0   0   0   0
C8      0    0     0    0    0     0    0    0     0    0    0    0   0   0   0
C9      0    0     0    0    0     0    0    0     0    0    0    0   0   0   0
F16     0    0     0    0    0     0    0    0     0    0    0    0   0   0   0
F16_1   0    0     0    0    0     0    0    0     0    0    0    0   0   0   0
F16_2   0    0     0    0    0     0    0    0     0    0    0    0   0   0   0
F17     .    0     0    0    0     0    0    0     0    0    0    0   0   0   0
F17_1   0    .     0    0    0     0    0    0     0    0    0    0   0   0   0
F17_2   0    0     .    0    0     0    0    0     0    0    0    0   0   0   0
F18     0    0     0    .    0     0    0    0     0    0    0    0   0   0   0
F18_1   0    0     0    0    .     0    0    0     0    0    0    0   0   0   0
F18_2   0    0     0    0    0     .    0    0     0    0    0    0   0   0   0
F19     0    0     0    0    0     0    .    0     0    0    0    0   0   0   0
F19_1   0    0     0    0    0     0    0    .     0    0    0    0   0   0   0
F19_2   0    0     0    0    0     0    0    0     .    0    0    0   0   0   0
F20     0    0     0    0    0     0    0    0     0    .    0    0   0   0   0
F20_1   0    0     0    0    0     0    0    0     0    0    .    0   0   0   0
F20_2   0    0     0    0    0     0    0    0     0    0    0    .   0   0   0
F21     0    0     0    0    0     0    0    0     0    0    0    0   .   0   0
F21_1   0    0     0    0    0     0    0    0     0    0    0    0   0   .   0
F21_2   0    0     0    0    0     0    0    0     0    0    0    0   0   0   .
;

sum{i in F, j in V: i != j} xplun[i,j] = 0

sum{i in Vplun, j in Vplun: i != j} d[i,j]*xplun[i,j] = 0

sum{i in D0, j in Vplun} x[i,j] = 9

sum{i in Vall, j in Vall: i != j} x[i,j]*t[i,j] = 524.255

sum{i in F} c[i]*R[i] = 33.7855

sum{i in F, j in Vplunend: i != j} b[i]*x[i,j] = 0

y [*] :=
   C1 36.4863           C7 29.2062          F19  0
  C10 54.3054           C8 40.0145        F19_1 12.126
  C11 29.8329           C9 39.4645        F19_2  0
  C12 26.2488          F16  0               F20 28.381
  C13 32.2349        F16_1 60.63          F20_1 28.381
  C14 32.2412        F16_2 60.63          F20_2  0
  C15 30.0145          F17  5.7786          F21  0
   C2 23.1948        F17_1  5.7786        F21_1 25.6748
   C3 16.9706        F17_2  5.7786        F21_2 25.6748
   C4 48.4645          F18 39.2349           N0 60.63
   C5 23.0217        F18_1  6.88545e-05      Nσ  0
   C6 27.089         F18_2 32.452
;

yplun [*] :=
   C1 0     C14 0      C5 0     F16 0   F17_2 0   F19_1 0     F21 0
  C10 0     C15 0      C6 0   F16_1 0     F18 0   F19_2 0   F21_1 0
  C11 0      C2 0      C7 0   F16_2 0   F18_1 0     F20 0   F21_2 0
  C12 0      C3 0      C8 0     F17 0   F18_2 0   F20_1 0
  C13 0      C4 0      C9 0   F17_1 0     F19 0   F20_2 0
;

A [*] :=
   C1  88           C4  70          F17 140.874      F20  65.0391
  C10  49.4628      C5 111        F17_1 230        F20_1  65.0391
  C11  83           C6 156        F17_2 140.874    F20_2 230
  C12 115           C7 150          F18  38.1488     F21  97.3731
  C13 117           C8  54        F18_1  28.8211   F21_1 185.933
  C14  59           C9 198        F18_2  28.178    F21_2 167.414
  C15 147          F16 230          F19 140.874       N0   0
   C2  91        F16_1 205.871    F19_1 174.889       Nσ 230
   C3 144        F16_2  67.8052   F19_2 230
;

Aplun [*] :=
   C1 128     C15 187      C7 160     F17   0     F19   0     F21   0
  C10  69      C2 131      C8  64   F17_1   0   F19_1   0   F21_1   0
  C11 128      C3 154      C9 198   F17_2   0   F19_2   0   F21_2   0
  C12 128      C4  80     F16   0     F18   0     F20   0      N0   0
  C13 128      C5 128   F16_1   0   F18_1   0   F20_1   0      Nσ   0
  C14  69      C6 196   F16_2   0   F18_2   0   F20_2   0
;

u [*] :=
   C1 200     C15 174      C7 171     F17 200     F19 200     F21   0
  C10 200      C2 200      C8 200   F17_1 200   F19_1 172   F21_1   0
  C11   9      C3 184      C9  29   F17_2 200   F19_2 200   F21_2 194
  C12 200      C4 200     F16   0     F18 200     F20 200      N0 200
  C13 200      C5  41   F16_1 171   F18_1 200   F20_1 200      Nσ   0
  C14 200      C6 200   F16_2 200   F18_2 200   F20_2   0
;

w [*] :=
   C1 0     C14 0      C5 0     F16 0   F17_2 0   F19_1 0     F21 0
  C10 0     C15 0      C6 0   F16_1 0     F18 0   F19_2 0   F21_1 0
  C11 0      C2 0      C7 0   F16_2 0   F18_1 0     F20 0   F21_2 0
  C12 0      C3 0      C8 0     F17 0   F18_2 0   F20_1 0      N0 0
  C13 0      C4 0      C9 0   F17_1 0     F19 0   F20_2 0      Nσ 0
;

b [*] :=
  F16  0
F16_1  0
F16_2  0
  F17  0
F17_1  0
F17_2  0
  F18  0
F18_1  0
F18_2  0
  F19  0
F19_1  0
F19_2  0
  F20  0
F20_1  0
F20_2  0
  F21  0
F21_1  0
F21_2  0
;

c [*] :=
  F16  1
F16_1  1
F16_2  1
  F17  1
F17_1  1
F17_2  1
  F18  1
F18_1  1
F18_2  1
  F19  1
F19_1  1
F19_2  1
  F20  1
F20_1  1
F20_2  1
  F21  1
F21_1  1
F21_2  1
;

R [*] :=
  F16   0
F16_1   0
F16_2   0
  F17   0
F17_1   0
F17_2   0
  F18   0
F18_1   0
F18_2   6.78286
  F19   0
F19_1   6.979
F19_2   0
  F20  12.5774
F20_1   0
F20_2   0
  F21   0
F21_1   7.4462
F21_2   0
;

Y [*] :=
  F16   0
F16_1  60.63
F16_2  60.63
  F17   5.7786
F17_1   5.7786
F17_2   5.7786
  F18  39.2349
F18_1   6.88545e-05
F18_2  39.2349
  F19   0
F19_1  19.105
F19_2   0
  F20  40.9584
F20_1  28.381
F20_2   0
  F21   0
F21_1  33.121
F21_2  25.6748
;

