MIP Gap (%):  67.47388090398766
_solve_elapsed_time = 28837.5

TotalCost = 14591.7

x [*,*]
:      C1 C10 C11     C12    C13 C14 C15  C2  C3  C4  C5  C6  C7  C8  C9 F16 :=
C1      .   0   0   0          0   0   0   0   0   0   0   0   0   0   0   0
C10     0   .   0   0          0   0   0   0   0   0   0   0   0   1   0   0
C11     0   0   .   0          0   0   0   0   0   0   0   0   0   0   0   0
C12     0   0   0    .         0   0   0   0   1   0   0   0   0   0   0   0
C13     0   0   0   0          .   0   0   0   0   0   0   0   0   0   0   0
C14     0   0   0   0          1   .   0   0   0   0   0   0   0   0   0   0
C15     0   0   0   0          0   0   .   0   0   0   0   0   0   0   0   0
C2      0   0   1   0          0   0   0   .   0   0   0   0   0   0   0   0
C3      0   0   0   0          0   0   0   0   .   1   0   0   0   0   0   0
C4      0   0   0   0          0   0   0   0   0   .   0   0   0   0   0   0
C5      0   0   0   0          0   0   0   0   0   0   .   0   0   0   0   0
C6      1   0   0   0          0   0   0   0   0   0   0   .   0   0   0   0
C7      0   0   0   0          0   0   0   0   0   0   0   0   .   0   0   0
C8      0   0   0   0          0   0   0   0   0   0   0   0   0   .   1   0
C9      0   0   0   0          0   0   0   0   0   0   0   0   1   0   .   0
F16     0   0   0   0          0   0   0   0   0   0   0   0   0   0   0   .
F16_1   0   0   0   0          0   0   0   0   0   0   0   0   0   0   0   0
F16_2   0   0   0   0          0   0   0   0   0   0   0   0   0   0   0   0
F17     0   0   0   0          0   0   0   0   0   0   0   0   0   0   0   0
F17_1   0   0   0   0          0   0   0   0   0   0   0   0   0   0   0   0
F17_2   0   0   0   0.999999   0   0   0   0   0   0   0   0   0   0   0   0
F18     0   0   0   0          0   0   0   0   0   0   0   0   0   0   0   0
F18_1   0   0   0   0          0   0   0   0   0   0   0   0   0   0   0   0
F18_2   0   0   0   0          0   0   1   0   0   0   0   0   0   0   0   0
F19     0   0   0   0          0   0   0   0   0   0   0   0   0   0   0   0
F19_1   0   0   0   0          0   0   0   0   0   0   0   0   0   0   0   0
F19_2   0   0   0   0          0   0   0   0   0   0   0   0   0   0   0   0
F20     0   0   0   0          0   0   0   0   0   0   0   0   0   0   0   0
F20_1   0   0   0   0          0   0   0   0   0   0   0   0   0   0   0   0
F20_2   0   0   0   0          0   0   0   0   0   0   0   0   0   0   0   0
N0      0   1   0   0          0   1   0   1   0   0   1   1   0   0   0   0
Nσ      0   0   0   0          0   0   0   0   0   0   0   0   0   0   0   0

# $7 = F18_1
# $8 = F18_2
# $10 = F19_1
# $11 = F19_2
# $13 = F20_1
# $14 = F20_2
:     F16_1 F16_2 F17 F17_1    F17_2   F18  $7  $8 F19 $10 $11 F20 $13 $14  N0 :=
C1       0     0    0    0    0          0   0   0   0   0   0   0   0   0   0
C10      0     0    0    0    0          0   0   0   0   0   0   0   0   0   0
C11      0     0    0    0    0          0   0   0   0   0   0   0   0   0   0
C12      0     0    0    0    0          0   0   0   0   0   0   0   0   0   0
C13      0     0    0    0    0          0   0   0   0   0   0   1   0   0   0
C14      0     0    0    0    0          0   0   0   0   0   0   0   0   0   0
C15      0     0    0    0    0          0   0   0   0   0   0   0   0   0   0
C2       0     0    0    0    0          0   0   0   0   0   0   0   0   0   0
C3       0     0    0    0    0          0   0   0   0   0   0   0   0   0   0
C4       0     0    0    0    0          0   0   0   0   0   0   0   0   0   0
C5       0     0    0    0    0          0   0   0   0   0   0   0   0   0   0
C6       0     0    0    0    0          0   0   0   0   0   0   0   0   0   0
C7       0     0    0    0    0          0   0   1   0   0   0   0   0   0   0
C8       0     0    0    0    0          0   0   0   0   0   0   0   0   0   0
C9       0     0    0    0    0          0   0   0   0   0   0   0   0   0   0
F16      0     0    0    0    0          0   0   0   0   0   0   0   0   0   0
F16_1    .     0    0    0    0          0   0   0   0   0   0   0   0   0   0
F16_2    0     .    0    0    0          0   0   0   0   0   0   0   0   0   0
F17      0     0    .    0    0          0   0   0   0   0   0   0   0   0   0
F17_1    0     0    0    .    0          0   0   0   0   0   0   0   0   0   0
F17_2    0     0    0    0     .         0   0   0   0   0   0   0   0   0   0
F18      0     0    0    0    0          .   0   0   0   0   0   0   0   0   0
F18_1    0     0    0    0    0          0   .   0   0   0   0   0   0   0   0
F18_2    0     0    0    0    0          0   0   .   0   0   0   0   0   0   0
F19      0     0    0    0    0          0   0   0   .   0   0   0   0   0   0
F19_1    0     0    0    0    0          0   0   0   0   .   0   0   0   0   0
F19_2    0     0    0    0    0          0   0   0   0   0   .   0   0   0   0
F20      0     0    0    0    0          0   0   0   0   0   0   .   0   0   0
F20_1    0     0    0    0    0          0   0   0   0   0   0   0   .   0   0
F20_2    0     0    0    0    0          0   0   0   0   0   0   0   0   .   0
N0       0     0    0    0    0.999999   0   0   0   0   0   0   0   0   0   .
Nσ       0     0    0    0    0          0   0   0   0   0   0   0   0   0   0

:          Nσ       :=
C1      1
C10     0
C11     1
C12     0
C13     0
C14     0
C15     1
C2      0
C3      0
C4      1
C5      0.999999
C6      0
C7      0
C8      0
C9      0
F16     0
F16_1   0
F16_2   0
F17     0
F17_1   0
F17_2   0
F18     0
F18_1   0
F18_2   0
F19     0
F19_1   0
F19_2   0
F20     1
F20_1   0
F20_2   0
N0      0
;

xplun [*,*]
# $18 = F16_2
:      C1 C10 C11 C12 C13 C14 C15  C2  C3  C4  C5  C6  C7  C8  C9 F16 F16_1 $18 :=
C1      .   0   0   0   0   0   0   0   0   0   0   0   0   0   0   0    0    0
C10     0   .   0   0   0   0   0   0   0   0   0   0   0   0   0   0    0    0
C11     0   0   .   0   0   0   0   0   0   0   0   0   0   0   0   0    0    0
C12     0   0   0   .   0   0   0   0   0   0   0   0   0   0   0   0    0    0
C13     0   0   0   0   .   0   0   0   0   0   0   0   0   0   0   0    0    0
C14     0   0   0   0   0   .   0   0   0   0   0   0   0   0   0   0    0    0
C15     0   0   0   0   0   0   .   0   0   0   0   0   0   0   0   0    0    0
C2      0   0   0   0   0   0   0   .   0   0   0   0   0   0   0   0    0    0
C3      0   0   0   0   0   0   0   0   .   0   0   0   0   0   0   0    0    0
C4      0   0   0   0   0   0   0   0   0   .   0   0   0   0   0   0    0    0
C5      0   0   0   0   0   0   0   0   0   0   .   0   0   0   0   0    0    0
C6      0   0   0   0   0   0   0   0   0   0   0   .   0   0   0   0    0    0
C7      0   0   0   0   0   0   0   0   0   0   0   0   .   0   0   0    0    0
C8      0   0   0   0   0   0   0   0   0   0   0   0   0   .   0   0    0    0
C9      0   0   0   0   0   0   0   0   0   0   0   0   0   0   .   0    0    0
F16     0   0   0   0   0   0   0   0   0   0   0   0   0   0   0   .    0    0
F16_1   0   0   0   0   0   0   0   0   0   0   0   0   0   0   0   0    .    0
F16_2   0   0   0   0   0   0   0   0   0   0   0   0   0   0   0   0    0    .
F17     0   0   0   0   0   0   0   0   0   0   0   0   0   0   0   0    0    0
F17_1   0   0   0   0   0   0   0   0   0   0   0   0   0   0   0   0    0    0
F17_2   0   0   0   0   0   0   0   0   0   0   0   0   0   0   0   0    0    0
F18     0   0   0   0   0   0   0   0   0   0   0   0   0   0   0   0    0    0
F18_1   0   0   0   0   0   0   0   0   0   0   0   0   0   0   0   0    0    0
F18_2   0   0   0   0   0   0   0   0   0   0   0   0   0   0   0   0    0    0
F19     0   0   0   0   0   0   0   0   0   0   0   0   0   0   0   0    0    0
F19_1   0   0   0   0   0   0   0   0   0   0   0   0   0   0   0   0    0    0
F19_2   0   0   0   0   0   0   0   0   0   0   0   0   0   0   0   0    0    0
F20     0   0   0   0   0   0   0   0   0   0   0   0   0   0   0   0    0    0
F20_1   0   0   0   0   0   0   0   0   0   0   0   0   0   0   0   0    0    0
F20_2   0   0   0   0   0   0   0   0   0   0   0   0   0   0   0   0    0    0

:     F17 F17_1 F17_2 F18 F18_1 F18_2 F19 F19_1 F19_2 F20 F20_1 F20_2    :=
C1      0    0     0    0    0     0    0    0     0    0    0     0
C10     0    0     0    0    0     0    0    0     0    0    0     0
C11     0    0     0    0    0     0    0    0     0    0    0     0
C12     0    0     0    0    0     0    0    0     0    0    0     0
C13     0    0     0    0    0     0    0    0     0    0    0     0
C14     0    0     0    0    0     0    0    0     0    0    0     0
C15     0    0     0    0    0     0    0    0     0    0    0     0
C2      0    0     0    0    0     0    0    0     0    0    0     0
C3      0    0     0    0    0     0    0    0     0    0    0     0
C4      0    0     0    0    0     0    0    0     0    0    0     0
C5      0    0     0    0    0     0    0    0     0    0    0     0
C6      0    0     0    0    0     0    0    0     0    0    0     0
C7      0    0     0    0    0     0    0    0     0    0    0     0
C8      0    0     0    0    0     0    0    0     0    0    0     0
C9      0    0     0    0    0     0    0    0     0    0    0     0
F16     0    0     0    0    0     0    0    0     0    0    0     0
F16_1   0    0     0    0    0     0    0    0     0    0    0     0
F16_2   0    0     0    0    0     0    0    0     0    0    0     0
F17     .    0     0    0    0     0    0    0     0    0    0     0
F17_1   0    .     0    0    0     0    0    0     0    0    0     0
F17_2   0    0     .    0    0     0    0    0     0    0    0     0
F18     0    0     0    .    0     0    0    0     0    0    0     0
F18_1   0    0     0    0    .     0    0    0     0    0    0     0
F18_2   0    0     0    0    0     .    0    0     0    0    0     0
F19     0    0     0    0    0     0    .    0     0    0    0     0
F19_1   0    0     0    0    0     0    0    .     0    0    0     0
F19_2   0    0     0    0    0     0    0    0     .    0    0     0
F20     0    0     0    0    0     0    0    0     0    .    0     0
F20_1   0    0     0    0    0     0    0    0     0    0    .     0
F20_2   0    0     0    0    0     0    0    0     0    0    0     .
;

sum{i in F, j in V: i != j} xplun[i,j] = 0

sum{i in Vplun, j in Vplun: i != j} d[i,j]*xplun[i,j] = 0

sum{i in D0, j in Vplun} x[i,j] = 6

sum{i in Vall, j in Vall: i != j} x[i,j]*t[i,j] = 530.825

sum{i in F} c[i]*R[i] = 80.8341

sum{i in F, j in Vplunend: i != j} b[i]*x[i,j] = 0

y [*] :=
   C1 35.5478           C6 40.5478        F18_1  0
  C10 58.5146           C7 23.0347        F18_2  6.7559
  C11 20                C8 32.4378          F19  0
  C12 43.5229           C9 29.4378        F19_1  0
  C13 18.0833          F16  0             F19_2  0
  C14 38.6988        F16_1  0               F20  8.6493
  C15 13.0384        F16_2  0             F20_1 77.75
   C2 46.1272          F17  0             F20_2 77.75
   C3 33.3249        F17_1  6.08213e-05      N0 77.75
   C4 18.0278        F17_2 42.579            Nσ  0
   C5 40.0141          F18  0
;

yplun [*] :=
   C1 0     C13 0      C3 0      C7 0   F16_1 0   F17_2 0     F19 0   F20_1 0
  C10 0     C14 0      C4 0      C8 0   F16_2 0     F18 0   F19_1 0   F20_2 0
  C11 0     C15 0      C5 0      C9 0     F17 0   F18_1 0   F19_2 0
  C12 0      C2 0      C6 0     F16 0   F17_1 0   F18_2 0     F20 0
;

A [*] :=
   C1 159           C3 164        F16_1 240          F19 240
  C10  74.6295      C4 200        F16_2 240        F19_1 131.017
  C11 143           C5  58.1716     F17 172.457    F19_2 240
  C12 138           C6 144        F17_1 113.861      F20 158.851
  C13 124.782       C7 140.109    F17_2  35.171    F20_1 145.024
  C14  94.1667      C8 110.706      F18 240        F20_2 145.024
  C15 198           C9 123.706    F18_1 240           N0   0
   C2 106          F16 228.028    F18_2 166.388       Nσ 240
;

Aplun [*] :=
   C1 180     C15 208      C7 176     F17   0     F19   0      N0   0
  C10 182      C2 180      C8 193   F17_1   0   F19_1   0      Nσ   0
  C11 176      C3 180      C9 176   F17_2   0   F19_2   0
  C12 176      C4 210     F16   0     F18   0     F20   0
  C13 188      C5 202   F16_1   0   F18_1   0   F20_1   0
  C14 200      C6 194   F16_2   0   F18_2   0   F20_2   0
;

u [*] :=
   C1 190     C15  96      C7 136     F17  96     F19 200      N0 200
  C10 200      C2 200      C8 186   F17_1  96   F19_1 200      Nσ   0
  C11 170      C3 132      C9 166   F17_2 200   F19_2 200
  C12 162      C4 112     F16  96     F18  96     F20 106
  C13 194      C5 200   F16_1  96   F18_1  96   F20_1 106
  C14 200      C6 200   F16_2  96   F18_2  96   F20_2 106
;

w [*] :=
   C1 0     C13 0      C3 0      C7 0   F16_1 0   F17_2 0     F19 0   F20_1 0
  C10 0     C14 0      C4 0      C8 0   F16_2 0     F18 0   F19_1 0   F20_2 0
  C11 0     C15 0      C5 0      C9 0     F17 0   F18_1 0   F19_2 0      N0 0
  C12 0      C2 0      C6 0     F16 0   F17_1 0   F18_2 0     F20 0      Nσ 0
;

b [*] :=
  F16  0
F16_1  0
F16_2  0
  F17  0
F17_1  8.38419e-07
F17_2  0
  F18  0
F18_1  0
F18_2  0
  F19  0
F19_1  0
F19_2  0
  F20  0
F20_1  0
F20_2  0
;

c [*] :=
  F16  1
F16_1  1
F16_2  1
  F17  1
F17_1  0.999999
F17_2  1
  F18  1
F18_1  1
F18_2  1
  F19  1
F19_1  1
F19_2  1
  F20  1
F20_1  1
F20_2  1
;

R [*] :=
  F16   0
F16_1   0
F16_2   0
  F17   0
F17_1   0
F17_2  29.9611
  F18   0
F18_1   0
F18_2  17.4628
  F19   0
F19_1   0
F19_2   0
  F20  33.4102
F20_1   0
F20_2   0
;

Y [*] :=
  F16   0
F16_1   0
F16_2   0
  F17   0
F17_1   0.000126011
F17_2  72.5401
  F18   0
F18_1   0
F18_2  24.2187
  F19   0
F19_1   0
F19_2   0
  F20  42.0595
F20_1  77.75
F20_2  77.75
;

