MIP Gap (%):  82.75626277479991
_solve_elapsed_time = 28805.6

TotalCost = 14352.2

x [*,*]
# $18 = F16_2
:      C1 C10 C11 C12 C13 C14 C15  C2  C3  C4  C5  C6  C7  C8  C9 F16 F16_1 $18 :=
C1      .   0   0   0   0   0   0   0   0   0   0   0   0   0   0   0    0    0
C10     0   .   0   0   0   0   0   0   0   0   0   0   0   0   1   0    0    0
C11     0   0   .   1   0   0   0   0   0   0   0   0   0   0   0   0    0    0
C12     0   0   0   .   0   0   0   0   0   0   0   1   0   0   0   0    0    0
C13     0   0   0   0   .   0   0   0   0   0   0   0   0   0   0   0    0    0
C14     0   0   0   0   1   .   0   0   0   0   0   0   0   0   0   0    0    0
C15     0   0   0   0   0   0   .   0   0   0   0   0   0   0   0   0    0    0
C2      0   0   0   0   0   0   0   .   0   0   0   0   0   0   0   0    0    0
C3      0   0   0   0   0   0   0   0   .   0   0   0   0   0   0   0    0    0
C4      0   0   0   0   0   0   0   0   1   .   0   0   0   0   0   0    0    0
C5      0   0   0   0   0   0   0   0   0   0   .   0   0   0   0   0    0    0
C6      0   0   0   0   0   1   0   0   0   0   0   .   0   0   0   0    0    0
C7      0   0   0   0   0   0   0   0   0   0   0   0   .   0   0   0    0    0
C8      0   0   0   0   0   0   0   0   0   0   0   0   0   .   0   0    0    0
C9      0   0   0   0   0   0   1   0   0   0   0   0   0   0   .   0    0    0
F16     0   0   0   0   0   0   0   0   0   0   0   0   0   0   0   .    0    0
F16_1   0   0   0   0   0   0   0   0   0   0   0   0   0   0   0   0    .    0
F16_2   0   0   0   0   0   0   0   0   0   0   0   0   0   0   0   0    0    .
F17     0   0   0   0   0   0   0   0   0   0   0   0   0   0   0   0    0    0
F17_1   0   0   0   0   0   0   0   0   0   0   0   0   0   0   0   0    0    0
F17_2   0   0   0   0   0   0   0   0   0   0   0   0   0   0   0   0    0    0
F18     0   0   0   0   0   0   0   0   0   0   0   0   0   0   0   0    0    0
F18_1   0   0   0   0   0   0   0   0   0   0   0   0   0   0   0   0    0    0
F18_2   0   0   0   0   0   0   0   0   0   0   1   0   0   0   0   0    0    0
F19     0   1   0   0   0   0   0   0   0   0   0   0   0   0   0   0    0    0
F19_1   0   0   0   0   0   0   0   0   0   0   0   0   0   0   0   0    0    0
F19_2   0   0   0   0   0   0   0   0   0   0   0   0   0   0   0   0    0    0
F20     0   0   0   0   0   0   0   0   0   0   0   0   0   0   0   0    0    0
F20_1   0   0   0   0   0   0   0   0   0   0   0   0   0   0   0   0    0    0
F20_2   0   0   0   0   0   0   0   0   0   0   0   0   0   0   0   0    0    0
F21     0   0   0   0   0   0   0   0   0   0   0   0   0   0   0   0    0    0
F21_1   0   0   0   0   0   0   0   0   0   0   0   0   0   0   0   0    0    0
F21_2   0   0   0   0   0   0   0   0   0   0   0   0   0   0   0   0    0    0
F22     0   0   0   0   0   0   0   0   0   0   0   0   0   0   0   0    0    0
F22_1   0   0   0   0   0   0   0   0   0   0   0   0   0   1   0   0    0    0
F22_2   0   0   0   0   0   0   0   0   0   0   0   0   0   0   0   0    0    0
N0      1   0   1   0   0   0   0   1   0   1   0   0   1   0   0   0    0    0
Nσ      0   0   0   0   0   0   0   0   0   0   0   0   0   0   0   0    0    0

# $3 = F17_2
# $5 = F18_1
# $6 = F18_2
# $8 = F19_1
# $9 = F19_2
# $11 = F20_1
# $12 = F20_2
# $14 = F21_1
# $15 = F21_2
# $17 = F22_1
# $18 = F22_2
:     F17 F17_1  $3 F18  $5  $6 F19  $8  $9 F20 $11 $12 F21 $14 $15 F22 $17 $18 :=
C1      0    0    0   0   0   1   0   0   0   0   0   0   0   0   0   0   0   0
C10     0    0    0   0   0   0   0   0   0   0   0   0   0   0   0   0   0   0
C11     0    0    0   0   0   0   0   0   0   0   0   0   0   0   0   0   0   0
C12     0    0    0   0   0   0   0   0   0   0   0   0   0   0   0   0   0   0
C13     0    0    0   0   0   0   0   0   0   0   0   0   0   0   0   0   0   1
C14     0    0    0   0   0   0   0   0   0   0   0   0   0   0   0   0   0   0
C15     0    0    0   0   0   0   0   0   0   1   0   0   0   0   0   0   0   0
C2      0    0    0   0   0   0   1   0   0   0   0   0   0   0   0   0   0   0
C3      0    0    0   0   0   0   0   0   0   0   0   0   0   0   0   0   0   0
C4      0    0    0   0   0   0   0   0   0   0   0   0   0   0   0   0   0   0
C5      0    0    0   0   0   0   0   0   0   0   0   0   0   0   0   0   0   0
C6      0    0    0   0   0   0   0   0   0   0   0   0   0   0   0   0   0   0
C7      0    0    0   0   0   0   0   0   0   0   0   0   0   0   0   0   0   0
C8      0    0    0   0   0   0   0   0   0   0   0   0   0   0   0   0   0   0
C9      0    0    0   0   0   0   0   0   0   0   0   0   0   0   0   0   0   0
F16     0    0    0   0   0   0   0   0   0   0   0   0   0   0   0   0   0   0
F16_1   0    0    0   0   0   0   0   0   0   0   0   0   0   0   0   0   0   0
F16_2   0    0    0   0   0   0   0   0   0   0   0   0   0   0   0   0   0   0
F17     .    0    0   0   0   0   0   0   0   0   0   0   0   0   0   0   0   0
F17_1   0    .    0   0   0   0   0   0   0   0   0   0   0   0   0   0   0   0
F17_2   0    0    .   0   0   0   0   0   0   0   0   0   0   0   0   0   0   0
F18     0    0    0   .   0   0   0   0   0   0   0   0   0   0   0   0   0   0
F18_1   0    0    0   0   .   0   0   0   0   0   0   0   0   0   0   0   0   0
F18_2   0    0    0   0   0   .   0   0   0   0   0   0   0   0   0   0   0   0
F19     0    0    0   0   0   0   .   0   0   0   0   0   0   0   0   0   0   0
F19_1   0    0    0   0   0   0   0   .   0   0   0   0   0   0   0   0   0   0
F19_2   0    0    0   0   0   0   0   0   .   0   0   0   0   0   0   0   0   0
F20     0    0    0   0   0   0   0   0   0   .   1   0   0   0   0   0   0   0
F20_1   0    0    0   0   0   0   0   0   0   0   .   1   0   0   0   0   0   0
F20_2   0    0    0   0   0   0   0   0   0   0   0   .   0   0   0   0   0   0
F21     0    0    0   0   0   0   0   0   0   0   0   0   .   0   0   0   0   0
F21_1   0    0    0   0   0   0   0   0   0   0   0   0   0   .   0   0   0   0
F21_2   0    0    0   0   0   0   0   0   0   0   0   0   0   0   .   0   0   0
F22     0    0    0   0   0   0   0   0   0   0   0   0   0   0   0   .   0   0
F22_1   0    0    0   0   0   0   0   0   0   0   0   0   0   0   0   0   .   0
F22_2   0    0    0   0   0   0   0   0   0   0   0   0   0   0   0   0   1   .
N0      0    0    0   0   0   0   0   0   0   0   0   0   0   0   0   0   0   0
Nσ      0    0    0   0   0   0   0   0   0   0   0   0   0   0   0   0   0   0

:      N0  Nσ    :=
C1      0   0
C10     0   0
C11     0   0
C12     0   0
C13     0   0
C14     0   0
C15     0   0
C2      0   0
C3      0   1
C4      0   0
C5      0   1
C6      0   0
C7      0   1
C8      0   1
C9      0   0
F16     0   0
F16_1   0   0
F16_2   0   0
F17     0   0
F17_1   0   0
F17_2   0   0
F18     0   0
F18_1   0   0
F18_2   0   0
F19     0   0
F19_1   0   0
F19_2   0   0
F20     0   0
F20_1   0   0
F20_2   0   1
F21     0   0
F21_1   0   0
F21_2   0   0
F22     0   0
F22_1   0   0
F22_2   0   0
N0      .   0
Nσ      0   .
;

xplun [*,*]
# $18 = F16_2
:      C1 C10 C11 C12 C13 C14 C15  C2  C3  C4  C5  C6  C7  C8  C9 F16 F16_1 $18 :=
C1      .   0   0   0   0   0   0   0   0   0   0   0   0   0   0   0    0    0
C10     0   .   0   0   0   0   0   0   0   0   0   0   0   0   0   0    0    0
C11     0   0   .   0   0   0   0   0   0   0   0   0   0   0   0   0    0    0
C12     0   0   0   .   0   0   0   0   0   0   0   0   0   0   0   0    0    0
C13     0   0   0   0   .   0   0   0   0   0   0   0   0   0   0   0    0    0
C14     0   0   0   0   0   .   0   0   0   0   0   0   0   0   0   0    0    0
C15     0   0   0   0   0   0   .   0   0   0   0   0   0   0   0   0    0    0
C2      0   0   0   0   0   0   0   .   0   0   0   0   0   0   0   0    0    0
C3      0   0   0   0   0   0   0   0   .   0   0   0   0   0   0   0    0    0
C4      0   0   0   0   0   0   0   0   0   .   0   0   0   0   0   0    0    0
C5      0   0   0   0   0   0   0   0   0   0   .   0   0   0   0   0    0    0
C6      0   0   0   0   0   0   0   0   0   0   0   .   0   0   0   0    0    0
C7      0   0   0   0   0   0   0   0   0   0   0   0   .   0   0   0    0    0
C8      0   0   0   0   0   0   0   0   0   0   0   0   0   .   0   0    0    0
C9      0   0   0   0   0   0   0   0   0   0   0   0   0   0   .   0    0    0
F16     0   0   0   0   0   0   0   0   0   0   0   0   0   0   0   .    0    0
F16_1   0   0   0   0   0   0   0   0   0   0   0   0   0   0   0   0    .    0
F16_2   0   0   0   0   0   0   0   0   0   0   0   0   0   0   0   0    0    .
F17     0   0   0   0   0   0   0   0   0   0   0   0   0   0   0   0    0    0
F17_1   0   0   0   0   0   0   0   0   0   0   0   0   0   0   0   0    0    0
F17_2   0   0   0   0   0   0   0   0   0   0   0   0   0   0   0   0    0    0
F18     0   0   0   0   0   0   0   0   0   0   0   0   0   0   0   0    0    0
F18_1   0   0   0   0   0   0   0   0   0   0   0   0   0   0   0   0    0    0
F18_2   0   0   0   0   0   0   0   0   0   0   0   0   0   0   0   0    0    0
F19     0   0   0   0   0   0   0   0   0   0   0   0   0   0   0   0    0    0
F19_1   0   0   0   0   0   0   0   0   0   0   0   0   0   0   0   0    0    0
F19_2   0   0   0   0   0   0   0   0   0   0   0   0   0   0   0   0    0    0
F20     0   0   0   0   0   0   0   0   0   0   0   0   0   0   0   0    0    0
F20_1   0   0   0   0   0   0   0   0   0   0   0   0   0   0   0   0    0    0
F20_2   0   0   0   0   0   0   0   0   0   0   0   0   0   0   0   0    0    0
F21     0   0   0   0   0   0   0   0   0   0   0   0   0   0   0   0    0    0
F21_1   0   0   0   0   0   0   0   0   0   0   0   0   0   0   0   0    0    0
F21_2   0   0   0   0   0   0   0   0   0   0   0   0   0   0   0   0    0    0
F22     0   0   0   0   0   0   0   0   0   0   0   0   0   0   0   0    0    0
F22_1   0   0   0   0   0   0   0   0   0   0   0   0   0   0   0   0    0    0
F22_2   0   0   0   0   0   0   0   0   0   0   0   0   0   0   0   0    0    0

# $3 = F17_2
# $5 = F18_1
# $6 = F18_2
# $8 = F19_1
# $9 = F19_2
# $11 = F20_1
# $12 = F20_2
# $14 = F21_1
# $15 = F21_2
# $17 = F22_1
# $18 = F22_2
:     F17 F17_1  $3 F18  $5  $6 F19  $8  $9 F20 $11 $12 F21 $14 $15 F22 $17 $18 :=
C1      0    0    0   0   0   0   0   0   0   0   0   0   0   0   0   0   0   0
C10     0    0    0   0   0   0   0   0   0   0   0   0   0   0   0   0   0   0
C11     0    0    0   0   0   0   0   0   0   0   0   0   0   0   0   0   0   0
C12     0    0    0   0   0   0   0   0   0   0   0   0   0   0   0   0   0   0
C13     0    0    0   0   0   0   0   0   0   0   0   0   0   0   0   0   0   0
C14     0    0    0   0   0   0   0   0   0   0   0   0   0   0   0   0   0   0
C15     0    0    0   0   0   0   0   0   0   0   0   0   0   0   0   0   0   0
C2      0    0    0   0   0   0   0   0   0   0   0   0   0   0   0   0   0   0
C3      0    0    0   0   0   0   0   0   0   0   0   0   0   0   0   0   0   0
C4      0    0    0   0   0   0   0   0   0   0   0   0   0   0   0   0   0   0
C5      0    0    0   0   0   0   0   0   0   0   0   0   0   0   0   0   0   0
C6      0    0    0   0   0   0   0   0   0   0   0   0   0   0   0   0   0   0
C7      0    0    0   0   0   0   0   0   0   0   0   0   0   0   0   0   0   0
C8      0    0    0   0   0   0   0   0   0   0   0   0   0   0   0   0   0   0
C9      0    0    0   0   0   0   0   0   0   0   0   0   0   0   0   0   0   0
F16     0    0    0   0   0   0   0   0   0   0   0   0   0   0   0   0   0   0
F16_1   0    0    0   0   0   0   0   0   0   0   0   0   0   0   0   0   0   0
F16_2   0    0    0   0   0   0   0   0   0   0   0   0   0   0   0   0   0   0
F17     .    0    0   0   0   0   0   0   0   0   0   0   0   0   0   0   0   0
F17_1   0    .    0   0   0   0   0   0   0   0   0   0   0   0   0   0   0   0
F17_2   0    0    .   0   0   0   0   0   0   0   0   0   0   0   0   0   0   0
F18     0    0    0   .   0   0   0   0   0   0   0   0   0   0   0   0   0   0
F18_1   0    0    0   0   .   0   0   0   0   0   0   0   0   0   0   0   0   0
F18_2   0    0    0   0   0   .   0   0   0   0   0   0   0   0   0   0   0   0
F19     0    0    0   0   0   0   .   0   0   0   0   0   0   0   0   0   0   0
F19_1   0    0    0   0   0   0   0   .   0   0   0   0   0   0   0   0   0   0
F19_2   0    0    0   0   0   0   0   0   .   0   0   0   0   0   0   0   0   0
F20     0    0    0   0   0   0   0   0   0   .   0   0   0   0   0   0   0   0
F20_1   0    0    0   0   0   0   0   0   0   0   .   0   0   0   0   0   0   0
F20_2   0    0    0   0   0   0   0   0   0   0   0   .   0   0   0   0   0   0
F21     0    0    0   0   0   0   0   0   0   0   0   0   .   0   0   0   0   0
F21_1   0    0    0   0   0   0   0   0   0   0   0   0   0   .   0   0   0   0
F21_2   0    0    0   0   0   0   0   0   0   0   0   0   0   0   .   0   0   0
F22     0    0    0   0   0   0   0   0   0   0   0   0   0   0   0   .   0   0
F22_1   0    0    0   0   0   0   0   0   0   0   0   0   0   0   0   0   .   0
F22_2   0    0    0   0   0   0   0   0   0   0   0   0   0   0   0   0   0   .
;

sum{i in F, j in V: i != j} xplun[i,j] = 0

sum{i in Vplun, j in Vplun: i != j} d[i,j]*xplun[i,j] = 0

sum{i in D0, j in Vplun} x[i,j] = 5

sum{i in Vall, j in Vall: i != j} x[i,j]*t[i,j] = 467.843

sum{i in F} c[i]*R[i] = 86.7379

sum{i in F, j in Vplunend: i != j} b[i]*x[i,j] = 0

y [*] :=
   C1 39.2792       C5 14.1421    F17_2  0           F21  0
  C10 35.3862       C6 37.75        F18  0         F21_1  0
  C11 42.75         C7 38.0789    F18_1  0         F21_2  0
  C12 40.75         C8 39.0512    F18_2 27.2376      F22 77.75
  C13 11.4368       C9 14.173       F19 34.1272    F22_1  9.20074
  C14 30.75        F16  0         F19_1  0         F22_2  9.2007
  C15 10.0499    F16_1  0         F19_2  0            N0 77.75
   C2 46.1272    F16_2  0           F20  0            Nσ  0
   C3 15.8114      F17  0         F20_1  0
   C4 46.9442    F17_1  0         F20_2  0
;

yplun [*] :=
   C1 0     C14 0      C5 0     F16 0   F17_2 0   F19_1 0     F21 0   F22_2 0
  C10 0     C15 0      C6 0   F16_1 0     F18 0   F19_2 0   F21_1 0
  C11 0      C2 0      C7 0   F16_2 0   F18_1 0     F20 0   F21_2 0
  C12 0      C3 0      C8 0     F17 0   F18_2 0   F20_1 0     F22 0
  C13 0      C4 0      C9 0   F17_1 0     F19 0   F20_2 0   F22_1 0
;

A [*] :=
   C1 386.022       C5 612.039    F17_2 878.818      F21 881.05
  C10 613.787       C6 341.687      F18 960        F21_1 656.953
  C11 316.687       C7 911        F18_1 960        F21_2 924.561
  C12 328.687       C8 910        F18_2 545.313      F22 500.042
  C13 388           C9 645          F19 561.238    F22_1 859.427
  C14 358.687      F16 959.811    F19_1 960        F22_2 500.042
  C15 659.123    F16_1 960        F19_2 541.226       N0   0
   C2 539.238    F16_2 960          F20 679.173       Nσ 960
   C3 934          F17 869.032    F20_1 679.173
   C4  30.8058   F17_1 574.236    F20_2 679.173
;

Aplun [*] :=
   C1 796      C2 928      C9 796     F18   0   F20_1   0   F22_2   0
  C10 902      C3 944     F16   0   F18_1   0   F20_2   0      N0   0
  C11 925      C4 929   F16_1   0   F18_2   0     F21   0      Nσ   0
  C12 924      C5 945   F16_2   0     F19   0   F21_1   0
  C13 398      C6 921     F17   0   F19_1   0   F21_2   0
  C14 914      C7 921   F17_1   0   F19_2   0     F22   0
  C15 927      C8 920   F17_2   0     F20   0   F22_1   0
;

u [*] :=
   C1 1000      C2 1000      C9  954     F18 1000   F20_1  918   F22_2  899
  C10  970      C3    9     F16  954   F18_1 1000   F20_2  918      N0 1000
  C11 1000      C4 1000   F16_1 1000   F18_2  970     F21  970      Nσ    0
  C12  960      C5  970   F16_2 1000     F19  970   F21_1  970
  C13  930      C6  950     F17 1000   F19_1 1000   F21_2  954
  C14  940      C7   20   F17_1 1000   F19_2 1000     F22 1000
  C15  946      C8  899   F17_2    9     F20  918   F22_1  899
;

w [*] :=
   C1 0     C14 0      C5 0     F16 0   F17_2 0   F19_1 0     F21 0   F22_2 0
  C10 0     C15 0      C6 0   F16_1 0     F18 0   F19_2 0   F21_1 0      N0 0
  C11 0      C2 0      C7 0   F16_2 0   F18_1 0     F20 0   F21_2 0      Nσ 0
  C12 0      C3 0      C8 0     F17 0   F18_2 0   F20_1 0     F22 0
  C13 0      C4 0      C9 0   F17_1 0     F19 0   F20_2 0   F22_1 0
;

b [*] :=
  F16 0     F17 0     F18 0     F19 0     F20 0     F21 0     F22 0
F16_1 0   F17_1 0   F18_1 0   F19_1 0   F20_1 0   F21_1 0   F22_1 0
F16_2 0   F17_2 0   F18_2 0   F19_2 0   F20_2 0   F21_2 0   F22_2 0
;

c [*] :=
  F16 1     F17 1     F18 1     F19 1     F20 1     F21 1     F22 1
F16_1 1   F17_1 1   F18_1 1   F19_1 1   F20_1 1   F21_1 1   F22_1 1
F16_2 1   F17_2 1   F18_2 1   F19_2 1   F20_2 1   F21_2 1   F22_2 1
;

R [*] :=
  F16  0        F17_2  0        F19_1  0          F21  0        F22_2  0
F16_1  0          F18  0        F19_2  0        F21_1  0
F16_2  0        F18_1  0          F20  0        F21_2  0
  F17  0        F18_2  0.7969   F20_1  0          F22  0
F17_1  0          F19 24.7962   F20_2 24.0832   F22_1 37.0616
;

Y [*] :=
  F16  0        F17_2  0        F19_1  0          F21  0        F22_2  9.2007
F16_1  0          F18  0        F19_2  0        F21_1  0
F16_2  0        F18_1  0          F20  0        F21_2  0
  F17  0        F18_2 28.0345   F20_1  0          F22 77.75
F17_1  0          F19 58.9234   F20_2 24.0832   F22_1 46.2623
;

