MIP Gap (%):  64.3198469715736
_solve_elapsed_time = 28821.2

TotalCost = 10648.9

x [*,*]
# $18 = F16_2
:      C1 C10 C11 C12 C13 C14 C15  C2  C3  C4  C5  C6  C7  C8  C9 F16 F16_1 $18 :=
C1      .   0   0   0   0   0   0   0   1   0   0   0   0   0   0   0    0    0
C10     0   .   0   0   0   0   0   1   0   0   0   0   0   0   0   0    0    0
C11     0   0   .   0   0   0   0   0   0   0   0   0   0   0   0   0    0    0
C12     0   0   0   .   0   1   0   0   0   0   0   0   0   0   0   0    0    0
C13     0   0   0   0   .   0   0   0   0   0   0   0   0   0   0   0    0    0
C14     0   0   0   0   0   .   0   0   0   1   0   0   0   0   0   0    0    0
C15     0   0   0   0   0   0   .   0   0   0   0   0   0   0   0   0    0    0
C2      0   0   0   0   0   0   0   .   0   0   0   0   0   0   0   0    0    0
C3      0   0   0   0   0   0   0   0   .   0   0   0   0   0   0   0    0    0
C4      0   0   0   0   0   0   0   0   0   .   0   0   0   0   0   0    0    0
C5      0   0   0   0   0   0   0   0   0   0   .   0   0   0   0   0    0    1
C6      0   0   1   0   0   0   0   0   0   0   0   .   0   0   0   0    0    0
C7      0   0   0   0   0   0   1   0   0   0   0   0   .   0   0   0    0    0
C8      0   0   0   0   0   0   0   0   0   0   0   0   0   .   0   0    0    0
C9      0   0   0   0   0   0   0   0   0   0   0   0   0   0   .   0    0    0
F16     0   0   0   0   0   0   0   0   0   0   0   0   0   0   0   .    0    0
F16_1   0   0   0   0   0   0   0   0   0   0   0   0   0   0   0   0    .    0
F16_2   0   0   0   0   0   0   0   0   0   0   0   0   0   0   0   0    0    .
F17     0   0   0   0   0   0   0   0   0   0   0   0   0   1   0   0    0    0
F17_1   0   0   0   0   0   0   0   0   0   0   0   0   0   0   0   0    0    0
F17_2   0   0   0   0   0   0   0   0   0   0   0   0   0   0   0   0    0    0
F18     0   0   0   0   0   0   0   0   0   0   0   0   0   0   0   0    0    0
F18_1   0   0   0   0   0   0   0   0   0   0   0   0   0   0   0   0    0    0
F18_2   0   0   0   0   0   0   0   0   0   0   0   0   1   0   0   0    0    0
F19     0   0   0   0   0   0   0   0   0   0   0   0   0   0   0   0    0    0
F19_1   0   0   0   0   0   0   0   0   0   0   0   0   0   0   0   0    0    0
F19_2   0   0   0   0   0   0   0   0   0   0   0   0   0   0   0   0    0    0
F20     0   0   0   0   0   0   0   0   0   0   0   0   0   0   0   0    0    0
F20_1   0   0   0   0   0   0   0   0   0   0   1   0   0   0   0   0    0    0
F20_2   0   0   0   0   0   0   0   0   0   0   0   0   0   0   0   0    0    0
N0      1   1   0   1   1   0   0   0   0   0   0   1   0   0   1   0    0    0
Nσ      0   0   0   0   0   0   0   0   0   0   0   0   0   0   0   0    0    0

:     F17 F17_1 F17_2 F18 F18_1 F18_2 F19 F19_1 F19_2 F20 F20_1 F20_2  N0  Nσ :=
C1      0    0     0    0    0     0    0    0     0    0    0     0    0   0
C10     0    0     0    0    0     0    0    0     0    0    0     0    0   0
C11     1    0     0    0    0     0    0    0     0    0    0     0    0   0
C12     0    0     0    0    0     0    0    0     0    0    0     0    0   0
C13     0    0     0    0    0     0    0    0     0    0    1     0    0   0
C14     0    0     0    0    0     0    0    0     0    0    0     0    0   0
C15     0    0     0    0    0     0    0    0     0    0    0     0    0   1
C2      0    0     0    0    0     0    0    1     0    0    0     0    0   0
C3      0    0     0    0    0     0    0    0     0    0    0     0    0   1
C4      0    0     0    0    0     0    0    0     0    0    0     0    0   1
C5      0    0     0    0    0     0    0    0     0    0    0     0    0   0
C6      0    0     0    0    0     0    0    0     0    0    0     0    0   0
C7      0    0     0    0    0     0    0    0     0    0    0     0    0   0
C8      0    0     0    0    0     0    0    0     0    0    0     0    0   1
C9      0    0     0    0    1     0    0    0     0    0    0     0    0   0
F16     0    0     0    0    0     0    0    0     0    0    0     0    0   0
F16_1   0    0     0    0    0     0    0    0     0    0    0     0    0   0
F16_2   0    0     0    0    0     0    0    0     0    0    0     0    0   1
F17     .    0     0    0    0     0    0    0     0    0    0     0    0   0
F17_1   0    .     0    0    0     0    0    0     0    0    0     0    0   0
F17_2   0    0     .    0    0     0    0    0     0    0    0     0    0   0
F18     0    0     0    .    0     0    0    0     0    0    0     0    0   0
F18_1   0    0     0    0    .     1    0    0     0    0    0     0    0   0
F18_2   0    0     0    0    0     .    0    0     0    0    0     0    0   0
F19     0    0     0    0    0     0    .    0     0    0    0     0    0   0
F19_1   0    0     0    0    0     0    0    .     0    0    0     0    0   1
F19_2   0    0     0    0    0     0    0    0     .    0    0     0    0   0
F20     0    0     0    0    0     0    0    0     0    .    0     0    0   0
F20_1   0    0     0    0    0     0    0    0     0    0    .     0    0   0
F20_2   0    0     0    0    0     0    0    0     0    0    0     .    0   0
N0      0    0     0    0    0     0    0    0     0    0    0     0    .   0
Nσ      0    0     0    0    0     0    0    0     0    0    0     0    0   .
;

xplun [*,*]
# $18 = F16_2
:      C1 C10 C11 C12 C13 C14 C15  C2  C3  C4  C5  C6  C7  C8  C9 F16 F16_1 $18 :=
C1      .   0   0   0   0   0   0   0   0   0   0   0   0   0   0   0    0    0
C10     0   .   0   0   0   0   0   0   0   0   0   0   0   0   0   0    0    0
C11     0   0   .   0   0   0   0   0   0   0   0   0   0   0   0   0    0    0
C12     0   0   0   .   0   0   0   0   0   0   0   0   0   0   0   0    0    0
C13     0   0   0   0   .   0   0   0   0   0   0   0   0   0   0   0    0    0
C14     0   0   0   0   0   .   0   0   0   0   0   0   0   0   0   0    0    0
C15     0   0   0   0   0   0   .   0   0   0   0   0   0   0   0   0    0    0
C2      0   0   0   0   0   0   0   .   0   0   0   0   0   0   0   0    0    0
C3      0   0   0   0   0   0   0   0   .   0   0   0   0   0   0   0    0    0
C4      0   0   0   0   0   0   0   0   0   .   0   0   0   0   0   0    0    0
C5      0   0   0   0   0   0   0   0   0   0   .   0   0   0   0   0    0    0
C6      0   0   0   0   0   0   0   0   0   0   0   .   0   0   0   0    0    0
C7      0   0   0   0   0   0   0   0   0   0   0   0   .   0   0   0    0    0
C8      0   0   0   0   0   0   0   0   0   0   0   0   0   .   0   0    0    0
C9      0   0   0   0   0   0   0   0   0   0   0   0   0   0   .   0    0    0
F16     0   0   0   0   0   0   0   0   0   0   0   0   0   0   0   .    0    0
F16_1   0   0   0   0   0   0   0   0   0   0   0   0   0   0   0   0    .    0
F16_2   0   0   0   0   0   0   0   0   0   0   0   0   0   0   0   0    0    .
F17     0   0   0   0   0   0   0   0   0   0   0   0   0   0   0   0    0    0
F17_1   0   0   0   0   0   0   0   0   0   0   0   0   0   0   0   0    0    0
F17_2   0   0   0   0   0   0   0   0   0   0   0   0   0   0   0   0    0    0
F18     0   0   0   0   0   0   0   0   0   0   0   0   0   0   0   0    0    0
F18_1   0   0   0   0   0   0   0   0   0   0   0   0   0   0   0   0    0    0
F18_2   0   0   0   0   0   0   0   0   0   0   0   0   0   0   0   0    0    0
F19     0   0   0   0   0   0   0   0   0   0   0   0   0   0   0   0    0    0
F19_1   0   0   0   0   0   0   0   0   0   0   0   0   0   0   0   0    0    0
F19_2   0   0   0   0   0   0   0   0   0   0   0   0   0   0   0   0    0    0
F20     0   0   0   0   0   0   0   0   0   0   0   0   0   0   0   0    0    0
F20_1   0   0   0   0   0   0   0   0   0   0   0   0   0   0   0   0    0    0
F20_2   0   0   0   0   0   0   0   0   0   0   0   0   0   0   0   0    0    0

:     F17 F17_1 F17_2 F18 F18_1 F18_2 F19 F19_1 F19_2 F20 F20_1 F20_2    :=
C1      0    0     0    0    0     0    0    0     0    0    0     0
C10     0    0     0    0    0     0    0    0     0    0    0     0
C11     0    0     0    0    0     0    0    0     0    0    0     0
C12     0    0     0    0    0     0    0    0     0    0    0     0
C13     0    0     0    0    0     0    0    0     0    0    0     0
C14     0    0     0    0    0     0    0    0     0    0    0     0
C15     0    0     0    0    0     0    0    0     0    0    0     0
C2      0    0     0    0    0     0    0    0     0    0    0     0
C3      0    0     0    0    0     0    0    0     0    0    0     0
C4      0    0     0    0    0     0    0    0     0    0    0     0
C5      0    0     0    0    0     0    0    0     0    0    0     0
C6      0    0     0    0    0     0    0    0     0    0    0     0
C7      0    0     0    0    0     0    0    0     0    0    0     0
C8      0    0     0    0    0     0    0    0     0    0    0     0
C9      0    0     0    0    0     0    0    0     0    0    0     0
F16     0    0     0    0    0     0    0    0     0    0    0     0
F16_1   0    0     0    0    0     0    0    0     0    0    0     0
F16_2   0    0     0    0    0     0    0    0     0    0    0     0
F17     .    0     0    0    0     0    0    0     0    0    0     0
F17_1   0    .     0    0    0     0    0    0     0    0    0     0
F17_2   0    0     .    0    0     0    0    0     0    0    0     0
F18     0    0     0    .    0     0    0    0     0    0    0     0
F18_1   0    0     0    0    .     0    0    0     0    0    0     0
F18_2   0    0     0    0    0     .    0    0     0    0    0     0
F19     0    0     0    0    0     0    .    0     0    0    0     0
F19_1   0    0     0    0    0     0    0    .     0    0    0     0
F19_2   0    0     0    0    0     0    0    0     .    0    0     0
F20     0    0     0    0    0     0    0    0     0    .    0     0
F20_1   0    0     0    0    0     0    0    0     0    0    .     0
F20_2   0    0     0    0    0     0    0    0     0    0    0     .
;

sum{i in F, j in V: i != j} xplun[i,j] = 0

sum{i in Vplun, j in Vplun: i != j} d[i,j]*xplun[i,j] = 0

sum{i in D0, j in Vplun} x[i,j] = 6

sum{i in Vall, j in Vall: i != j} x[i,j]*t[i,j] = 487.835

sum{i in F} c[i]*R[i] = 45.7055

sum{i in F, j in Vplunend: i != j} b[i]*x[i,j] = 0

y [*] :=
   C1 57.1345      C2 31.6123      C9 39.6711     F18 77.75     F20_1 34.9309
  C10 39.4225      C3 35.3412     F16 77.75     F18_1 35.199    F20_2 77.75
  C11 33.1737      C4 22.9444   F16_1  0        F18_2 41.4448      N0 77.75
  C12 50.8242      C5 45.1774   F16_2  0          F19 77.75        Nσ  0
  C13 57.1345      C6 50.2909     F17 25.1737   F19_1 16.3808
  C14 43.7531      C7 40.0306   F17_1 77.75     F19_2  0
  C15 37.2022      C8 38.0789   F17_2 77.75       F20  0
;

yplun [*] :=
   C1 0     C13 0      C3 0      C7 0   F16_1 0   F17_2 0     F19 0   F20_1 0
  C10 0     C14 0      C4 0      C8 0   F16_2 0     F18 0   F19_1 0   F20_2 0
  C11 0     C15 0      C5 0      C9 0     F17 0   F18_1 0   F19_2 0
  C12 0      C2 0      C6 0     F16 0   F17_1 0   F18_2 0     F20 0
;

A [*] :=
   C1  20.6155      C3  46.74     F16_1   0          F19 869.032
  C10 177.19        C4 468.385    F16_2 945.679    F19_1 220.232
  C11 258.624       C5 335          F17 276.624    F19_2 804.414
  C12 420.505       C6 231.506    F17_1 513.229      F20   0
  C13 191           C7 157        F17_2 960        F20_1 293.965
  C14 437.576       C8 574          F18 869.032    F20_2 293.94
  C15 529.117       C9  38.0789   F18_1  52.551       N0   0
   C2 195          F16   0        F18_2  59.8586      Nσ 960
;

Aplun [*] :=
   C1 939     C15 619      C7 167     F17   0     F19   0      N0   0
  C10 334      C2 334      C8 704   F17_1   0   F19_1   0      Nσ   0
  C11 919      C3 924      C9 921   F17_2   0   F19_2   0
  C12 527      C4 489     F16   0     F18   0     F20   0
  C13 334      C5 465   F16_1   0   F18_1   0   F20_1   0
  C14 935      C6 932   F16_2   0   F18_2   0   F20_2   0
;

u [*] :=
   C1   36     C15  970      C7  980     F17   20     F19 1000      N0 1000
  C10   50      C2   40      C8   20   F17_1    0   F19_1    0      Nσ    0
  C11   30      C3   30      C9 1000   F17_2    0   F19_2 1000
  C12 1000      C4  974     F16    0     F18 1000     F20  963
  C13 1000      C5  983   F16_1    0   F18_1  980   F20_1  983
  C14  977      C6   38   F16_2    0   F18_2  980   F20_2  983
;

w [*] :=
   C1 0     C13 0      C3 0      C7 0   F16_1 0   F17_2 0     F19 0   F20_1 0
  C10 0     C14 0      C4 0      C8 0   F16_2 0     F18 0   F19_1 0   F20_2 0
  C11 0     C15 0      C5 0      C9 0     F17 0   F18_1 0   F19_2 0      N0 0
  C12 0      C2 0      C6 0     F16 0   F17_1 0   F18_2 0     F20 0      Nσ 0
;

b [*] :=
  F16  0
F16_1  0
F16_2  0
  F17  0
F17_1  0
F17_2  0
  F18  0
F18_1  0
F18_2  0
  F19  0
F19_1  0
F19_2  0
  F20  0
F20_1  0
F20_2  0
;

c [*] :=
  F16  1
F16_1  1
F16_2  1
  F17  1
F17_1  1
F17_2  1
  F18  1
F18_1  1
F18_2  1
  F19  1
F19_1  1
F19_2  1
  F20  1
F20_1  1
F20_2  1
;

R [*] :=
  F16   0
F16_1   0
F16_2   0
  F17  16.5108
F17_1   0
F17_2   0
  F18   0
F18_1   6.2458
F18_2   0
  F19   0
F19_1   7.7024
F19_2   0
  F20   0
F20_1  15.2465
F20_2   0
;

Y [*] :=
  F16  77.75
F16_1   0
F16_2   0
  F17  41.6845
F17_1  77.75
F17_2  77.75
  F18  77.75
F18_1  41.4448
F18_2  41.4448
  F19  77.75
F19_1  24.0832
F19_2   0
  F20   0
F20_1  50.1774
F20_2  77.75
;

