MIP Gap (%):  54.43601159120321
_solve_elapsed_time = 28813.5

TotalCost = 5514.89

x [*,*]
# $13 = F11_2
# $14 = F11_3
# $15 = F11_4
# $17 = F12_1
# $18 = F12_2
:      C1 C10  C2  C3  C4  C5  C6  C7  C8  C9 F11 F11_1 $13 $14 $15 F12 $17 $18 :=
C1      .   0   0   0   0   0   0   0   0   0   0    0    0   0   0   0   0   0
C10     0   .   0   0   0   0   0   0   0   1   0    0    0   0   0   0   0   0
C2      0   0   .   0   0   0   0   0   1   0   0    0    0   0   0   0   0   0
C3      0   0   0   .   0   1   0   0   0   0   0    0    0   0   0   0   0   0
C4      0   0   0   0   .   0   1   0   0   0   0    0    0   0   0   0   0   0
C5      0   0   0   0   0   .   0   0   0   0   0    0    0   0   0   0   0   0
C6      0   0   0   0   0   0   .   0   0   0   0    0    0   0   0   0   0   0
C7      1   0   0   0   0   0   0   .   0   0   0    0    0   0   0   0   0   0
C8      0   0   0   0   0   0   0   0   .   0   0    0    0   0   0   0   0   0
C9      0   0   0   0   0   0   0   0   0   .   0    0    0   0   0   0   0   0
F11     0   0   0   0   0   0   0   0   0   0   .    0    0   0   0   0   0   0
F11_1   0   0   0   0   0   0   0   0   0   0   0    .    0   0   0   0   0   0
F11_2   0   0   0   0   0   0   0   0   0   0   0    0    .   0   0   0   0   0
F11_3   0   0   0   0   0   0   0   0   0   0   0    0    0   .   0   0   0   0
F11_4   0   0   0   0   0   0   0   0   0   0   0    0    0   0   .   0   0   0
F12     0   0   0   0   0   0   0   0   0   0   0    0    0   0   0   .   0   0
F12_1   0   0   0   0   0   0   0   0   0   0   0    0    0   0   0   0   .   0
F12_2   0   0   0   0   0   0   0   0   0   0   0    0    0   0   0   0   0   .
F12_3   0   0   0   0   0   0   0   0   0   0   0    0    0   0   0   0   0   0
F12_4   0   0   0   0   0   0   0   0   0   0   0    0    0   0   0   0   0   0
F13     0   0   0   0   0   0   0   0   0   0   0    0    0   0   0   0   0   0
F13_1   0   0   0   0   0   0   0   0   0   0   0    0    0   0   0   0   0   0
F13_2   0   0   0   0   0   0   0   0   0   0   0    0    0   0   0   0   0   0
F13_3   0   0   0   0   0   0   0   0   0   0   0    0    0   0   0   0   0   0
F13_4   0   0   0   0   0   0   0   0   0   0   0    0    0   0   0   0   0   0
F14     0   0   0   1   0   0   0   0   0   0   0    0    0   0   0   0   0   0
F14_1   0   0   0   0   0   0   0   0   0   0   0    0    0   0   0   0   0   0
F14_2   0   0   0   0   0   0   0   0   0   0   0    0    0   0   0   0   0   0
F14_3   0   0   0   0   0   0   0   0   0   0   0    0    0   0   0   0   0   0
F14_4   0   0   0   0   0   0   0   0   0   0   0    0    0   0   0   0   0   0
N0      0   1   1   0   1   0   0   1   0   0   0    0    0   0   0   0   0   0
Nσ      0   0   0   0   0   0   0   0   0   0   0    0    0   0   0   0   0   0

# $12 = F14_4
:     F12_3 F12_4 F13 F13_1 F13_2 F13_3 F13_4 F14 F14_1 F14_2 F14_3 $12  N0  Nσ :=
C1       0     0    0    0     0     0     0    1    0     0     0    0   0   0
C10      0     0    0    0     0     0     0    0    0     0     0    0   0   0
C2       0     0    0    0     0     0     0    0    0     0     0    0   0   0
C3       0     0    0    0     0     0     0    0    0     0     0    0   0   0
C4       0     0    0    0     0     0     0    0    0     0     0    0   0   0
C5       0     0    0    0     0     0     0    0    0     0     0    0   0   1
C6       0     0    0    0     0     0     0    0    0     0     0    0   0   1
C7       0     0    0    0     0     0     0    0    0     0     0    0   0   0
C8       0     0    0    0     0     0     0    0    0     0     0    0   0   1
C9       0     0    0    0     0     0     0    0    0     0     0    0   0   1
F11      0     0    0    0     0     0     0    0    0     0     0    0   0   0
F11_1    0     0    0    0     0     0     0    0    0     0     0    0   0   0
F11_2    0     0    0    0     0     0     0    0    0     0     0    0   0   0
F11_3    0     0    0    0     0     0     0    0    0     0     0    0   0   0
F11_4    0     0    0    0     0     0     0    0    0     0     0    0   0   0
F12      0     0    0    0     0     0     0    0    0     0     0    0   0   0
F12_1    0     0    0    0     0     0     0    0    0     0     0    0   0   0
F12_2    0     0    0    0     0     0     0    0    0     0     0    0   0   0
F12_3    .     0    0    0     0     0     0    0    0     0     0    0   0   0
F12_4    0     .    0    0     0     0     0    0    0     0     0    0   0   0
F13      0     0    .    0     0     0     0    0    0     0     0    0   0   0
F13_1    0     0    0    .     0     0     0    0    0     0     0    0   0   0
F13_2    0     0    0    0     .     0     0    0    0     0     0    0   0   0
F13_3    0     0    0    0     0     .     0    0    0     0     0    0   0   0
F13_4    0     0    0    0     0     0     .    0    0     0     0    0   0   0
F14      0     0    0    0     0     0     0    .    0     0     0    0   0   0
F14_1    0     0    0    0     0     0     0    0    .     0     0    0   0   0
F14_2    0     0    0    0     0     0     0    0    0     .     0    0   0   0
F14_3    0     0    0    0     0     0     0    0    0     0     .    0   0   0
F14_4    0     0    0    0     0     0     0    0    0     0     0    .   0   0
N0       0     0    0    0     0     0     0    0    0     0     0    0   .   0
Nσ       0     0    0    0     0     0     0    0    0     0     0    0   0   .
;

xplun [*,*]
# $13 = F11_2
# $14 = F11_3
# $15 = F11_4
# $17 = F12_1
# $18 = F12_2
:      C1 C10  C2  C3  C4  C5  C6  C7  C8  C9 F11 F11_1 $13 $14 $15 F12 $17 $18 :=
C1      .   0   0   0   0   0   0   0   0   0   0    0    0   0   0   0   0   0
C10     0   .   0   0   0   0   0   0   0   0   0    0    0   0   0   0   0   0
C2      0   0   .   0   0   0   0   0   0   0   0    0    0   0   0   0   0   0
C3      0   0   0   .   0   0   0   0   0   0   0    0    0   0   0   0   0   0
C4      0   0   0   0   .   0   0   0   0   0   0    0    0   0   0   0   0   0
C5      0   0   0   0   0   .   0   0   0   0   0    0    0   0   0   0   0   0
C6      0   0   0   0   0   0   .   0   0   0   0    0    0   0   0   0   0   0
C7      0   0   0   0   0   0   0   .   0   0   0    0    0   0   0   0   0   0
C8      0   0   0   0   0   0   0   0   .   0   0    0    0   0   0   0   0   0
C9      0   0   0   0   0   0   0   0   0   .   0    0    0   0   0   0   0   0
F11     0   0   0   0   0   0   0   0   0   0   .    0    0   0   0   0   0   0
F11_1   0   0   0   0   0   0   0   0   0   0   0    .    0   0   0   0   0   0
F11_2   0   0   0   0   0   0   0   0   0   0   0    0    .   0   0   0   0   0
F11_3   0   0   0   0   0   0   0   0   0   0   0    0    0   .   0   0   0   0
F11_4   0   0   0   0   0   0   0   0   0   0   0    0    0   0   .   0   0   0
F12     0   0   0   0   0   0   0   0   0   0   0    0    0   0   0   .   0   0
F12_1   0   0   0   0   0   0   0   0   0   0   0    0    0   0   0   0   .   0
F12_2   0   0   0   0   0   0   0   0   0   0   0    0    0   0   0   0   0   .
F12_3   0   0   0   0   0   0   0   0   0   0   0    0    0   0   0   0   0   0
F12_4   0   0   0   0   0   0   0   0   0   0   0    0    0   0   0   0   0   0
F13     0   0   0   0   0   0   0   0   0   0   0    0    0   0   0   0   0   0
F13_1   0   0   0   0   0   0   0   0   0   0   0    0    0   0   0   0   0   0
F13_2   0   0   0   0   0   0   0   0   0   0   0    0    0   0   0   0   0   0
F13_3   0   0   0   0   0   0   0   0   0   0   0    0    0   0   0   0   0   0
F13_4   0   0   0   0   0   0   0   0   0   0   0    0    0   0   0   0   0   0
F14     0   0   0   0   0   0   0   0   0   0   0    0    0   0   0   0   0   0
F14_1   0   0   0   0   0   0   0   0   0   0   0    0    0   0   0   0   0   0
F14_2   0   0   0   0   0   0   0   0   0   0   0    0    0   0   0   0   0   0
F14_3   0   0   0   0   0   0   0   0   0   0   0    0    0   0   0   0   0   0
F14_4   0   0   0   0   0   0   0   0   0   0   0    0    0   0   0   0   0   0

:     F12_3 F12_4 F13 F13_1 F13_2 F13_3 F13_4 F14 F14_1 F14_2 F14_3 F14_4    :=
C1       0     0    0    0     0     0     0    0    0     0     0     0
C10      0     0    0    0     0     0     0    0    0     0     0     0
C2       0     0    0    0     0     0     0    0    0     0     0     0
C3       0     0    0    0     0     0     0    0    0     0     0     0
C4       0     0    0    0     0     0     0    0    0     0     0     0
C5       0     0    0    0     0     0     0    0    0     0     0     0
C6       0     0    0    0     0     0     0    0    0     0     0     0
C7       0     0    0    0     0     0     0    0    0     0     0     0
C8       0     0    0    0     0     0     0    0    0     0     0     0
C9       0     0    0    0     0     0     0    0    0     0     0     0
F11      0     0    0    0     0     0     0    0    0     0     0     0
F11_1    0     0    0    0     0     0     0    0    0     0     0     0
F11_2    0     0    0    0     0     0     0    0    0     0     0     0
F11_3    0     0    0    0     0     0     0    0    0     0     0     0
F11_4    0     0    0    0     0     0     0    0    0     0     0     0
F12      0     0    0    0     0     0     0    0    0     0     0     0
F12_1    0     0    0    0     0     0     0    0    0     0     0     0
F12_2    0     0    0    0     0     0     0    0    0     0     0     0
F12_3    .     0    0    0     0     0     0    0    0     0     0     0
F12_4    0     .    0    0     0     0     0    0    0     0     0     0
F13      0     0    .    0     0     0     0    0    0     0     0     0
F13_1    0     0    0    .     0     0     0    0    0     0     0     0
F13_2    0     0    0    0     .     0     0    0    0     0     0     0
F13_3    0     0    0    0     0     .     0    0    0     0     0     0
F13_4    0     0    0    0     0     0     .    0    0     0     0     0
F14      0     0    0    0     0     0     0    .    0     0     0     0
F14_1    0     0    0    0     0     0     0    0    .     0     0     0
F14_2    0     0    0    0     0     0     0    0    0     .     0     0
F14_3    0     0    0    0     0     0     0    0    0     0     .     0
F14_4    0     0    0    0     0     0     0    0    0     0     0     .
;

sum{i in D0, j in Vplunend} x[i,j] = 4

sum{i in F, j in V: i != j} xplun[i,j] = 0

sum{i in Vall, j in Vall: i != j} t[i,j]*x[i,j] = 359.457

sum{i in Vplun, j in Vplun: i != j} t[i,j]*xplun[i,j] = 0

sum{i in F} c[i]*R[i] = 0

sum{i in F, j in Vplunend: i != j} b[i]*x[i,j] + sum{i in Vplun, j in V: i
   != j} xplun[i,j] = 1

y [*] :=
   C1 24.6982      C7 58.4368   F11_4 77.75     F13_1  0        F14_3  0
  C10 54.4262      C8 24.1721     F12  0        F13_2  0        F14_4  0
   C2 45.3617      C9 35.2168   F12_1  0        F13_3  0           N0 77.75
   C3 67.2371     F11 77.75     F12_2 77.75     F13_4  0           Nσ  0
   C4 61.6255   F11_1  0        F12_3  0          F14  0
   C5 26.9258   F11_2  0        F12_4  0        F14_1  0
   C6 36.0555   F11_3  0          F13 77.75     F14_2  0
;

yplun [*] :=
   C1 0      C4 0      C8 0   F11_2 0   F12_1 0     F13 0   F13_4 0   F14_3 0
  C10 0      C5 0      C9 0   F11_3 0   F12_2 0   F13_1 0     F14 0   F14_4 0
   C2 0      C6 0     F11 0   F11_4 0   F12_3 0   F13_2 0   F14_1 0
   C3 0      C7 0   F11_1 0     F12 0   F12_4 0   F13_3 0   F14_2 0
;

A [*] :=
   C1  129.413       C8  143.578    F12_1 1236        F13_4    0
  C10   23.3238      C9  132.533    F12_2    0          F14  244.111
   C2   32.3883     F11    0        F12_3 1236        F14_1    0
   C3  253.96     F11_1    0        F12_4    0        F14_2 1236
   C4   16.1245   F11_2    0          F13    0        F14_3    0
   C5  384.271    F11_3    0        F13_1    0        F14_4 1236
   C6 1109        F11_4    0        F13_2    0           N0    0
   C7   19.3132     F12    0        F13_3    0           Nσ 1236
;

Aplun [*] :=
   C1 1212      C6 1199   F11_2    0   F12_3    0   F13_4    0      N0    0
  C10 1212      C7 1216   F11_3    0   F12_4    0     F14    0      Nσ    0
   C2 1203      C8 1223   F11_4    0     F13    0   F14_1    0
   C3 1184      C9 1201     F12    0   F13_1    0   F14_2    0
   C4 1219     F11    0   F12_1    0   F13_2    0   F14_3    0
   C5 1209   F11_1    0   F12_2    0   F13_3    0   F14_4    0
;

u [*] :=
   C1 180      C6 190   F11_2   0   F12_3 200   F13_4   0      N0 200
  C10 200      C7 200   F11_3 200   F12_4   0     F14  40      Nσ   0
   C2 200      C8  20   F11_4   0     F13   0   F14_1   0
   C3  40      C9  40     F12   0   F13_1   0   F14_2   0
   C4 200     F11   0   F12_1   0   F13_2 200   F14_3 200
   C5  30   F11_1   0   F12_2   0   F13_3   0   F14_4 200
;

w [*] :=
   C1 0      C4 0      C8 0   F11_2 0   F12_1 0     F13 0   F13_4 0   F14_3 0
  C10 0      C5 0      C9 0   F11_3 0   F12_2 0   F13_1 0     F14 0   F14_4 0
   C2 0      C6 0     F11 0   F11_4 0   F12_3 0   F13_2 0   F14_1 0      N0 0
   C3 0      C7 0   F11_1 0     F12 0   F12_4 0   F13_3 0   F14_2 0      Nσ 0
;

b [*] :=
  F11  0
F11_1  1
F11_2  1
F11_3  0
F11_4  0
  F12  1
F12_1  0
F12_2  0
F12_3  0
F12_4  1
  F13  0
F13_1  1
F13_2  0
F13_3  0
F13_4  1
  F14  1
F14_1  1
F14_2  1
F14_3  1
F14_4  0
;

c [*] :=
  F11  1
F11_1  0
F11_2  0
F11_3  1
F11_4  1
  F12  0
F12_1  1
F12_2  1
F12_3  1
F12_4  0
  F13  1
F13_1  0
F13_2  1
F13_3  1
F13_4  0
  F14  0
F14_1  0
F14_2  0
F14_3  0
F14_4  1
;

R [*] :=
  F11  0
F11_1  0
F11_2  0
F11_3  0
F11_4  0
  F12  0
F12_1  0
F12_2  0
F12_3  0
F12_4  0
  F13  0
F13_1  0
F13_2  0
F13_3  0
F13_4  0
  F14  0
F14_1  0
F14_2  0
F14_3  0
F14_4  0
;

Y [*] :=
  F11  77.75
F11_1  77.75
F11_2  77.75
F11_3   0
F11_4  77.75
  F12  77.75
F12_1   0
F12_2  77.75
F12_3   0
F12_4  77.75
  F13  77.75
F13_1  77.75
F13_2   0
F13_3   0
F13_4  77.75
  F14  77.75
F14_1  77.75
F14_2  77.75
F14_3  77.75
F14_4   0
;

