MIP Gap (%):  59.5732124493925
_solve_elapsed_time = 28806.3

TotalCost = 4680.56

x [*,*]
# $13 = F11_2
# $14 = F11_3
# $15 = F11_4
# $17 = F12_1
# $18 = F12_2
:      C1 C10  C2  C3  C4  C5  C6  C7  C8  C9 F11 F11_1 $13 $14 $15 F12 $17 $18 :=
C1      .   0   0   1   0   0   0   0   0   0   0    0    0   0   0   0   0   0
C10     0   .   0   0   0   0   0   0   0   0   0    0    0   0   0   0   0   0
C2      0   0   .   0   0   0   0   0   1   0   0    0    0   0   0   0   0   0
C3      0   0   0   .   0   0   0   0   0   0   0    0    0   0   0   0   0   0
C4      0   0   0   0   .   0   0   0   0   0   0    0    0   0   0   0   0   0
C5      0   0   0   0   0   .   0   0   0   0   0    0    0   0   0   0   0   0
C6      0   0   0   0   0   0   .   0   0   0   0    0    0   0   0   0   0   0
C7      0   0   1   0   0   0   0   .   0   0   0    0    0   0   0   0   0   0
C8      0   0   0   0   0   0   0   0   .   1   0    0    0   0   0   0   0   0
C9      0   0   0   0   0   0   0   0   0   .   0    0    0   0   0   0   0   0
F11     0   0   0   0   0   0   0   0   0   0   .    0    0   0   0   0   0   0
F11_1   0   0   0   0   0   0   0   0   0   0   0    .    0   0   0   0   0   0
F11_2   0   0   0   0   0   0   0   0   0   0   0    0    .   0   0   0   0   0
F11_3   0   0   0   0   0   0   0   0   0   0   0    0    0   .   0   0   0   0
F11_4   0   0   0   0   0   0   0   0   0   0   0    0    0   0   .   0   0   0
F12     0   0   0   0   0   0   0   0   0   0   0    0    0   0   0   .   0   0
F12_1   0   0   0   0   0   0   0   0   0   0   0    0    0   0   0   0   .   0
F12_2   0   0   0   0   0   0   0   0   0   0   0    0    0   0   0   0   0   .
F12_3   0   0   0   0   0   0   0   0   0   0   0    0    0   0   0   0   0   0
F12_4   0   0   0   0   0   0   0   0   0   0   0    0    0   0   0   0   0   0
F13     0   0   0   0   0   0   0   0   0   0   0    0    0   0   0   0   0   0
F13_1   0   0   0   0   0   0   0   0   0   0   0    0    0   0   0   0   0   0
F13_2   0   0   0   0   0   0   1   0   0   0   0    0    0   0   0   0   0   0
F13_3   0   0   0   0   0   0   0   0   0   0   0    0    0   0   0   0   0   0
F13_4   0   0   0   0   0   0   0   0   0   0   0    0    0   0   0   0   0   0
F14     0   0   0   0   0   0   0   0   0   0   0    0    0   0   0   0   0   0
F14_1   0   0   0   0   0   0   0   0   0   0   0    0    0   0   0   0   0   0
F14_2   0   0   0   0   0   0   0   0   0   0   0    0    0   0   0   0   0   0
F14_3   0   0   0   0   0   0   0   0   0   0   0    0    0   0   0   0   0   0
F14_4   0   0   0   0   0   0   0   0   0   0   0    0    0   0   0   0   0   0
F15     0   0   0   0   0   0   0   0   0   0   0    0    0   0   0   0   0   0
F15_1   0   0   0   0   0   0   0   0   0   0   0    0    0   0   0   0   0   0
F15_2   0   0   0   0   0   0   0   0   0   0   0    0    0   0   0   0   0   0
F15_3   0   0   0   0   0   0   0   0   0   0   0    0    0   0   0   0   0   0
F15_4   0   0   0   0   0   0   0   0   0   0   0    0    0   0   0   0   0   0
N0      1   1   0   0   1   1   0   1   0   0   0    0    0   0   0   0   0   0
Nσ      0   0   0   0   0   0   0   0   0   0   0    0    0   0   0   0   0   0

# $2 = F12_4
# $4 = F13_1
# $5 = F13_2
# $6 = F13_3
# $7 = F13_4
# $9 = F14_1
# $10 = F14_2
# $11 = F14_3
# $12 = F14_4
# $14 = F15_1
# $15 = F15_2
# $16 = F15_3
# $17 = F15_4
:     F12_3  $2 F13  $4  $5  $6  $7 F14  $9 $10 $11 $12 F15 $14 $15 $16 $17  N0 :=
C1       0    0   0   0   0   0   0   0   0   0   0   0   0   0   0   0   0   0
C10      0    0   0   0   0   0   0   0   0   0   0   0   0   0   0   0   0   0
C2       0    0   0   0   0   0   0   0   0   0   0   0   0   0   0   0   0   0
C3       0    0   0   0   0   0   0   0   0   0   0   0   0   0   0   0   0   0
C4       0    0   1   0   0   0   0   0   0   0   0   0   0   0   0   0   0   0
C5       0    0   0   0   0   0   0   0   0   0   0   0   0   0   0   0   0   0
C6       0    0   0   0   0   0   0   0   0   0   0   0   0   0   0   0   0   0
C7       0    0   0   0   0   0   0   0   0   0   0   0   0   0   0   0   0   0
C8       0    0   0   0   0   0   0   0   0   0   0   0   0   0   0   0   0   0
C9       0    0   0   0   0   0   0   0   0   0   0   0   0   0   0   0   0   0
F11      0    0   0   0   0   0   0   0   0   0   0   0   0   0   0   0   0   0
F11_1    0    0   0   0   0   0   0   0   0   0   0   0   0   0   0   0   0   0
F11_2    0    0   0   0   0   0   0   0   0   0   0   0   0   0   0   0   0   0
F11_3    0    0   0   0   0   0   0   0   0   0   0   0   0   0   0   0   0   0
F11_4    0    0   0   0   0   0   0   0   0   0   0   0   0   0   0   0   0   0
F12      0    0   0   0   0   0   0   0   0   0   0   0   0   0   0   0   0   0
F12_1    0    0   0   0   0   0   0   0   0   0   0   0   0   0   0   0   0   0
F12_2    0    0   0   0   0   0   0   0   0   0   0   0   0   0   0   0   0   0
F12_3    .    0   0   0   0   0   0   0   0   0   0   0   0   0   0   0   0   0
F12_4    0    .   0   0   0   0   0   0   0   0   0   0   0   0   0   0   0   0
F13      0    0   .   0   0   1   0   0   0   0   0   0   0   0   0   0   0   0
F13_1    0    0   0   .   0   0   0   0   0   0   0   0   0   0   0   0   0   0
F13_2    0    0   0   0   .   0   0   0   0   0   0   0   0   0   0   0   0   0
F13_3    0    0   0   0   1   .   0   0   0   0   0   0   0   0   0   0   0   0
F13_4    0    0   0   0   0   0   .   0   0   0   0   0   0   0   0   0   0   0
F14      0    0   0   0   0   0   0   .   0   0   0   0   0   0   0   0   0   0
F14_1    0    0   0   0   0   0   0   0   .   0   0   0   0   0   0   0   0   0
F14_2    0    0   0   0   0   0   0   0   0   .   0   0   0   0   0   0   0   0
F14_3    0    0   0   0   0   0   0   0   0   0   .   0   0   0   0   0   0   0
F14_4    0    0   0   0   0   0   0   0   0   0   0   .   0   0   0   0   0   0
F15      0    0   0   0   0   0   0   0   0   0   0   0   .   0   0   0   0   0
F15_1    0    0   0   0   0   0   0   0   0   0   0   0   0   .   0   0   0   0
F15_2    0    0   0   0   0   0   0   0   0   0   0   0   0   0   .   0   0   0
F15_3    0    0   0   0   0   0   0   0   0   0   0   0   0   0   0   .   0   0
F15_4    0    0   0   0   0   0   0   0   0   0   0   0   0   0   0   0   .   0
N0       0    0   0   0   0   0   0   0   0   0   0   0   0   0   0   0   0   .
Nσ       0    0   0   0   0   0   0   0   0   0   0   0   0   0   0   0   0   0

:      Nσ    :=
C1      0
C10     1
C2      0
C3      1
C4      0
C5      1
C6      1
C7      0
C8      0
C9      1
F11     0
F11_1   0
F11_2   0
F11_3   0
F11_4   0
F12     0
F12_1   0
F12_2   0
F12_3   0
F12_4   0
F13     0
F13_1   0
F13_2   0
F13_3   0
F13_4   0
F14     0
F14_1   0
F14_2   0
F14_3   0
F14_4   0
F15     0
F15_1   0
F15_2   0
F15_3   0
F15_4   0
N0      0
;

xplun [*,*]
# $13 = F11_2
# $14 = F11_3
# $15 = F11_4
# $17 = F12_1
# $18 = F12_2
:      C1 C10  C2  C3  C4  C5  C6  C7  C8  C9 F11 F11_1 $13 $14 $15 F12 $17 $18 :=
C1      .   0   0   0   0   0   0   0   0   0   0    0    0   0   0   0   0   0
C10     0   .   0   0   0   0   0   0   0   0   0    0    0   0   0   0   0   0
C2      0   0   .   0   0   0   0   0   0   0   0    0    0   0   0   0   0   0
C3      0   0   0   .   0   0   0   0   0   0   0    0    0   0   0   0   0   0
C4      0   0   0   0   .   0   0   0   0   0   0    0    0   0   0   0   0   0
C5      0   0   0   0   0   .   0   0   0   0   0    0    0   0   0   0   0   0
C6      0   0   0   0   0   0   .   0   0   0   0    0    0   0   0   0   0   0
C7      0   0   0   0   0   0   0   .   0   0   0    0    0   0   0   0   0   0
C8      0   0   0   0   0   0   0   0   .   0   0    0    0   0   0   0   0   0
C9      0   0   0   0   0   0   0   0   0   .   0    0    0   0   0   0   0   0
F11     0   0   0   0   0   0   0   0   0   0   .    0    0   0   0   0   0   0
F11_1   0   0   0   0   0   0   0   0   0   0   0    .    0   0   0   0   0   0
F11_2   0   0   0   0   0   0   0   0   0   0   0    0    .   0   0   0   0   0
F11_3   0   0   0   0   0   0   0   0   0   0   0    0    0   .   0   0   0   0
F11_4   0   0   0   0   0   0   0   0   0   0   0    0    0   0   .   0   0   0
F12     0   0   0   0   0   0   0   0   0   0   0    0    0   0   0   .   0   0
F12_1   0   0   0   0   0   0   0   0   0   0   0    0    0   0   0   0   .   0
F12_2   0   0   0   0   0   0   0   0   0   0   0    0    0   0   0   0   0   .
F12_3   0   0   0   0   0   0   0   0   0   0   0    0    0   0   0   0   0   0
F12_4   0   0   0   0   0   0   0   0   0   0   0    0    0   0   0   0   0   0
F13     0   0   0   0   0   0   0   0   0   0   0    0    0   0   0   0   0   0
F13_1   0   0   0   0   0   0   0   0   0   0   0    0    0   0   0   0   0   0
F13_2   0   0   0   0   0   0   0   0   0   0   0    0    0   0   0   0   0   0
F13_3   0   0   0   0   0   0   0   0   0   0   0    0    0   0   0   0   0   0
F13_4   0   0   0   0   0   0   0   0   0   0   0    0    0   0   0   0   0   0
F14     0   0   0   0   0   0   0   0   0   0   0    0    0   0   0   0   0   0
F14_1   0   0   0   0   0   0   0   0   0   0   0    0    0   0   0   0   0   0
F14_2   0   0   0   0   0   0   0   0   0   0   0    0    0   0   0   0   0   0
F14_3   0   0   0   0   0   0   0   0   0   0   0    0    0   0   0   0   0   0
F14_4   0   0   0   0   0   0   0   0   0   0   0    0    0   0   0   0   0   0
F15     0   0   0   0   0   0   0   0   0   0   0    0    0   0   0   0   0   0
F15_1   0   0   0   0   0   0   0   0   0   0   0    0    0   0   0   0   0   0
F15_2   0   0   0   0   0   0   0   0   0   0   0    0    0   0   0   0   0   0
F15_3   0   0   0   0   0   0   0   0   0   0   0    0    0   0   0   0   0   0
F15_4   0   0   0   0   0   0   0   0   0   0   0    0    0   0   0   0   0   0

# $5 = F13_2
# $6 = F13_3
# $7 = F13_4
# $9 = F14_1
# $10 = F14_2
# $11 = F14_3
# $12 = F14_4
# $14 = F15_1
# $15 = F15_2
# $16 = F15_3
# $17 = F15_4
:     F12_3 F12_4 F13 F13_1  $5  $6  $7 F14  $9 $10 $11 $12 F15 $14 $15 $16 $17 :=
C1       0     0    0    0    0   0   0   0   0   0   0   0   0   0   0   0   0
C10      0     0    0    0    0   0   0   0   0   0   0   0   0   0   0   0   0
C2       0     0    0    0    0   0   0   0   0   0   0   0   0   0   0   0   0
C3       0     0    0    0    0   0   0   0   0   0   0   0   0   0   0   0   0
C4       0     0    0    0    0   0   0   0   0   0   0   0   0   0   0   0   0
C5       0     0    0    0    0   0   0   0   0   0   0   0   0   0   0   0   0
C6       0     0    0    0    0   0   0   0   0   0   0   0   0   0   0   0   0
C7       0     0    0    0    0   0   0   0   0   0   0   0   0   0   0   0   0
C8       0     0    0    0    0   0   0   0   0   0   0   0   0   0   0   0   0
C9       0     0    0    0    0   0   0   0   0   0   0   0   0   0   0   0   0
F11      0     0    0    0    0   0   0   0   0   0   0   0   0   0   0   0   0
F11_1    0     0    0    0    0   0   0   0   0   0   0   0   0   0   0   0   0
F11_2    0     0    0    0    0   0   0   0   0   0   0   0   0   0   0   0   0
F11_3    0     0    0    0    0   0   0   0   0   0   0   0   0   0   0   0   0
F11_4    0     0    0    0    0   0   0   0   0   0   0   0   0   0   0   0   0
F12      0     0    0    0    0   0   0   0   0   0   0   0   0   0   0   0   0
F12_1    0     0    0    0    0   0   0   0   0   0   0   0   0   0   0   0   0
F12_2    0     0    0    0    0   0   0   0   0   0   0   0   0   0   0   0   0
F12_3    .     0    0    0    0   0   0   0   0   0   0   0   0   0   0   0   0
F12_4    0     .    0    0    0   0   0   0   0   0   0   0   0   0   0   0   0
F13      0     0    .    0    0   0   0   0   0   0   0   0   0   0   0   0   0
F13_1    0     0    0    .    0   0   0   0   0   0   0   0   0   0   0   0   0
F13_2    0     0    0    0    .   0   0   0   0   0   0   0   0   0   0   0   0
F13_3    0     0    0    0    0   .   0   0   0   0   0   0   0   0   0   0   0
F13_4    0     0    0    0    0   0   .   0   0   0   0   0   0   0   0   0   0
F14      0     0    0    0    0   0   0   .   0   0   0   0   0   0   0   0   0
F14_1    0     0    0    0    0   0   0   0   .   0   0   0   0   0   0   0   0
F14_2    0     0    0    0    0   0   0   0   0   .   0   0   0   0   0   0   0
F14_3    0     0    0    0    0   0   0   0   0   0   .   0   0   0   0   0   0
F14_4    0     0    0    0    0   0   0   0   0   0   0   .   0   0   0   0   0
F15      0     0    0    0    0   0   0   0   0   0   0   0   .   0   0   0   0
F15_1    0     0    0    0    0   0   0   0   0   0   0   0   0   .   0   0   0
F15_2    0     0    0    0    0   0   0   0   0   0   0   0   0   0   .   0   0
F15_3    0     0    0    0    0   0   0   0   0   0   0   0   0   0   0   .   0
F15_4    0     0    0    0    0   0   0   0   0   0   0   0   0   0   0   0   .
;

sum{i in D0, j in Vplunend} x[i,j] = 5

sum{i in F, j in V: i != j} xplun[i,j] = 0

sum{i in Vall, j in Vall: i != j} t[i,j]*x[i,j] = 339.266

sum{i in Vplun, j in Vplun: i != j} t[i,j]*xplun[i,j] = 0

sum{i in F} c[i]*R[i] = 2.879

sum{i in F, j in Vplunend: i != j} b[i]*x[i,j] + sum{i in Vplun, j in V: i
   != j} xplun[i,j] = 0

y [*] :=
   C1 53.5839      C8 44.4986   F12_1  0        F13_4  0        F15_2 77.75
  C10 52.4518      C9 31.4986   F12_2  0          F14 77.75     F15_3  0
   C2 55.6789     F11 77.75     F12_3  0        F14_1  0        F15_4  0
   C3 31.0483   F11_1 77.75     F12_4 77.75     F14_2 77.75        N0 77.75
   C4 37.4387   F11_2  0          F13 35.2026   F14_3 77.75        Nσ  0
   C5 42.6929   F11_3  0        F13_1  0        F14_4 77.75
   C6 11.6619   F11_4  0        F13_2 35.2026     F15 77.75
   C7 62.75       F12  0        F13_3 35.2026   F15_1 77.75
;

yplun [*] :=
   C1  0           C7 15        F11_4 64.6136   F13_1  0        F14_3 35.8849
  C10  0           C8  0          F12  0        F13_2 40.4804   F14_4 24.8395
   C2  0           C9  0        F12_1  0        F13_3  0          F15  0
   C3  0          F11  0        F12_2  0        F13_4  0        F15_1  0
   C4  0        F11_1  0        F12_3  0          F14  0        F15_2 35.8849
   C5  0        F11_2 43.3755   F12_4  0        F14_1 24.8395   F15_3  0
   C6  0        F11_3  0          F13  0        F14_2 35.8849   F15_4  0
;

A [*] :=
   C1 1691.3       F11 3129         F13 2186.24      F15 1340.1
  C10  657       F11_1 2146.58    F13_1 3390       F15_1 1463.14
   C2  463       F11_2 3148.66    F13_2 2186.24    F15_2 1600.43
   C3 1801       F11_3 2146.58    F13_3 2186.24    F15_3 2975.53
   C4 2094       F11_4 2146.58    F13_4 2186.24    F15_4 3390
   C5 1885         F12 3159.16      F14 1598.22       N0    0
   C6 3047       F12_1 3159.16    F14_1 1598.22       Nσ 3390
   C7  276       F12_2 1900.22    F14_2 1598.22
   C8 2664       F12_3 1663.47    F14_3  662.926
   C9 2791       F12_4 3085.27    F14_4  268.997
;

Aplun [*] :=
   C1 3365      C7  366   F11_4    0   F13_1    0   F14_3    0      N0    0
  C10  657      C8 2754     F12    0   F13_2    0   F14_4    0      Nσ    0
   C2  463      C9 2881   F12_1    0   F13_3    0     F15    0
   C3 1891     F11    0   F12_2    0   F13_4    0   F15_1    0
   C4 2184   F11_1    0   F12_3    0     F14    0   F15_2    0
   C5 1975   F11_2    0   F12_4    0   F14_1    0   F15_3    0
   C6 3137   F11_3    0     F13    0   F14_2    0   F15_4    0
;

u [*] :=
   C1 700      C7 700   F11_4 640   F13_1 700   F14_3 640      N0 700
  C10 700      C8 680     F12 700   F13_2  20   F14_4 700      Nσ   0
   C2 690      C9 640   F12_1 700   F13_3  20     F15 700
   C3 690     F11 700   F12_2 700   F13_4   0   F15_1 640
   C4  60   F11_1 700   F12_3 700     F14 700   F15_2 700
   C5 700   F11_2 700   F12_4 700   F14_1 700   F15_3 700
   C6  20   F11_3 700     F13  20   F14_2 700   F15_4 700
;

w [*] :=
   C1 0      C5 0     F11 0     F12 0     F13 0     F14 0     F15 0      N0 0
  C10 0      C6 1   F11_1 2   F12_1 0   F13_1 0   F14_1 1   F15_1 0      Nσ 0
   C2 0      C7 1   F11_2 2   F12_2 0   F13_2 2   F14_2 2   F15_2 2
   C3 0      C8 0   F11_3 2   F12_3 0   F13_3 0   F14_3 2   F15_3 0
   C4 0      C9 1   F11_4 2   F12_4 0   F13_4 0   F14_4 1   F15_4 0
;

b [*] :=
  F11 0   F11_4 0   F12_3 0   F13_2 0   F14_1 0     F15 0   F15_4 0
F11_1 0     F12 0   F12_4 0   F13_3 0   F14_2 0   F15_1 0
F11_2 0   F12_1 0     F13 0   F13_4 0   F14_3 0   F15_2 0
F11_3 0   F12_2 0   F13_1 0     F14 0   F14_4 0   F15_3 0
;

c [*] :=
  F11 1   F11_4 1   F12_3 1   F13_2 1   F14_1 1     F15 1   F15_4 1
F11_1 1     F12 1   F12_4 1   F13_3 1   F14_2 1   F15_1 1
F11_2 1   F12_1 1     F13 1   F13_4 1   F14_3 1   F15_2 1
F11_3 1   F12_2 1   F13_1 1     F14 1   F14_4 1   F15_3 1
;

R [*] :=
  F11 0         F12 0         F13 0         F14 0         F15 0
F11_1 0       F12_1 0       F13_1 0       F14_1 0       F15_1 0
F11_2 0       F12_2 0       F13_2 2.879   F14_2 0       F15_2 0
F11_3 0       F12_3 0       F13_3 0       F14_3 0       F15_3 0
F11_4 0       F12_4 0       F13_4 0       F14_4 0       F15_4 0
;

Y [*] :=
  F11 77.75       F12  0          F13 35.2026     F14 77.75       F15 77.75
F11_1 77.75     F12_1  0        F13_1  0        F14_1  0        F15_1 77.75
F11_2  0        F12_2  0        F13_2 38.0816   F14_2 77.75     F15_2 77.75
F11_3  0        F12_3  0        F13_3 35.2026   F14_3 77.75     F15_3  0
F11_4  0        F12_4 77.75     F13_4  0        F14_4 77.75     F15_4  0
;

