MIP Gap (%):  48.00864976493381
_solve_elapsed_time = 28806.7

TotalCost = 4923.44

x [*,*]
# $13 = F11_2
# $14 = F11_3
# $15 = F11_4
# $17 = F12_1
# $18 = F12_2
:      C1 C10  C2  C3  C4  C5  C6  C7  C8  C9 F11 F11_1 $13 $14 $15 F12 $17 $18 :=
C1      .   0   0   0   0   0   0   0   0   0   0    0    0   0   0   0   0   0
C10     0   .   1   0   0   0   0   0   0   0   0    0    0   0   0   0   0   0
C2      1   0   .   0   0   0   0   0   0   0   0    0    0   0   0   0   0   0
C3      0   0   0   .   0   0   0   0   0   0   0    0    0   0   0   0   0   0
C4      0   0   0   1   .   0   0   0   0   0   0    0    0   0   0   0   0   0
C5      0   0   0   0   0   .   0   0   0   0   0    0    0   0   0   0   0   1
C6      0   0   0   0   0   0   .   0   1   0   0    0    0   0   0   0   0   0
C7      0   0   0   0   0   0   0   .   0   0   0    0    0   0   0   0   0   0
C8      0   0   0   0   0   1   0   0   .   0   0    0    0   0   0   0   0   0
C9      0   0   0   0   1   0   0   0   0   .   0    0    0   0   0   0   0   0
F11     0   0   0   0   0   0   0   0   0   0   .    0    0   0   0   0   0   0
F11_1   0   0   0   0   0   0   1   0   0   0   0    .    0   0   0   0   0   0
F11_2   0   0   0   0   0   0   0   0   0   0   0    0    .   0   1   0   0   0
F11_3   0   0   0   0   0   0   0   0   0   0   0    0    0   .   0   0   0   0
F11_4   0   0   0   0   0   0   0   1   0   0   0    0    0   0   .   0   0   0
F12     0   0   0   0   0   0   0   0   0   0   0    0    0   0   0   .   0   0
F12_1   0   1   0   0   0   0   0   0   0   0   0    0    0   0   0   0   .   0
F12_2   0   0   0   0   0   0   0   0   0   0   0    0    0   0   0   0   0   .
F12_3   0   0   0   0   0   0   0   0   0   0   0    0    0   0   0   0   1   0
F12_4   0   0   0   0   0   0   0   0   0   0   0    0    0   0   0   1   0   0
F13     0   0   0   0   0   0   0   0   0   0   0    0    0   0   0   0   0   0
F13_1   0   0   0   0   0   0   0   0   0   1   0    0    0   0   0   0   0   0
F13_2   0   0   0   0   0   0   0   0   0   0   0    0    0   0   0   0   0   0
F13_3   0   0   0   0   0   0   0   0   0   0   0    0    0   0   0   0   0   0
F13_4   0   0   0   0   0   0   0   0   0   0   0    0    0   0   0   0   0   0
N0      0   0   0   0   0   0   0   0   0   0   0    1    1   0   0   0   0   0
Nσ      0   0   0   0   0   0   0   0   0   0   0    0    0   0   0   0   0   0

:     F12_3 F12_4 F13 F13_1 F13_2 F13_3 F13_4  N0  Nσ    :=
C1       0     0    0    0     0     0     0    0   1
C10      0     0    0    0     0     0     0    0   0
C2       0     0    0    0     0     0     0    0   0
C3       0     0    0    0     0     0     0    0   1
C4       0     0    0    0     0     0     0    0   0
C5       0     0    0    0     0     0     0    0   0
C6       0     0    0    0     0     0     0    0   0
C7       0     0    1    0     0     0     0    0   0
C8       0     0    0    0     0     0     0    0   0
C9       0     0    0    0     0     0     0    0   0
F11      0     0    0    0     0     0     0    0   0
F11_1    0     0    0    0     0     0     0    0   0
F11_2    0     0    0    0     0     0     0    0   0
F11_3    0     0    0    0     0     0     0    0   0
F11_4    0     0    0    0     0     0     0    0   0
F12      1     0    0    0     0     0     0    0   0
F12_1    0     0    0    0     0     0     0    0   0
F12_2    0     1    0    0     0     0     0    0   0
F12_3    .     0    0    0     0     0     0    0   0
F12_4    0     .    0    0     0     0     0    0   0
F13      0     0    .    1     0     0     0    0   0
F13_1    0     0    0    .     0     0     0    0   0
F13_2    0     0    0    0     .     0     1    0   0
F13_3    0     0    0    0     1     .     0    0   0
F13_4    0     0    0    0     0     1     .    0   0
N0       0     0    0    0     0     0     0    .   0
Nσ       0     0    0    0     0     0     0    0   .
;

xplun [*,*]
# $13 = F11_2
# $14 = F11_3
# $15 = F11_4
# $17 = F12_1
# $18 = F12_2
:      C1 C10  C2  C3  C4  C5  C6  C7  C8  C9 F11 F11_1 $13 $14 $15 F12 $17 $18 :=
C1      .   0   0   0   0   0   0   0   0   0   0    0    0   0   0   0   0   0
C10     0   .   0   0   0   0   0   0   0   0   0    0    0   0   0   0   0   0
C2      0   0   .   0   0   0   0   0   0   0   0    0    0   0   0   0   0   0
C3      0   0   0   .   0   0   0   0   0   0   0    0    0   0   0   0   0   0
C4      0   0   0   0   .   0   0   0   0   0   0    0    0   0   0   0   0   0
C5      0   0   0   0   0   .   0   0   0   0   0    0    0   0   0   0   0   0
C6      0   0   0   0   0   0   .   0   0   0   0    0    0   0   0   0   0   0
C7      0   0   0   0   0   0   0   .   0   0   0    0    0   0   0   0   0   0
C8      0   0   0   0   0   0   0   0   .   0   0    0    0   0   0   0   0   0
C9      0   0   0   0   0   0   0   0   0   .   0    0    0   0   0   0   0   0
F11     0   0   0   0   0   0   0   0   0   0   .    0    0   0   0   0   0   0
F11_1   0   0   0   0   0   0   0   0   0   0   0    .    0   0   0   0   0   0
F11_2   0   0   0   0   0   0   0   0   0   0   0    0    .   0   0   0   0   0
F11_3   0   0   0   0   0   0   0   0   0   0   0    0    0   .   0   0   0   0
F11_4   0   0   0   0   0   0   0   0   0   0   0    0    0   0   .   0   0   0
F12     0   0   0   0   0   0   0   0   0   0   0    0    0   0   0   .   0   0
F12_1   0   0   0   0   0   0   0   0   0   0   0    0    0   0   0   0   .   0
F12_2   0   0   0   0   0   0   0   0   0   0   0    0    0   0   0   0   0   .
F12_3   0   0   0   0   0   0   0   0   0   0   0    0    0   0   0   0   0   0
F12_4   0   0   0   0   0   0   0   0   0   0   0    0    0   0   0   0   0   0
F13     0   0   0   0   0   0   0   0   0   0   0    0    0   0   0   0   0   0
F13_1   0   0   0   0   0   0   0   0   0   0   0    0    0   0   0   0   0   0
F13_2   0   0   0   0   0   0   0   0   0   0   0    0    0   0   0   0   0   0
F13_3   0   0   0   0   0   0   0   0   0   0   0    0    0   0   0   0   0   0
F13_4   0   0   0   0   0   0   0   0   0   0   0    0    0   0   0   0   0   0

:     F12_3 F12_4 F13 F13_1 F13_2 F13_3 F13_4    :=
C1       0     0    0    0     0     0     0
C10      0     0    0    0     0     0     0
C2       0     0    0    0     0     0     0
C3       0     0    0    0     0     0     0
C4       0     0    0    0     0     0     0
C5       0     0    0    0     0     0     0
C6       0     0    0    0     0     0     0
C7       0     0    0    0     0     0     0
C8       0     0    0    0     0     0     0
C9       0     0    0    0     0     0     0
F11      0     0    0    0     0     0     0
F11_1    0     0    0    0     0     0     0
F11_2    0     0    0    0     0     0     0
F11_3    0     0    0    0     0     0     0
F11_4    0     0    0    0     0     0     0
F12      0     0    0    0     0     0     0
F12_1    0     0    0    0     0     0     0
F12_2    0     0    0    0     0     0     0
F12_3    .     0    0    0     0     0     0
F12_4    0     .    0    0     0     0     0
F13      0     0    .    0     0     0     0
F13_1    0     0    0    .     0     0     0
F13_2    0     0    0    0     .     0     0
F13_3    0     0    0    0     0     .     0
F13_4    0     0    0    0     0     0     .
;

sum{i in D0, j in Vplunend} x[i,j] = 2

sum{i in F, j in V: i != j} xplun[i,j] = 0

sum{i in Vall, j in Vall: i != j} t[i,j]*x[i,j] = 228.281

sum{i in Vplun, j in Vplun: i != j} t[i,j]*xplun[i,j] = 0

sum{i in F} c[i]*R[i] = 0

sum{i in F, j in Vplunend: i != j} b[i]*x[i,j] + sum{i in Vplun, j in V: i
   != j} xplun[i,j] = 2

y [*] :=
   C1 11.6619           C9 56.7261        F12_3  0
  C10 36.13            F11  0             F12_4  0
   C2 23.3238        F11_1 77.75            F13  0.000286154
   C3 18.0278        F11_2 77.75          F13_1 77.7499
   C4 51.7261        F11_3  0             F13_2 77.75
   C5  8             F11_4 77.75          F13_3 77.75
   C6 61.9386          F12  0             F13_4 77.75
   C7 61.1971        F12_1 73.184            N0 77.75
   C8 18.198         F12_2  0                Nσ  0
;

yplun [*] :=
   C1   0           C7   0        F11_4   0        F13_1   0
  C10   0           C8  63.0714     F12   0        F13_2   0
   C2 155.5         C9   0        F12_1   0        F13_3   0
   C3   0          F11   0        F12_2   0        F13_4   0
   C4   0        F11_1   0        F12_3   0
   C5   0        F11_2   0        F12_4   0
   C6   0        F11_3   0          F13   0
;

A [*] :=
   C1 3127           C7  508        F11_4    0        F13_1  610.042
  C10 2456           C8  607.802      F12  806        F13_2    0
   C2 2841           C9 1360        F12_1  806        F13_3    0
   C3 2400          F11    0        F12_2  806        F13_4    0
   C4 1455        F11_1   77.9054   F12_3  806           N0    0
   C5  708        F11_2    0        F12_4  806           Nσ 3390
   C6  358        F11_3 2553.39       F13  610.042
;

Aplun [*] :=
   C1 3217      C5 1118     F11  448     F12  448     F13  448      N0    0
  C10 2546      C6  448   F11_1  448   F12_1  448   F13_1  448      Nσ    0
   C2 3838      C7  918   F11_2  448   F12_2  448   F13_2  448
   C3 2720      C8  737   F11_3  448   F12_3  448   F13_3  448
   C4 2955      C9 2950   F11_4  448   F12_4  448   F13_4  448
;

u [*] :=
   C1  20      C5  80     F11 700     F12  70     F13 690      N0 700
  C10  70      C6 670   F11_1 670   F12_1  70   F13_1 690      Nσ   0
   C2  30      C7 700   F11_2 700   F12_2  70   F13_2 690
   C3 640      C8  90   F11_3   0   F12_3  70   F13_3 690
   C4 660      C9 690   F11_4 700   F12_4  70   F13_4 690
;

w [*] :=
   C1 0      C4 0      C8 0   F11_2 0   F12_1 0     F13 0   F13_4 0
  C10 0      C5 0      C9 0   F11_3 0   F12_2 0   F13_1 0      N0 0
   C2 0      C6 0     F11 0   F11_4 0   F12_3 0   F13_2 0      Nσ 0
   C3 0      C7 0   F11_1 0     F12 0   F12_4 0   F13_3 0
;

b [*] :=
  F11  0
F11_1  0
F11_2  0
F11_3  0
F11_4  0
  F12  0
F12_1  0
F12_2  0
F12_3  1
F12_4  0
  F13  0.999996
F13_1  0
F13_2  0
F13_3  0
F13_4  0
;

c [*] :=
  F11  1
F11_1  1
F11_2  1
F11_3  1
F11_4  1
  F12  1
F12_1  1
F12_2  1
F12_3  0
F12_4  1
  F13  4.35488e-06
F13_1  1
F13_2  1
F13_3  1
F13_4  1
;

R [*] :=
  F11  0
F11_1  0
F11_2  0
F11_3  0
F11_4  0
  F12  0
F12_1  0
F12_2  0
F12_3  0
F12_4  0
  F13  0
F13_1  0
F13_2  0
F13_3  0
F13_4  0
;

Y [*] :=
  F11   0
F11_1  77.75
F11_2  77.75
F11_3   0
F11_4  77.75
  F12   0
F12_1  73.184
F12_2   0
F12_3  77.75
F12_4   0
  F13  77.7499
F13_1  77.7499
F13_2  77.75
F13_3  77.75
F13_4  77.75
;

