MIP Gap (%):  51.39617342465066
_solve_elapsed_time = 28816

TotalCost = 3427

x [*,*]
# $12 = F11_1
# $13 = F11_2
# $14 = F11_3
:      C1 C10  C2  C3  C4      C5     C6  C7  C8  C9       F11     $12 $13 $14 :=
C1      .   0   0   0   0   0          0   0   0   0   0             0   0   0
C10     1   .   0   0   0   0          0   0   0   0   0             0   0   0
C2      0   1   .   0   0   0          0   0   0   0   0             0   0   0
C3      0   0   0   .   0   0          0   0   0   1   0             0   0   0
C4      0   0   0   0   .   0          0   0   1   0   0             0   0   0
C5      0   0   0   0   0    .         1   0   0   0   0             0   0   0
C6      0   0   0   0   0   0          .   0   0   0   0             0   0   0
C7      0   0   0   0   0   0          0   .   0   0   0             0   0   0
C8      0   0   0   0   0   0          0   1   .   0   0             0   0   0
C9      0   0   0   0   0   0          0   0   0   .   0             0   0   0
F11     0   0   0   0   0   0          0   0   0   0    .            0   0   0
F11_1   0   0   0   0   0   0          0   0   0   0   0             .   0   0
F11_2   0   0   0   0   0   0          0   0   0   0   9.25031e-07   0   .   0
F11_3   0   0   0   0   0   0          0   0   0   0   0             0   0   .
F11_4   0   0   0   0   0   0          0   0   0   0   0             0   0   0
F12     0   0   0   0   0   0          0   0   0   0   0             0   0   0
F12_1   0   0   0   0   0   0          0   0   0   0   0             0   0   0
F12_2   0   0   0   0   0   0          0   0   0   0   0             0   0   0
F12_3   0   0   0   0   0   0          0   0   0   0   0             0   0   0
F12_4   0   0   0   0   0   0          0   0   0   0   0             0   0   0
F13     0   0   0   0   0   0          0   0   0   0   0             0   0   0
F13_1   0   0   0   0   0   0          0   0   0   0   0             0   0   0
F13_2   0   0   0   0   0   0          0   0   0   0   0             0   0   0
F13_3   0   0   0   0   0   0          0   0   0   0   0             0   0   0
F13_4   0   0   0   0   0   0          0   0   0   0   0.999999      0   0   0
N0      0   0   1   1   1   0.999999   0   0   0   0   0             0   0   0
Nσ      0   0   0   0   0   0          0   0   0   0   0             0   0   0

:     F11_4 F12 F12_1 F12_2 F12_3 F12_4 F13 F13_1 F13_2 F13_3 F13_4  N0  Nσ :=
C1       0    0    0     0     0     0    0    0     0     1     0    0   0
C10      0    0    0     0     0     0    0    0     0     0     0    0   0
C2       0    0    0     0     0     0    0    0     0     0     0    0   0
C3       0    0    0     0     0     0    0    0     0     0     0    0   0
C4       0    0    0     0     0     0    0    0     0     0     0    0   0
C5       0    0    0     0     0     0    0    0     0     0     0    0   0
C6       0    0    0     0     0     0    0    0     0     0     0    0   1
C7       0    0    0     0     0     0    0    0     0     0     0    0   1
C8       0    0    0     0     0     0    0    0     0     0     0    0   0
C9       0    0    0     0     0     0    0    0     0     0     0    0   1
F11      0    0    0     0     0     0    0    0     0     0     0    0   1
F11_1    0    0    0     0     0     0    0    0     0     0     0    0   0
F11_2    0    0    0     0     0     0    0    0     0     0     0    0   0
F11_3    0    0    0     0     0     0    0    0     0     0     0    0   0
F11_4    .    0    0     0     0     0    0    0     0     0     0    0   0
F12      0    .    0     0     0     0    0    0     0     0     0    0   0
F12_1    0    0    .     0     0     0    0    0     0     0     0    0   0
F12_2    0    0    0     .     0     0    0    0     0     0     0    0   0
F12_3    0    0    0     0     .     0    0    0     0     0     0    0   0
F12_4    0    0    0     0     0     .    0    0     0     0     0    0   0
F13      0    0    0     0     0     0    .    0     0     0     0    0   0
F13_1    0    0    0     0     0     0    0    .     0     0     0    0   0
F13_2    0    0    0     0     0     0    0    0     .     0     0    0   0
F13_3    0    0    0     0     0     0    0    0     0     .     1    0   0
F13_4    0    0    0     0     0     0    0    0     0     0     .    0   0
N0       0    0    0     0     0     0    0    0     0     0     0    .   0
Nσ       0    0    0     0     0     0    0    0     0     0     0    0   .
;

xplun [*,*]
# $13 = F11_2
# $14 = F11_3
# $15 = F11_4
# $17 = F12_1
# $18 = F12_2
:      C1 C10  C2  C3  C4  C5  C6  C7  C8  C9 F11 F11_1 $13 $14 $15 F12 $17 $18 :=
C1      .   0   0   0   0   0   0   0   0   0   0    0    0   0   0   0   0   0
C10     0   .   0   0   0   0   0   0   0   0   0    0    0   0   0   0   0   0
C2      0   0   .   0   0   0   0   0   0   0   0    0    0   0   0   0   0   0
C3      0   0   0   .   0   0   0   0   0   0   0    0    0   0   0   0   0   0
C4      0   0   0   0   .   0   0   0   0   0   0    0    0   0   0   0   0   0
C5      0   0   0   0   0   .   0   0   0   0   0    0    0   0   0   0   0   0
C6      0   0   0   0   0   0   .   0   0   0   0    0    0   0   0   0   0   0
C7      0   0   0   0   0   0   0   .   0   0   0    0    0   0   0   0   0   0
C8      0   0   0   0   0   0   0   0   .   0   0    0    0   0   0   0   0   0
C9      0   0   0   0   0   0   0   0   0   .   0    0    0   0   0   0   0   0
F11     0   0   0   0   0   0   0   0   0   0   .    0    0   0   0   0   0   0
F11_1   0   0   0   0   0   0   0   0   0   0   0    .    0   0   0   0   0   0
F11_2   0   0   0   0   0   0   0   0   0   0   0    0    .   0   0   0   0   0
F11_3   0   0   0   0   0   0   0   0   0   0   0    0    0   .   0   0   0   0
F11_4   0   0   0   0   0   0   0   0   0   0   0    0    0   0   .   0   0   0
F12     0   0   0   0   0   0   0   0   0   0   0    0    0   0   0   .   0   0
F12_1   0   0   0   0   0   0   0   0   0   0   0    0    0   0   0   0   .   0
F12_2   0   0   0   0   0   0   0   0   0   0   0    0    0   0   0   0   0   .
F12_3   0   0   0   0   0   0   0   0   0   0   0    0    0   0   0   0   0   0
F12_4   0   0   0   0   0   0   0   0   0   0   0    0    0   0   0   0   0   0
F13     0   0   0   0   0   0   0   0   0   0   0    0    0   0   0   0   0   0
F13_1   0   0   0   0   0   0   0   0   0   0   0    0    0   0   0   0   0   0
F13_2   0   0   0   0   0   0   0   0   0   0   0    0    0   0   0   0   0   0
F13_3   0   0   0   0   0   0   0   0   0   0   0    0    0   0   0   0   0   0
F13_4   0   0   0   0   0   0   0   0   0   0   0    0    0   0   0   0   0   0

:     F12_3 F12_4 F13 F13_1 F13_2 F13_3 F13_4    :=
C1       0     0    0    0     0     0     0
C10      0     0    0    0     0     0     0
C2       0     0    0    0     0     0     0
C3       0     0    0    0     0     0     0
C4       0     0    0    0     0     0     0
C5       0     0    0    0     0     0     0
C6       0     0    0    0     0     0     0
C7       0     0    0    0     0     0     0
C8       0     0    0    0     0     0     0
C9       0     0    0    0     0     0     0
F11      0     0    0    0     0     0     0
F11_1    0     0    0    0     0     0     0
F11_2    0     0    0    0     0     0     0
F11_3    0     0    0    0     0     0     0
F11_4    0     0    0    0     0     0     0
F12      0     0    0    0     0     0     0
F12_1    0     0    0    0     0     0     0
F12_2    0     0    0    0     0     0     0
F12_3    .     0    0    0     0     0     0
F12_4    0     .    0    0     0     0     0
F13      0     0    .    0     0     0     0
F13_1    0     0    0    .     0     0     0
F13_2    0     0    0    0     .     0     0
F13_3    0     0    0    0     0     .     0
F13_4    0     0    0    0     0     0     .
;

sum{i in D0, j in Vplunend} x[i,j] = 4

sum{i in F, j in V: i != j} xplun[i,j] = 0

sum{i in Vall, j in Vall: i != j} t[i,j]*x[i,j] = 206.113

sum{i in Vplun, j in Vplun: i != j} t[i,j]*xplun[i,j] = 0

sum{i in F} c[i]*R[i] = 5.65868

sum{i in F, j in Vplunend: i != j} b[i]*x[i,j] + sum{i in Vplun, j in V: i
   != j} xplun[i,j] = 0

y [*] :=
   C1 20.1545           C9 11.1803        F12_3  0
  C10 25.2535          F11  5.63272e-05   F12_4 60.63
   C2 36.2989        F11_1 60.63            F13 60.63
   C3 19.2426        F11_2  0             F13_1 60.63
   C4 44.8186        F11_3 60.63          F13_2 60.63
   C5 51.9993        F11_4  0             F13_3 13.4463
   C6 27.5862          F12  0             F13_4 19.105
   C7 21.095         F12_1  0                N0 60.63
   C8 29.1573        F12_2  0                Nσ  0
;

yplun [*] :=
   C1 121.26      C5 121.26     F11 121.26     F12 121.26     F13 121.26
  C10 121.26      C6 121.26   F11_1 121.26   F12_1 121.26   F13_1 121.26
   C2 121.26      C7 121.26   F11_2 121.26   F12_2 121.26   F13_2 121.26
   C3 121.26      C8 121.26   F11_3 121.26   F12_3 121.26   F13_3 121.26
   C4 121.26      C9 121.26   F11_4 121.26   F12_4 121.26   F13_4 121.26
;

A [*] :=
   C1 137.144        C7 190.915     F11_4 221.682     F13_1  26.0729
  C10 122.045        C8  39.9535      F12  63.5901    F13_2  14.3591
   C2 101            C9 200.915     F12_1 221.682     F13_3 153.853
   C3  95           F11 230         F12_2  55.2718    F13_4 210.895
   C4  15.8114    F11_1  15.3634    F12_3 209.119        N0   0
   C5  37         F11_2 230         F12_4 221.682        Nσ 230
   C6  71.4131    F11_3   7.04512     F13  14.3593
;

Aplun [*] :=
   C1 204      C5  57     F11   0     F12   0     F13   0      N0   0
  C10 200      C6 202   F11_1   0   F12_1   0   F13_1   0      Nσ   0
   C2 121      C7 208   F11_2   0   F12_2   0   F13_2   0
   C3 115      C8  52   F11_3   0   F12_3   0   F13_3   0
   C4 214      C9 218   F11_4   0   F12_4   0   F13_4   0
;

u [*] :=
   C1   1                C9  17             F12_3 200
  C10 193               F11   3.90193e-05   F12_4 200
   C2 200             F11_1   0               F13   0
   C3 200             F11_2   0             F13_1   0
   C4 200             F11_3   0             F13_2   0
   C5  42             F11_4 200             F13_3   0
   C6  26               F12   0             F13_4   0
   C7  11             F12_1 200                N0 200
   C8 188             F12_2   0                Nσ   0
;

w [*] :=
   C1 0      C4 0      C8 0   F11_2 0   F12_1 0     F13 0   F13_4 0
  C10 0      C5 0      C9 0   F11_3 0   F12_2 0   F13_1 0      N0 0
   C2 0      C6 0     F11 0   F11_4 0   F12_3 0   F13_2 0      Nσ 0
   C3 0      C7 0   F11_1 0     F12 0   F12_4 0   F13_3 0
;

b [*] :=
  F11  0
F11_1  0
F11_2  0
F11_3  0
F11_4  0
  F12  0
F12_1  0
F12_2  0
F12_3  0
F12_4  0
  F13  0
F13_1  0
F13_2  0
F13_3  0
F13_4  0
;

c [*] :=
  F11  1
F11_1  1
F11_2  1
F11_3  1
F11_4  1
  F12  1
F12_1  1
F12_2  1
F12_3  1
F12_4  1
  F13  1
F13_1  1
F13_2  1
F13_3  1
F13_4  1
;

R [*] :=
  F11  0
F11_1  0
F11_2  0
F11_3  0
F11_4  0
  F12  0
F12_1  0
F12_2  0
F12_3  0
F12_4  0
  F13  0
F13_1  0
F13_2  0
F13_3  5.65868
F13_4  0
;

Y [*] :=
  F11   5.63272e-05
F11_1  60.63
F11_2   0
F11_3  60.63
F11_4   0
  F12   0
F12_1   0
F12_2   0
F12_3   0
F12_4  60.63
  F13  60.63
F13_1  60.63
F13_2  60.63
F13_3  19.105
F13_4  19.105
;

