MIP Gap (%):  28.793126610120485
_solve_elapsed_time = 28804.3

TotalCost = 4743.79

x [*,*]
# $13 = F11_2
# $14 = F11_3
# $15 = F11_4
# $17 = F12_1
# $18 = F12_2
:      C1 C10  C2  C3  C4  C5  C6  C7  C8  C9 F11 F11_1 $13 $14 $15 F12 $17 $18 :=
C1      .   0   0   0   0   0   0   0   0   0   0    0    0   0   0   0   0   0
C10     0   .   0   0   0   0   0   0   0   0   0    0    0   0   0   0   0   0
C2      1   0   .   0   0   0   0   0   0   0   0    0    0   0   0   0   0   0
C3      0   0   0   .   0   0   0   1   0   0   0    0    0   0   0   0   0   0
C4      0   0   1   0   .   0   0   0   0   0   0    0    0   0   0   0   0   0
C5      0   0   0   0   0   .   0   0   0   0   0    0    0   0   0   0   0   0
C6      0   0   0   0   0   0   .   0   0   0   0    0    0   0   0   0   0   0
C7      0   0   0   0   0   0   0   .   0   0   0    1    0   0   0   0   0   0
C8      0   0   0   0   0   0   0   0   .   0   0    0    0   0   0   0   0   0
C9      0   1   0   0   0   0   0   0   0   .   0    0    0   0   0   0   0   0
F11     0   0   0   0   0   0   0   0   0   0   .    0    0   0   0   0   0   0
F11_1   0   0   0   0   0   0   0   0   0   0   0    .    0   0   1   0   0   0
F11_2   0   0   0   0   0   0   0   0   0   0   0    0    .   0   0   0   0   0
F11_3   0   0   0   0   0   0   0   0   0   0   0    0    0   .   0   0   0   0
F11_4   0   0   0   0   0   0   0   0   0   0   0    0    0   0   .   0   0   0
F12     0   0   0   0   0   0   0   0   0   0   0    0    0   0   0   .   0   0
F12_1   0   0   0   0   0   1   0   0   0   0   0    0    0   0   0   0   .   0
F12_2   0   0   0   0   0   0   0   0   0   0   0    0    0   0   0   0   0   .
F12_3   0   0   0   0   0   0   0   0   0   0   0    0    0   0   0   0   1   0
F12_4   0   0   0   0   0   0   0   0   0   0   0    0    0   0   0   0   0   0
F13     0   0   0   0   0   0   0   0   0   0   0    0    0   0   0   0   0   0
F13_1   0   0   0   0   0   0   0   0   0   0   0    0    0   0   0   0   0   0
F13_2   0   0   0   0   0   0   0   0   0   0   0    0    0   0   0   0   0   0
F13_3   0   0   0   0   0   0   0   0   0   0   0    0    0   0   0   0   0   0
F13_4   0   0   0   0   0   0   0   0   0   0   0    0    0   0   0   0   0   0
F14     0   0   0   0   0   0   0   0   0   0   0    0    0   0   0   0   0   0
F14_1   0   0   0   0   0   0   0   0   0   0   0    0    0   0   0   0   0   0
F14_2   0   0   0   0   0   0   0   0   0   0   0    0    0   0   0   0   0   0
F14_3   0   0   0   0   0   0   0   0   0   0   0    0    0   0   0   0   0   0
F14_4   0   0   0   0   0   0   0   0   0   0   0    0    0   0   0   0   0   0
N0      0   0   0   1   1   0   1   0   1   1   0    0    0   0   0   0   0   0
Nσ      0   0   0   0   0   0   0   0   0   0   0    0    0   0   0   0   0   0

# $12 = F14_4
:     F12_3 F12_4 F13 F13_1 F13_2 F13_3 F13_4 F14 F14_1 F14_2 F14_3 $12  N0  Nσ :=
C1       0     0    0    0     0     0     0    0    0     0     0    0   0   1
C10      0     0    0    0     0     0     0    0    0     0     0    0   0   1
C2       0     0    0    0     0     0     0    0    0     0     0    0   0   0
C3       0     0    0    0     0     0     0    0    0     0     0    0   0   0
C4       0     0    0    0     0     0     0    0    0     0     0    0   0   0
C5       0     0    0    0     0     0     0    0    0     0     0    0   0   1
C6       1     0    0    0     0     0     0    0    0     0     0    0   0   0
C7       0     0    0    0     0     0     0    0    0     0     0    0   0   0
C8       0     0    0    0     0     0     0    0    0     0     0    0   0   1
C9       0     0    0    0     0     0     0    0    0     0     0    0   0   0
F11      0     0    0    0     0     0     0    0    0     0     0    0   0   0
F11_1    0     0    0    0     0     0     0    0    0     0     0    0   0   0
F11_2    0     0    0    0     0     0     0    0    0     0     0    0   0   0
F11_3    0     0    0    0     0     0     0    0    0     0     0    0   0   0
F11_4    0     0    0    0     0     0     0    0    0     0     0    0   0   1
F12      0     0    0    0     0     0     0    0    0     0     0    0   0   0
F12_1    0     0    0    0     0     0     0    0    0     0     0    0   0   0
F12_2    0     0    0    0     0     0     0    0    0     0     0    0   0   0
F12_3    .     0    0    0     0     0     0    0    0     0     0    0   0   0
F12_4    0     .    0    0     0     0     0    0    0     0     0    0   0   0
F13      0     0    .    0     0     0     0    0    0     0     0    0   0   0
F13_1    0     0    0    .     0     0     0    0    0     0     0    0   0   0
F13_2    0     0    0    0     .     0     0    0    0     0     0    0   0   0
F13_3    0     0    0    0     0     .     0    0    0     0     0    0   0   0
F13_4    0     0    0    0     0     0     .    0    0     0     0    0   0   0
F14      0     0    0    0     0     0     0    .    0     0     0    0   0   0
F14_1    0     0    0    0     0     0     0    0    .     0     0    0   0   0
F14_2    0     0    0    0     0     0     0    0    0     .     0    0   0   0
F14_3    0     0    0    0     0     0     0    0    0     0     .    0   0   0
F14_4    0     0    0    0     0     0     0    0    0     0     0    .   0   0
N0       0     0    0    0     0     0     0    0    0     0     0    0   .   0
Nσ       0     0    0    0     0     0     0    0    0     0     0    0   0   .
;

xplun [*,*]
# $13 = F11_2
# $14 = F11_3
# $15 = F11_4
# $17 = F12_1
# $18 = F12_2
:      C1 C10  C2  C3  C4  C5  C6  C7  C8  C9 F11 F11_1 $13 $14 $15 F12 $17 $18 :=
C1      .   0   0   0   0   0   0   0   0   0   0    0    0   0   0   0   0   0
C10     0   .   0   0   0   0   0   0   0   0   0    0    0   0   0   0   0   0
C2      0   0   .   0   0   0   0   0   0   0   0    0    0   0   0   0   0   0
C3      0   0   0   .   0   0   0   0   0   0   0    0    0   0   0   0   0   0
C4      0   0   0   0   .   0   0   0   0   0   0    0    0   0   0   0   0   0
C5      0   0   0   0   0   .   0   0   0   0   0    0    0   0   0   0   0   0
C6      0   0   0   0   0   0   .   0   0   0   0    0    0   0   0   0   0   0
C7      0   0   0   0   0   0   0   .   0   0   0    0    0   0   0   0   0   0
C8      0   0   0   0   0   0   0   0   .   0   0    0    0   0   0   0   0   0
C9      0   0   0   0   0   0   0   0   0   .   0    0    0   0   0   0   0   0
F11     0   0   0   0   0   0   0   0   0   0   .    0    0   0   0   0   0   0
F11_1   0   0   0   0   0   0   0   0   0   0   0    .    0   0   0   0   0   0
F11_2   0   0   0   0   0   0   0   0   0   0   0    0    .   0   0   0   0   0
F11_3   0   0   0   0   0   0   0   0   0   0   0    0    0   .   0   0   0   0
F11_4   0   0   0   0   0   0   0   0   0   0   0    0    0   0   .   0   0   0
F12     0   0   0   0   0   0   0   0   0   0   0    0    0   0   0   .   0   0
F12_1   0   0   0   0   0   0   0   0   0   0   0    0    0   0   0   0   .   0
F12_2   0   0   0   0   0   0   0   0   0   0   0    0    0   0   0   0   0   .
F12_3   0   0   0   0   0   0   0   0   0   0   0    0    0   0   0   0   0   0
F12_4   0   0   0   0   0   0   0   0   0   0   0    0    0   0   0   0   0   0
F13     0   0   0   0   0   0   0   0   0   0   0    0    0   0   0   0   0   0
F13_1   0   0   0   0   0   0   0   0   0   0   0    0    0   0   0   0   0   0
F13_2   0   0   0   0   0   0   0   0   0   0   0    0    0   0   0   0   0   0
F13_3   0   0   0   0   0   0   0   0   0   0   0    0    0   0   0   0   0   0
F13_4   0   0   0   0   0   0   0   0   0   0   0    0    0   0   0   0   0   0
F14     0   0   0   0   0   0   0   0   0   0   0    0    0   0   0   0   0   0
F14_1   0   0   0   0   0   0   0   0   0   0   0    0    0   0   0   0   0   0
F14_2   0   0   0   0   0   0   0   0   0   0   0    0    0   0   0   0   0   0
F14_3   0   0   0   0   0   0   0   0   0   0   0    0    0   0   0   0   0   0
F14_4   0   0   0   0   0   0   0   0   0   0   0    0    0   0   0   0   0   0

:     F12_3 F12_4 F13 F13_1 F13_2 F13_3 F13_4 F14 F14_1 F14_2 F14_3 F14_4    :=
C1       0     0    0    0     0     0     0    0    0     0     0     0
C10      0     0    0    0     0     0     0    0    0     0     0     0
C2       0     0    0    0     0     0     0    0    0     0     0     0
C3       0     0    0    0     0     0     0    0    0     0     0     0
C4       0     0    0    0     0     0     0    0    0     0     0     0
C5       0     0    0    0     0     0     0    0    0     0     0     0
C6       0     0    0    0     0     0     0    0    0     0     0     0
C7       0     0    0    0     0     0     0    0    0     0     0     0
C8       0     0    0    0     0     0     0    0    0     0     0     0
C9       0     0    0    0     0     0     0    0    0     0     0     0
F11      0     0    0    0     0     0     0    0    0     0     0     0
F11_1    0     0    0    0     0     0     0    0    0     0     0     0
F11_2    0     0    0    0     0     0     0    0    0     0     0     0
F11_3    0     0    0    0     0     0     0    0    0     0     0     0
F11_4    0     0    0    0     0     0     0    0    0     0     0     0
F12      0     0    0    0     0     0     0    0    0     0     0     0
F12_1    0     0    0    0     0     0     0    0    0     0     0     0
F12_2    0     0    0    0     0     0     0    0    0     0     0     0
F12_3    .     0    0    0     0     0     0    0    0     0     0     0
F12_4    0     .    0    0     0     0     0    0    0     0     0     0
F13      0     0    .    0     0     0     0    0    0     0     0     0
F13_1    0     0    0    .     0     0     0    0    0     0     0     0
F13_2    0     0    0    0     .     0     0    0    0     0     0     0
F13_3    0     0    0    0     0     .     0    0    0     0     0     0
F13_4    0     0    0    0     0     0     .    0    0     0     0     0
F14      0     0    0    0     0     0     0    .    0     0     0     0
F14_1    0     0    0    0     0     0     0    0    .     0     0     0
F14_2    0     0    0    0     0     0     0    0    0     .     0     0
F14_3    0     0    0    0     0     0     0    0    0     0     .     0
F14_4    0     0    0    0     0     0     0    0    0     0     0     .
;

sum{i in D0, j in Vplunend} x[i,j] = 5

sum{i in F, j in V: i != j} xplun[i,j] = 0

sum{i in Vall, j in Vall: i != j} t[i,j]*x[i,j] = 262.639

sum{i in Vplun, j in Vplun: i != j} t[i,j]*xplun[i,j] = 0

sum{i in F} c[i]*R[i] = 11.174

sum{i in F, j in Vplunend: i != j} b[i]*x[i,j] + sum{i in Vplun, j in V: i
   != j} xplun[i,j] = 0

y [*] :=
   C1 19.6977      C7 24.3311   F11_4  0        F13_1  0        F14_3  0
  C10 24.0416      C8 22.4722     F12 60.63     F13_2  0        F14_4  0
   C2 27.859       C9 48.5884   F12_1 43.8995   F13_3  0           N0 60.63
   C3 37.059      F11  0        F12_2  0        F13_4  0           Nσ  0
   C4 39.5209   F11_1  0        F12_3 32.7255     F14 60.63
   C5 34        F11_2  0        F12_4 60.63     F14_1  0
   C6 43.1658   F11_3  0          F13 52.7129   F14_2 60.63
;

yplun [*] :=
   C1 121.26      C6 121.26   F11_2 121.26   F12_3 121.26   F13_4 121.26
  C10 121.26      C7 121.26   F11_3 121.26   F12_4 121.26     F14 121.26
   C2 121.26      C8 121.26   F11_4 121.26     F13 121.26   F14_1 121.26
   C3 121.26      C9 121.26     F12 121.26   F13_1 121.26   F14_2 121.26
   C4 121.26     F11 121.26   F12_1 121.26   F13_2 121.26   F14_3 121.26
   C5 121.26   F11_1 121.26   F12_2 121.26   F13_3 121.26   F14_4 121.26
;

A [*] :=
   C1  817          C8  208       F12_1  767.101   F13_4 1000
  C10  798          C9  436       F12_2  605.658     F14  751.325
   C2  642         F11  821       F12_3  604.909   F14_1  878.87
   C3  413.272   F11_1  981.406   F12_4  955.558   F14_2  751.325
   C4  255       F11_2  832.105     F13  306.36    F14_3  827.318
   C5  777       F11_3  271.325   F13_1  232.9     F14_4 1000
   C6  152       F11_4 1000       F13_2  232.9        N0    0
   C7  436         F12  955.558   F13_3  748.558      Nσ 1000
;

Aplun [*] :=
   C1 962          C7 521       F11_4   0       F13_1   0       F14_3   0
  C10 975          C8 249         F12   0       F13_2   0       F14_4   0
   C2 652          C9 513       F12_1   0       F13_3   0          N0   0
   C3 423.272     F11   0       F12_2   0       F13_4   0          Nσ   0
   C4 265       F11_1   0       F12_3   0         F14   0
   C5 787       F11_2   0       F12_4   0       F14_1   0
   C6 285       F11_3   0         F13   0       F14_2   0
;

u [*] :=
   C1  971      C6 1000   F11_2 1000   F12_3   23   F13_4  973      N0 1000
  C10  973      C7  988   F11_3 1000   F12_4 1000     F14 1000      Nσ    0
   C2  984      C8 1000   F11_4  981     F13  973   F14_1 1000
   C3 1000      C9 1000     F12 1000   F13_1  973   F14_2 1000
   C4 1000     F11 1000   F12_1   23   F13_2  973   F14_3 1000
   C5   23   F11_1  981   F12_2 1000   F13_3  973   F14_4 1000
;

w [*] :=
   C1 0      C4 0      C8 0   F11_2 0   F12_1 0     F13 0   F13_4 0   F14_3 0
  C10 0      C5 0      C9 0   F11_3 0   F12_2 0   F13_1 0     F14 0   F14_4 0
   C2 0      C6 0     F11 0   F11_4 0   F12_3 0   F13_2 0   F14_1 0      N0 0
   C3 0      C7 0   F11_1 0     F12 0   F12_4 0   F13_3 0   F14_2 0      Nσ 0
;

b [*] :=
  F11  0
F11_1  0
F11_2  0
F11_3  0
F11_4  0
  F12  0
F12_1  0
F12_2  0
F12_3  0
F12_4  0
  F13  0
F13_1  0
F13_2  0
F13_3  0
F13_4  0
  F14  0
F14_1  0
F14_2  0
F14_3  0
F14_4  0
;

c [*] :=
  F11  1
F11_1  1
F11_2  1
F11_3  1
F11_4  1
  F12  1
F12_1  1
F12_2  1
F12_3  1
F12_4  1
  F13  1
F13_1  1
F13_2  1
F13_3  1
F13_4  1
  F14  1
F14_1  1
F14_2  1
F14_3  1
F14_4  1
;

R [*] :=
  F11   0
F11_1   0
F11_2   0
F11_3   0
F11_4   0
  F12   0
F12_1   0
F12_2   0
F12_3  11.174
F12_4   0
  F13   0
F13_1   0
F13_2   0
F13_3   0
F13_4   0
  F14   0
F14_1   0
F14_2   0
F14_3   0
F14_4   0
;

Y [*] :=
  F11   0
F11_1   0
F11_2   0
F11_3   0
F11_4   0
  F12  60.63
F12_1  43.8995
F12_2   0
F12_3  43.8995
F12_4  60.63
  F13  52.7129
F13_1   0
F13_2   0
F13_3   0
F13_4   0
  F14  60.63
F14_1   0
F14_2  60.63
F14_3   0
F14_4   0
;

