MIP Gap (%):  62.77492989495439
_solve_elapsed_time = 28808.6

TotalCost = 9836.78

x [*,*]
# $13 = F11_2
:      C1 C10      C2     C3  C4  C5  C6  C7      C8     C9 F11    F11_1   $13 :=
C1      .   0   0          0   0   0   0   0   0          0   0   0          0
C10     0   .   0          0   0   1   0   0   0          0   0   0          0
C2      0   0    .         1   0   0   0   0   0          0   0   0          0
C3      0   0   0          .   0   0   0   0   0          0   0   0          0
C4      1   0   0          0   .   0   0   0   0          0   0   0          0
C5      0   0   0          0   0   .   0   0   0          0   0   0          0
C6      0   0   0          0   0   0   .   0   0          0   0   0          0
C7      0   0   0          0   0   0   0   .   0          0   0   0          0
C8      0   0   0          0   0   0   0   0    .         1   0   0          0
C9      0   0   0          0   0   0   0   0   0          .   0   0          0
F11     0   0   0          0   0   0   0   0   0          0   .   0          0
F11_1   0   0   0          0   0   0   0   0   0          0   0    .         0
F11_2   0   0   0          0   0   0   0   0   0          0   0   0          .
F11_3   0   0   0          0   0   0   0   0   0          0   0   0          0
F11_4   0   0   0          0   0   0   0   0   0          0   0   0          0
F12     0   0   0          0   0   0   0   0   0          0   0   0          0
F12_1   0   0   0          0   0   0   0   0   0          0   0   0          0
F12_2   0   0   0          0   0   0   0   0   0          0   0   0          0
F12_3   0   0   0          0   0   0   0   0   0          0   0   0          0
F12_4   0   0   0          0   0   0   0   0   0          0   0   0          0
F13     0   0   0          0   0   0   0   0   0          0   0   0          0
F13_1   0   0   0          0   0   0   0   0   0          0   0   0          0
F13_2   0   0   0          0   0   0   0   0   0          0   0   0.999999   0
F13_3   0   0   0          0   0   0   0   0   0          0   0   0          0
F13_4   0   0   0          0   0   0   0   0   0          0   0   0          0
F14     0   0   0          0   0   0   0   0   0          0   0   0          0
F14_1   0   0   0          0   0   0   0   0   0          0   0   0          0
F14_2   0   0   0          0   0   0   0   1   0          0   0   0          0
F14_3   0   0   0          0   0   0   0   0   0          0   0   0          0
F14_4   0   0   0          0   0   0   0   0   0          0   0   0          0
N0      0   1   0.999999   0   1   0   1   0   0.999999   0   0   0          0
Nσ      0   0   0          0   0   0   0   0   0          0   0   0          0

# $1 = F11_3
# $2 = F11_4
# $4 = F12_1
# $5 = F12_2
# $6 = F12_3
# $7 = F12_4
# $9 = F13_1
# $11 = F13_3
# $12 = F13_4
# $14 = F14_1
# $15 = F14_2
:      $1  $2 F12  $4  $5  $6  $7     F13     $9    F13_2   $11 $12 F14 $14 $15 :=
C1      0   0   0   0   0   0   0   0          0   0          0   0   0   0   0
C10     0   0   0   0   0   0   0   0          0   0          0   0   0   0   0
C2      0   0   0   0   0   0   0   0          0   0          0   0   0   0   0
C3      0   0   0   0   0   0   0   0.999999   0   0          0   0   0   0   0
C4      0   0   0   0   0   0   0   0          0   0          0   0   0   0   0
C5      0   0   0   0   0   0   0   0          0   0          0   0   0   0   0
C6      0   0   0   0   0   0   0   0          0   0          0   0   0   0   0
C7      0   0   0   0   0   0   0   0          0   0          0   0   0   0   0
C8      0   0   0   0   0   0   0   0          0   0          0   0   0   0   0
C9      0   0   0   0   0   0   0   0          0   0          0   0   0   0   0
F11     0   0   0   0   0   0   0   0          0   0          0   0   0   0   0
F11_1   0   0   0   0   0   0   0   0          0   0          0   0   0   0   0
F11_2   0   0   0   0   0   0   0   0          0   0          0   0   0   0   0
F11_3   .   0   0   0   0   0   0   0          0   0          0   0   0   0   0
F11_4   0   .   0   0   0   0   0   0          0   0          0   0   0   0   0
F12     0   0   .   0   0   0   0   0          0   0          0   0   0   0   0
F12_1   0   0   0   .   0   0   0   0          0   0          0   0   0   0   0
F12_2   0   0   0   0   .   0   0   0          0   0          0   0   0   0   0
F12_3   0   0   0   0   0   .   0   0          0   0          0   0   0   0   0
F12_4   0   0   0   0   0   0   .   0          0   0          0   0   0   0   0
F13     0   0   0   0   0   0   0    .         0   0.999999   0   0   0   0   0
F13_1   0   0   0   0   0   0   0   0          .   0          0   0   0   0   0
F13_2   0   0   0   0   0   0   0   0          0    .         0   0   0   0   0
F13_3   0   0   0   0   0   0   0   0          0   0          .   0   0   0   0
F13_4   0   0   0   0   0   0   0   0          0   0          0   .   0   0   0
F14     0   0   0   0   0   0   0   0          0   0          0   0   .   0   0
F14_1   0   0   0   0   0   0   0   0          0   0          0   0   0   .   0
F14_2   0   0   0   0   0   0   0   0          0   0          0   0   0   0   .
F14_3   0   0   0   0   0   0   0   0          0   0          0   0   0   0   0
F14_4   0   0   0   0   0   0   0   0          0   0          0   0   0   0   1
N0      0   0   0   0   0   0   0   0          0   0          0   0   0   0   0
Nσ      0   0   0   0   0   0   0   0          0   0          0   0   0   0   0

:     F14_3 F14_4  N0  Nσ    :=
C1       0     0    0   1
C10      0     0    0   0
C2       0     0    0   0
C3       0     0    0   0
C4       0     0    0   0
C5       0     0    0   1
C6       0     1    0   0
C7       0     0    0   1
C8       0     0    0   0
C9       0     0    0   1
F11      0     0    0   0
F11_1    0     0    0   1
F11_2    0     0    0   0
F11_3    0     0    0   0
F11_4    0     0    0   0
F12      0     0    0   0
F12_1    0     0    0   0
F12_2    0     0    0   0
F12_3    0     0    0   0
F12_4    0     0    0   0
F13      0     0    0   0
F13_1    0     0    0   0
F13_2    0     0    0   0
F13_3    0     0    0   0
F13_4    0     0    0   0
F14      0     0    0   0
F14_1    0     0    0   0
F14_2    0     0    0   0
F14_3    .     0    0   0
F14_4    0     .    0   0
N0       0     0    .   0
Nσ       0     0    0   .
;

xplun [*,*]
# $13 = F11_2
# $14 = F11_3
# $15 = F11_4
# $17 = F12_1
# $18 = F12_2
:      C1 C10  C2  C3  C4  C5  C6  C7  C8  C9 F11 F11_1 $13 $14 $15 F12 $17 $18 :=
C1      .   0   0   0   0   0   0   0   0   0   0    0    0   0   0   0   0   0
C10     0   .   0   0   0   0   0   0   0   0   0    0    0   0   0   0   0   0
C2      0   0   .   0   0   0   0   0   0   0   0    0    0   0   0   0   0   0
C3      0   0   0   .   0   0   0   0   0   0   0    0    0   0   0   0   0   0
C4      0   0   0   0   .   0   0   0   0   0   0    0    0   0   0   0   0   0
C5      0   0   0   0   0   .   0   0   0   0   0    0    0   0   0   0   0   0
C6      0   0   0   0   0   0   .   0   0   0   0    0    0   0   0   0   0   0
C7      0   0   0   0   0   0   0   .   0   0   0    0    0   0   0   0   0   0
C8      0   0   0   0   0   0   0   0   .   0   0    0    0   0   0   0   0   0
C9      0   0   0   0   0   0   0   0   0   .   0    0    0   0   0   0   0   0
F11     0   0   0   0   0   0   0   0   0   0   .    0    0   0   0   0   0   0
F11_1   0   0   0   0   0   0   0   0   0   0   0    .    0   0   0   0   0   0
F11_2   0   0   0   0   0   0   0   0   0   0   0    0    .   0   0   0   0   0
F11_3   0   0   0   0   0   0   0   0   0   0   0    0    0   .   0   0   0   0
F11_4   0   0   0   0   0   0   0   0   0   0   0    0    0   0   .   0   0   0
F12     0   0   0   0   0   0   0   0   0   0   0    0    0   0   0   .   0   0
F12_1   0   0   0   0   0   0   0   0   0   0   0    0    0   0   0   0   .   0
F12_2   0   0   0   0   0   0   0   0   0   0   0    0    0   0   0   0   0   .
F12_3   0   0   0   0   0   0   0   0   0   0   0    0    0   0   0   0   0   0
F12_4   0   0   0   0   0   0   0   0   0   0   0    0    0   0   0   0   0   0
F13     0   0   0   0   0   0   0   0   0   0   0    0    0   0   0   0   0   0
F13_1   0   0   0   0   0   0   0   0   0   0   0    0    0   0   0   0   0   0
F13_2   0   0   0   0   0   0   0   0   0   0   0    0    0   0   0   0   0   0
F13_3   0   0   0   0   0   0   0   0   0   0   0    0    0   0   0   0   0   0
F13_4   0   0   0   0   0   0   0   0   0   0   0    0    0   0   0   0   0   0
F14     0   0   0   0   0   0   0   0   0   0   0    0    0   0   0   0   0   0
F14_1   0   0   0   0   0   0   0   0   0   0   0    0    0   0   0   0   0   0
F14_2   0   0   0   0   0   0   0   0   0   0   0    0    0   0   0   0   0   0
F14_3   0   0   0   0   0   0   0   0   0   0   0    0    0   0   0   0   0   0
F14_4   0   0   0   0   0   0   0   0   0   0   0    0    0   0   0   0   0   0

:     F12_3 F12_4 F13 F13_1 F13_2 F13_3 F13_4 F14 F14_1 F14_2 F14_3 F14_4    :=
C1       0     0    0    0     0     0     0    0    0     0     0     0
C10      0     0    0    0     0     0     0    0    0     0     0     0
C2       0     0    0    0     0     0     0    0    0     0     0     0
C3       0     0    0    0     0     0     0    0    0     0     0     0
C4       0     0    0    0     0     0     0    0    0     0     0     0
C5       0     0    0    0     0     0     0    0    0     0     0     0
C6       0     0    0    0     0     0     0    0    0     0     0     0
C7       0     0    0    0     0     0     0    0    0     0     0     0
C8       0     0    0    0     0     0     0    0    0     0     0     0
C9       0     0    0    0     0     0     0    0    0     0     0     0
F11      0     0    0    0     0     0     0    0    0     0     0     0
F11_1    0     0    0    0     0     0     0    0    0     0     0     0
F11_2    0     0    0    0     0     0     0    0    0     0     0     0
F11_3    0     0    0    0     0     0     0    0    0     0     0     0
F11_4    0     0    0    0     0     0     0    0    0     0     0     0
F12      0     0    0    0     0     0     0    0    0     0     0     0
F12_1    0     0    0    0     0     0     0    0    0     0     0     0
F12_2    0     0    0    0     0     0     0    0    0     0     0     0
F12_3    .     0    0    0     0     0     0    0    0     0     0     0
F12_4    0     .    0    0     0     0     0    0    0     0     0     0
F13      0     0    .    0     0     0     0    0    0     0     0     0
F13_1    0     0    0    .     0     0     0    0    0     0     0     0
F13_2    0     0    0    0     .     0     0    0    0     0     0     0
F13_3    0     0    0    0     0     .     0    0    0     0     0     0
F13_4    0     0    0    0     0     0     .    0    0     0     0     0
F14      0     0    0    0     0     0     0    .    0     0     0     0
F14_1    0     0    0    0     0     0     0    0    .     0     0     0
F14_2    0     0    0    0     0     0     0    0    0     .     0     0
F14_3    0     0    0    0     0     0     0    0    0     0     .     0
F14_4    0     0    0    0     0     0     0    0    0     0     0     .
;

sum{i in D0, j in Vplunend} x[i,j] = 5

sum{i in F, j in V: i != j} xplun[i,j] = 0

sum{i in Vall, j in Vall: i != j} t[i,j]*x[i,j] = 423.287

sum{i in Vplun, j in Vplun: i != j} t[i,j]*xplun[i,j] = 0

sum{i in F} c[i]*R[i] = 46.0391

sum{i in F, j in Vplunend: i != j} b[i]*x[i,j] + sum{i in Vplun, j in V: i
   != j} xplun[i,j] = 0

y [*] :=
   C1 19.6469      C7 58.5235   F11_4 77.75     F13_1  0        F14_3 77.75
  C10 40.0278      C8 35.6205     F12  0        F13_2 18.8147   F14_4 35.6905
   C2 50.8242      C9 20        F12_1  0        F13_3  0           N0 77.75
   C3 33.1324     F11 77.75     F12_2  0        F13_4  0           Nσ  0
   C4 39.4963   F11_1  0        F12_3  0          F14  0
   C5 18.0278   F11_2 77.75     F12_4  0        F14_1  0
   C6 62.9852   F11_3 77.75       F13 18.8146   F14_2 76.5235
;

yplun [*] :=
   C1 155.5      C6 155.5   F11_2 155.5   F12_3 155.5   F13_4 155.5
  C10 155.5      C7 155.5   F11_3 155.5   F12_4 155.5     F14 155.5
   C2 155.5      C8 155.5   F11_4 155.5     F13 155.5   F14_1 155.5
   C3 155.5      C9 155.5     F12 155.5   F13_1 155.5   F14_2 155.5
   C4 155.5     F11 155.5   F12_1 155.5   F13_2 155.5   F14_3 155.5
   C5 155.5   F11_1 155.5   F12_2 155.5   F13_3 155.5   F14_4 155.5
;

A [*] :=
   C1 203.983       C8  89        F12_1 240        F13_4 240
  C10  94           C9 121        F12_2 240          F14 240
   C2 106.308      F11 197.017    F12_3 240        F14_1 240
   C3 134        F11_1 240        F12_4 240        F14_2 153
   C4  67        F11_2 197.017      F13 200.751    F14_3 240
   C5 139        F11_3 240        F13_1 165.183    F14_4  52.0595
   C6  14.7648   F11_4 197.017    F13_2 209.888       N0   0
   C7 171          F12 240        F13_3 240           Nσ 240
;

Aplun [*] :=
   C1 220      C6  54   F11_2   0   F12_3   0   F13_4   0      N0   0
  C10 104      C7 181   F11_3   0   F12_4   0     F14   0      Nσ   0
   C2 136      C8  99   F11_4   0     F13   0   F14_1   0
   C3 144      C9 131     F12   0   F13_1   0   F14_2   0
   C4  77     F11   0   F12_1   0   F13_2   0   F14_3   0
   C5 179   F11_1   0   F12_2   0   F13_3   0   F14_4   0
;

u [*] :=
   C1 190      C6 200   F11_2 200   F12_3 200   F13_4 167      N0 200
  C10 186      C7  30   F11_3 186   F12_4 200     F14  30      Nσ   0
   C2 200      C8 200   F11_4 200     F13 167   F14_1 200
   C3 177      C9 160     F12 200   F13_1 200   F14_2  30
   C4 200     F11 200   F12_1 200   F13_2 167   F14_3 200
   C5 176   F11_1 167   F12_2 200   F13_3 200   F14_4 160
;

w [*] :=
   C1 0      C4 0      C8 0   F11_2 0   F12_1 0     F13 0   F13_4 0   F14_3 0
  C10 0      C5 0      C9 0   F11_3 0   F12_2 0   F13_1 0     F14 0   F14_4 0
   C2 0      C6 0     F11 0   F11_4 0   F12_3 0   F13_2 0   F14_1 0      N0 0
   C3 0      C7 0   F11_1 0     F12 0   F12_4 0   F13_3 0   F14_2 0      Nσ 0
;

b [*] :=
  F11  0
F11_1  0
F11_2  0
F11_3  0
F11_4  0
  F12  0
F12_1  0
F12_2  0
F12_3  0
F12_4  0
  F13  0
F13_1  0
F13_2  0
F13_3  0
F13_4  0
  F14  0
F14_1  0
F14_2  0
F14_3  0
F14_4  0
;

c [*] :=
  F11  1
F11_1  1
F11_2  1
F11_3  1
F11_4  1
  F12  1
F12_1  1
F12_2  1
F12_3  1
F12_4  1
  F13  1
F13_1  1
F13_2  1
F13_3  1
F13_4  1
  F14  1
F14_1  1
F14_2  1
F14_3  1
F14_4  1
;

R [*] :=
  F11   0
F11_1   0
F11_2   0
F11_3   0
F11_4   0
  F12   0
F12_1   0
F12_2   0
F12_3   0
F12_4   0
  F13   0
F13_1   0
F13_2   5.20609
F13_3   0
F13_4   0
  F14   0
F14_1   0
F14_2   0
F14_3   0
F14_4  40.833
;

Y [*] :=
  F11  77.75
F11_1   0
F11_2  77.75
F11_3  77.75
F11_4  77.75
  F12   0
F12_1   0
F12_2   0
F12_3   0
F12_4   0
  F13  18.8146
F13_1   0
F13_2  24.0208
F13_3   0
F13_4   0
  F14   0
F14_1   0
F14_2  76.5235
F14_3  77.75
F14_4  76.5235
;

