MIP Gap (%):  40.67913120387575
_solve_elapsed_time = 28803.6

TotalCost = 5123.53

x [*,*]
# $13 = F11_2
# $14 = F11_3
# $15 = F11_4
# $17 = F12_1
# $18 = F12_2
:      C1 C10  C2  C3  C4  C5  C6  C7  C8  C9 F11 F11_1 $13 $14 $15 F12 $17 $18 :=
C1      .   0   0   0   0   0   0   0   0   0   1    0    0   0   0   0   0   0
C10     0   .   0   0   0   0   0   0   0   0   0    0    0   0   0   0   0   0
C2      1   0   .   0   0   0   0   0   0   0   0    0    0   0   0   0   0   0
C3      0   0   0   .   0   0   0   0   0   1   0    0    0   0   0   0   0   0
C4      0   1   0   0   .   0   0   0   0   0   0    0    0   0   0   0   0   0
C5      0   0   0   0   0   .   0   1   0   0   0    0    0   0   0   0   0   0
C6      0   0   0   0   0   0   .   0   0   0   0    0    0   0   0   0   0   0
C7      0   0   0   0   0   0   0   .   0   0   0    0    0   0   0   0   0   0
C8      0   0   0   0   0   0   0   0   .   0   0    0    0   0   0   0   0   0
C9      0   0   0   0   0   0   0   0   0   .   0    0    0   0   0   0   0   0
F11     0   0   0   0   0   0   0   0   0   0   .    0    0   0   0   0   0   0
F11_1   0   0   0   0   0   0   0   0   0   0   0    .    0   0   0   0   0   0
F11_2   0   0   0   0   0   0   0   0   0   0   0    0    .   0   0   0   0   0
F11_3   0   0   0   1   0   0   0   0   0   0   0    0    0   .   0   0   0   0
F11_4   0   0   0   0   0   0   0   0   0   0   0    0    0   0   .   0   0   0
F12     0   0   0   0   0   0   0   0   0   0   0    0    0   0   0   .   0   0
F12_1   0   0   0   0   0   0   0   0   0   0   0    0    0   0   0   0   .   0
F12_2   0   0   0   0   0   0   1   0   0   0   0    0    0   0   0   0   0   .
F12_3   0   0   0   0   0   0   0   0   0   0   0    0    0   0   0   0   0   1
F12_4   0   0   0   0   0   0   0   0   0   0   0    0    0   0   0   0   0   0
F13     0   0   0   0   0   0   0   0   0   0   0    0    0   0   0   0   0   0
F13_1   0   0   0   0   0   0   0   0   0   0   0    0    0   0   0   0   0   0
F13_2   0   0   0   0   0   0   0   0   0   0   0    0    0   0   0   0   0   0
F13_3   0   0   0   0   0   0   0   0   0   0   0    0    0   0   0   0   0   0
F13_4   0   0   0   0   0   0   0   0   0   0   0    0    0   0   0   0   0   0
F14     0   0   0   0   0   0   0   0   0   0   0    0    0   0   0   0   0   0
F14_1   0   0   0   0   0   0   0   0   0   0   0    0    0   0   0   0   0   0
F14_2   0   0   0   0   0   0   0   0   0   0   0    0    0   0   0   0   0   0
F14_3   0   0   0   0   0   0   0   0   0   0   0    0    0   0   0   0   0   0
F14_4   0   0   0   0   0   0   0   0   0   0   0    0    0   0   0   0   0   0
N0      0   0   1   0   1   1   0   0   1   0   0    0    0   1   0   0   0   0
Nσ      0   0   0   0   0   0   0   0   0   0   0    0    0   0   0   0   0   0

# $12 = F14_4
:     F12_3 F12_4 F13 F13_1 F13_2 F13_3 F13_4 F14 F14_1 F14_2 F14_3 $12  N0  Nσ :=
C1       0     0    0    0     0     0     0    0    0     0     0    0   0   0
C10      0     0    0    0     0     0     0    0    0     0     0    0   0   1
C2       0     0    0    0     0     0     0    0    0     0     0    0   0   0
C3       0     0    0    0     0     0     0    0    0     0     0    0   0   0
C4       0     0    0    0     0     0     0    0    0     0     0    0   0   0
C5       0     0    0    0     0     0     0    0    0     0     0    0   0   0
C6       0     0    0    0     0     0     0    0    0     0     0    0   0   1
C7       0     0    0    0     0     0     0    0    0     0     0    0   0   1
C8       0     0    0    0     0     0     0    0    0     0     0    0   0   1
C9       1     0    0    0     0     0     0    0    0     0     0    0   0   0
F11      0     0    0    0     0     0     0    0    0     0     0    0   0   1
F11_1    0     0    0    0     0     0     0    0    0     0     0    0   0   0
F11_2    0     0    0    0     0     0     0    0    0     0     0    0   0   0
F11_3    0     0    0    0     0     0     0    0    0     0     0    0   0   0
F11_4    0     0    0    0     0     0     0    0    0     0     0    0   0   0
F12      0     0    0    0     0     0     0    0    0     0     0    0   0   0
F12_1    0     0    0    0     0     0     0    0    0     0     0    0   0   0
F12_2    0     0    0    0     0     0     0    0    0     0     0    0   0   0
F12_3    .     0    0    0     0     0     0    0    0     0     0    0   0   0
F12_4    0     .    0    0     0     0     0    0    0     0     0    0   0   0
F13      0     0    .    0     0     0     0    0    0     0     0    0   0   0
F13_1    0     0    0    .     0     0     0    0    0     0     0    0   0   0
F13_2    0     0    0    0     .     0     0    0    0     0     0    0   0   0
F13_3    0     0    0    0     0     .     0    0    0     0     0    0   0   0
F13_4    0     0    0    0     0     0     .    0    0     0     0    0   0   0
F14      0     0    0    0     0     0     0    .    0     0     0    0   0   0
F14_1    0     0    0    0     0     0     0    0    .     0     0    0   0   0
F14_2    0     0    0    0     0     0     0    0    0     .     0    0   0   0
F14_3    0     0    0    0     0     0     0    0    0     0     .    0   0   0
F14_4    0     0    0    0     0     0     0    0    0     0     0    .   0   0
N0       0     0    0    0     0     0     0    0    0     0     0    0   .   0
Nσ       0     0    0    0     0     0     0    0    0     0     0    0   0   .
;

xplun [*,*]
# $13 = F11_2
# $14 = F11_3
# $15 = F11_4
# $17 = F12_1
# $18 = F12_2
:      C1 C10  C2  C3  C4  C5  C6  C7  C8  C9 F11 F11_1 $13 $14 $15 F12 $17 $18 :=
C1      .   0   0   0   0   0   0   0   0   0   0    0    0   0   0   0   0   0
C10     0   .   0   0   0   0   0   0   0   0   0    0    0   0   0   0   0   0
C2      0   0   .   0   0   0   0   0   0   0   0    0    0   0   0   0   0   0
C3      0   0   0   .   0   0   0   0   0   0   0    0    0   0   0   0   0   0
C4      0   0   0   0   .   0   0   0   0   0   0    0    0   0   0   0   0   0
C5      0   0   0   0   0   .   0   0   0   0   0    0    0   0   0   0   0   0
C6      0   0   0   0   0   0   .   0   0   0   0    0    0   0   0   0   0   0
C7      0   0   0   0   0   0   0   .   0   0   0    0    0   0   0   0   0   0
C8      0   0   0   0   0   0   0   0   .   0   0    0    0   0   0   0   0   0
C9      0   0   0   0   0   0   0   0   0   .   0    0    0   0   0   0   0   0
F11     0   0   0   0   0   0   0   0   0   0   .    0    0   0   0   0   0   0
F11_1   0   0   0   0   0   0   0   0   0   0   0    .    0   0   0   0   0   0
F11_2   0   0   0   0   0   0   0   0   0   0   0    0    .   0   0   0   0   0
F11_3   0   0   0   0   0   0   0   0   0   0   0    0    0   .   0   0   0   0
F11_4   0   0   0   0   0   0   0   0   0   0   0    0    0   0   .   0   0   0
F12     0   0   0   0   0   0   0   0   0   0   0    0    0   0   0   .   0   0
F12_1   0   0   0   0   0   0   0   0   0   0   0    0    0   0   0   0   .   0
F12_2   0   0   0   0   0   0   0   0   0   0   0    0    0   0   0   0   0   .
F12_3   0   0   0   0   0   0   0   0   0   0   0    0    0   0   0   0   0   0
F12_4   0   0   0   0   0   0   0   0   0   0   0    0    0   0   0   0   0   0
F13     0   0   0   0   0   0   0   0   0   0   0    0    0   0   0   0   0   0
F13_1   0   0   0   0   0   0   0   0   0   0   0    0    0   0   0   0   0   0
F13_2   0   0   0   0   0   0   0   0   0   0   0    0    0   0   0   0   0   0
F13_3   0   0   0   0   0   0   0   0   0   0   0    0    0   0   0   0   0   0
F13_4   0   0   0   0   0   0   0   0   0   0   0    0    0   0   0   0   0   0
F14     0   0   0   0   0   0   0   0   0   0   0    0    0   0   0   0   0   0
F14_1   0   0   0   0   0   0   0   0   0   0   0    0    0   0   0   0   0   0
F14_2   0   0   0   0   0   0   0   0   0   0   0    0    0   0   0   0   0   0
F14_3   0   0   0   0   0   0   0   0   0   0   0    0    0   0   0   0   0   0
F14_4   0   0   0   0   0   0   0   0   0   0   0    0    0   0   0   0   0   0

:     F12_3 F12_4 F13 F13_1 F13_2 F13_3 F13_4 F14 F14_1 F14_2 F14_3 F14_4    :=
C1       0     0    0    0     0     0     0    0    0     0     0     0
C10      0     0    0    0     0     0     0    0    0     0     0     0
C2       0     0    0    0     0     0     0    0    0     0     0     0
C3       0     0    0    0     0     0     0    0    0     0     0     0
C4       0     0    0    0     0     0     0    0    0     0     0     0
C5       0     0    0    0     0     0     0    0    0     0     0     0
C6       0     0    0    0     0     0     0    0    0     0     0     0
C7       0     0    0    0     0     0     0    0    0     0     0     0
C8       0     0    0    0     0     0     0    0    0     0     0     0
C9       0     0    0    0     0     0     0    0    0     0     0     0
F11      0     0    0    0     0     0     0    0    0     0     0     0
F11_1    0     0    0    0     0     0     0    0    0     0     0     0
F11_2    0     0    0    0     0     0     0    0    0     0     0     0
F11_3    0     0    0    0     0     0     0    0    0     0     0     0
F11_4    0     0    0    0     0     0     0    0    0     0     0     0
F12      0     0    0    0     0     0     0    0    0     0     0     0
F12_1    0     0    0    0     0     0     0    0    0     0     0     0
F12_2    0     0    0    0     0     0     0    0    0     0     0     0
F12_3    .     0    0    0     0     0     0    0    0     0     0     0
F12_4    0     .    0    0     0     0     0    0    0     0     0     0
F13      0     0    .    0     0     0     0    0    0     0     0     0
F13_1    0     0    0    .     0     0     0    0    0     0     0     0
F13_2    0     0    0    0     .     0     0    0    0     0     0     0
F13_3    0     0    0    0     0     .     0    0    0     0     0     0
F13_4    0     0    0    0     0     0     .    0    0     0     0     0
F14      0     0    0    0     0     0     0    .    0     0     0     0
F14_1    0     0    0    0     0     0     0    0    .     0     0     0
F14_2    0     0    0    0     0     0     0    0    0     .     0     0
F14_3    0     0    0    0     0     0     0    0    0     0     .     0
F14_4    0     0    0    0     0     0     0    0    0     0     0     .
;

sum{i in D0, j in Vplunend} x[i,j] = 5

sum{i in F, j in V: i != j} xplun[i,j] = 0

sum{i in Vall, j in Vall: i != j} t[i,j]*x[i,j] = 368.439

sum{i in Vplun, j in Vplun: i != j} t[i,j]*xplun[i,j] = 0

sum{i in F} c[i]*R[i] = 4.3914

sum{i in F, j in Vplunend: i != j} b[i]*x[i,j] + sum{i in Vplun, j in V: i
   != j} xplun[i,j] = 0

y [*] :=
   C1 14.1421      C7 21.095    F11_4  0        F13_1  0        F14_3  0
  C10 39.2702      C8 35          F12  0        F13_2  0        F14_4  0
   C2 42.3947      C9 59.3838   F12_1 77.75     F13_3  0           N0 77.75
   C3 65.7084     F11  0        F12_2 37.2931   F13_4  0           Nσ  0
   C4 59.8615   F11_1  0        F12_3 37.2931     F14  0
   C5 38.5592   F11_2  0        F12_4  0        F14_1  0
   C6 38.0789   F11_3 77.75       F13  0        F14_2  0
;

yplun [*] :=
   C1 155.5      C6 155.5   F11_2 155.5   F12_3 155.5   F13_4 155.5
  C10 155.5      C7 155.5   F11_3 155.5   F12_4 155.5     F14 155.5
   C2 155.5      C8 155.5   F11_4 155.5     F13 155.5   F14_1 155.5
   C3 155.5      C9 155.5     F12 155.5   F13_1 155.5   F14_2 155.5
   C4 155.5     F11 155.5   F12_1 155.5   F13_2 155.5   F14_3 155.5
   C5 155.5   F11_1 155.5   F12_2 155.5   F13_3 155.5   F14_4 155.5
;

A [*] :=
   C1 172           C8 495        F12_1  24.6104   F13_4 960
  C10 472           C9 601        F12_2 685.256      F14 960
   C2  35.3553     F11 960        F12_3 633.091    F14_1 960
   C3 475        F11_1 960        F12_4 960        F14_2 960
   C4 260        F11_2 960          F13 960        F14_3 960
   C5 287        F11_3 462.958    F13_1 960        F14_4 960
   C6 694        F11_4 960        F13_2 960           N0   0
   C7 808          F12 633.091    F13_3 960           Nσ 960
;

Aplun [*] :=
   C1 302      C6 704   F11_2   0   F12_3   0   F13_4   0      N0   0
  C10 482      C7 818   F11_3   0   F12_4   0     F14   0      Nσ   0
   C2 200      C8 505   F11_4   0     F13   0   F14_1   0
   C3 485      C9 731     F12   0   F13_1   0   F14_2   0
   C4 390     F11   0   F12_1   0   F13_2   0   F14_3   0
   C5 297   F11_1   0   F12_2   0   F13_3   0   F14_4   0
;

u [*] :=
   C1  990      C6   20   F11_2  981   F12_3  974   F13_4  981      N0 1000
  C10  981      C7  997   F11_3 1000   F12_4  981     F14  981      Nσ    0
   C2 1000      C8 1000   F11_4  981     F13  981   F14_1  981
   C3 1000      C9  990     F12  974   F13_1  981   F14_2  981
   C4 1000     F11  981   F12_1  991   F13_2  981   F14_3  981
   C5 1000   F11_1  981   F12_2   20   F13_3  981   F14_4  981
;

w [*] :=
   C1 0      C4 0      C8 0   F11_2 0   F12_1 0     F13 0   F13_4 0   F14_3 0
  C10 0      C5 0      C9 0   F11_3 0   F12_2 0   F13_1 0     F14 0   F14_4 0
   C2 0      C6 0     F11 0   F11_4 0   F12_3 0   F13_2 0   F14_1 0      N0 0
   C3 0      C7 0   F11_1 0     F12 0   F12_4 0   F13_3 0   F14_2 0      Nσ 0
;

b [*] :=
  F11  0
F11_1  0
F11_2  0
F11_3  0
F11_4  0
  F12  0
F12_1  0
F12_2  0
F12_3  0
F12_4  0
  F13  0
F13_1  0
F13_2  0
F13_3  0
F13_4  0
  F14  0
F14_1  0
F14_2  0
F14_3  0
F14_4  0
;

c [*] :=
  F11  1
F11_1  1
F11_2  1
F11_3  1
F11_4  1
  F12  1
F12_1  1
F12_2  1
F12_3  1
F12_4  1
  F13  1
F13_1  1
F13_2  1
F13_3  1
F13_4  1
  F14  1
F14_1  1
F14_2  1
F14_3  1
F14_4  1
;

R [*] :=
  F11  0
F11_1  0
F11_2  0
F11_3  0
F11_4  0
  F12  0
F12_1  0
F12_2  4.3914
F12_3  0
F12_4  0
  F13  0
F13_1  0
F13_2  0
F13_3  0
F13_4  0
  F14  0
F14_1  0
F14_2  0
F14_3  0
F14_4  0
;

Y [*] :=
  F11   0
F11_1   0
F11_2   0
F11_3  77.75
F11_4   0
  F12   0
F12_1  77.75
F12_2  41.6845
F12_3  37.2931
F12_4   0
  F13   0
F13_1   0
F13_2   0
F13_3   0
F13_4   0
  F14   0
F14_1   0
F14_2   0
F14_3   0
F14_4   0
;

