MIP Gap (%):  68.12806170823751
_solve_elapsed_time = 28805.6

TotalCost = 11848

x [*,*]
# $13 = F11_2
# $14 = F11_3
# $15 = F11_4
:      C1 C10  C2      C3     C4  C5  C6  C7  C8  C9 F11 F11_1 $13 $14 $15 F12 :=
C1      .   0   0   0          0   0   0   0   0   0   0    0    0   0   0   0
C10     0   .   0   0          1   0   0   0   0   0   0    0    0   0   0   0
C2      0   0   .   0          0   0   0   0   0   0   0    0    0   0   0   0
C3      0   0   0    .         0   0   1   0   0   0   0    0    0   0   0   0
C4      0   0   0   0          .   0   0   0   0   0   0    0    0   0   0   0
C5      0   0   0   0          0   .   0   0   0   0   0    0    0   0   0   0
C6      0   0   0   0          0   0   .   0   0   0   0    0    0   0   0   0
C7      0   0   0   0          0   0   0   .   0   0   0    0    0   0   0   0
C8      0   0   0   0          0   1   0   0   .   0   0    0    0   0   0   0
C9      1   0   0   0          0   0   0   0   0   .   0    0    0   0   0   0
F11     0   0   1   0          0   0   0   0   0   0   .    0    0   0   0   0
F11_1   0   0   0   0          0   0   0   0   1   0   0    .    0   0   0   0
F11_2   0   0   0   0          0   0   0   0   0   0   0    0    .   0   0   0
F11_3   0   0   0   0          0   0   0   0   0   0   1    0    0   .   0   0
F11_4   0   0   0   0          0   0   0   0   0   0   0    0    0   1   .   0
F12     0   0   0   0          0   0   0   0   0   0   0    0    0   0   0   .
F12_1   0   0   0   0          0   0   0   0   0   0   0    0    0   0   0   1
F12_2   0   0   0   0          0   0   0   0   0   1   0    0    0   0   0   0
F12_3   0   0   0   0          0   0   0   0   0   0   0    0    0   0   0   0
F12_4   0   0   0   0          0   0   0   0   0   0   0    0    0   0   0   0
F13     0   0   0   0          0   0   0   0   0   0   0    0    0   0   0   0
F13_1   0   0   0   0          0   0   0   0   0   0   0    0    0   0   0   0
F13_2   0   0   0   0          0   0   0   0   0   0   0    0    0   0   0   0
F13_3   0   0   0   0          0   0   0   0   0   0   0    0    0   0   0   0
F13_4   0   0   0   0          0   0   0   0   0   0   0    0    0   0   0   0
F14     0   0   0   0          0   0   0   0   0   0   0    0    0   0   0   0
F14_1   0   0   0   0.999999   0   0   0   0   0   0   0    0    0   0   0   0
F14_2   0   0   0   0          0   0   0   0   0   0   0    0    0   0   0   0
F14_3   0   0   0   0          0   0   0   0   0   0   0    0    0   0   0   0
F14_4   0   0   0   0          0   0   0   0   0   0   0    0    0   0   0   0
N0      0   1   0   0          0   0   0   1   0   0   0    1    0   0   1   0
Nσ      0   0   0   0          0   0   0   0   0   0   0    0    0   0   0   0

# $2 = F12_2
# $3 = F12_3
# $4 = F12_4
# $6 = F13_1
# $7 = F13_2
# $8 = F13_3
# $9 = F13_4
# $12 = F14_2
# $13 = F14_3
# $14 = F14_4
:     F12_1  $2  $3  $4 F13  $6  $7  $8  $9 F14    F14_1   $12 $13 $14  N0  Nσ :=
C1       0    0   0   0   0   0   0   0   0   0   0          0   0   0   0   1
C10      0    0   0   0   0   0   0   0   0   0   0          0   0   0   0   0
C2       0    0   0   0   0   0   0   0   0   0   0          0   0   0   0   1
C3       0    0   0   0   0   0   0   0   0   0   0          0   0   0   0   0
C4       0    0   0   0   0   0   0   0   0   0   0          0   0   0   0   1
C5       0    0   0   0   0   0   0   0   0   0   0.999999   0   0   0   0   0
C6       0    0   0   0   0   0   0   0   0   0   0          0   0   0   0   1
C7       1    0   0   0   0   0   0   0   0   0   0          0   0   0   0   0
C8       0    0   0   0   0   0   0   0   0   0   0          0   0   0   0   0
C9       0    0   0   0   0   0   0   0   0   0   0          0   0   0   0   0
F11      0    0   0   0   0   0   0   0   0   0   0          0   0   0   0   0
F11_1    0    0   0   0   0   0   0   0   0   0   0          0   0   0   0   0
F11_2    0    0   0   0   0   0   0   0   0   0   0          0   0   0   0   0
F11_3    0    0   0   0   0   0   0   0   0   0   0          0   0   0   0   0
F11_4    0    0   0   0   0   0   0   0   0   0   0          0   0   0   0   0
F12      0    1   0   0   0   0   0   0   0   0   0          0   0   0   0   0
F12_1    .    0   0   0   0   0   0   0   0   0   0          0   0   0   0   0
F12_2    0    .   0   0   0   0   0   0   0   0   0          0   0   0   0   0
F12_3    0    0   .   0   0   0   0   0   0   0   0          0   0   0   0   0
F12_4    0    0   0   .   0   0   0   0   0   0   0          0   0   0   0   0
F13      0    0   0   0   .   1   0   0   0   0   0          0   0   0   0   0
F13_1    0    0   0   0   1   .   0   0   0   0   0          0   0   0   0   0
F13_2    0    0   0   0   0   0   .   0   0   0   0          0   0   0   0   0
F13_3    0    0   0   0   0   0   0   .   0   0   0          0   0   0   0   0
F13_4    0    0   0   0   0   0   0   0   .   0   0          0   0   0   0   0
F14      0    0   0   0   0   0   0   0   0   .   0          0   0   0   0   0
F14_1    0    0   0   0   0   0   0   0   0   0    .         0   0   0   0   0
F14_2    0    0   0   0   0   0   0   0   0   0   0          .   0   0   0   0
F14_3    0    0   0   0   0   0   0   0   0   0   0          0   .   0   0   0
F14_4    0    0   0   0   0   0   0   0   0   0   0          0   0   .   0   0
N0       0    0   0   0   0   0   0   0   0   0   0          0   0   0   .   0
Nσ       0    0   0   0   0   0   0   0   0   0   0          0   0   0   0   .
;

xplun [*,*]
# $13 = F11_2
# $14 = F11_3
# $15 = F11_4
# $17 = F12_1
# $18 = F12_2
:      C1 C10  C2  C3  C4  C5  C6  C7  C8  C9 F11 F11_1 $13 $14 $15 F12 $17 $18 :=
C1      .   0   0   0   0   0   0   0   0   0   0    0    0   0   0   0   0   0
C10     0   .   0   0   0   0   0   0   0   0   0    0    0   0   0   0   0   0
C2      0   0   .   0   0   0   0   0   0   0   0    0    0   0   0   0   0   0
C3      0   0   0   .   0   0   0   0   0   0   0    0    0   0   0   0   0   0
C4      0   0   0   0   .   0   0   0   0   0   0    0    0   0   0   0   0   0
C5      0   0   0   0   0   .   0   0   0   0   0    0    0   0   0   0   0   0
C6      0   0   0   0   0   0   .   0   0   0   0    0    0   0   0   0   0   0
C7      0   0   0   0   0   0   0   .   0   0   0    0    0   0   0   0   0   0
C8      0   0   0   0   0   0   0   0   .   0   0    0    0   0   0   0   0   0
C9      0   0   0   0   0   0   0   0   0   .   0    0    0   0   0   0   0   0
F11     0   0   0   0   0   0   0   0   0   0   .    0    0   0   0   0   0   0
F11_1   0   0   0   0   0   0   0   0   0   0   0    .    0   0   0   0   0   0
F11_2   0   0   0   0   0   0   0   0   0   0   0    0    .   0   0   0   0   0
F11_3   0   0   0   0   0   0   0   0   0   0   0    0    0   .   0   0   0   0
F11_4   0   0   0   0   0   0   0   0   0   0   0    0    0   0   .   0   0   0
F12     0   0   0   0   0   0   0   0   0   0   0    0    0   0   0   .   0   0
F12_1   0   0   0   0   0   0   0   0   0   0   0    0    0   0   0   0   .   0
F12_2   0   0   0   0   0   0   0   0   0   0   0    0    0   0   0   0   0   .
F12_3   0   0   0   0   0   0   0   0   0   0   0    0    0   0   0   0   0   0
F12_4   0   0   0   0   0   0   0   0   0   0   0    0    0   0   0   0   0   0
F13     0   0   0   0   0   0   0   0   0   0   0    0    0   0   0   0   0   0
F13_1   0   0   0   0   0   0   0   0   0   0   0    0    0   0   0   0   0   0
F13_2   0   0   0   0   0   0   0   0   0   0   0    0    0   0   0   0   0   0
F13_3   0   0   0   0   0   0   0   0   0   0   0    0    0   0   0   0   0   0
F13_4   0   0   0   0   0   0   0   0   0   0   0    0    0   0   0   0   0   0
F14     0   0   0   0   0   0   0   0   0   0   0    0    0   0   0   0   0   0
F14_1   0   0   0   0   0   0   0   0   0   0   0    0    0   0   0   0   0   0
F14_2   0   0   0   0   0   0   0   0   0   0   0    0    0   0   0   0   0   0
F14_3   0   0   0   0   0   0   0   0   0   0   0    0    0   0   0   0   0   0
F14_4   0   0   0   0   0   0   0   0   0   0   0    0    0   0   0   0   0   0

:     F12_3 F12_4 F13 F13_1 F13_2 F13_3 F13_4 F14 F14_1 F14_2 F14_3 F14_4    :=
C1       0     0    0    0     0     0     0    0    0     0     0     0
C10      0     0    0    0     0     0     0    0    0     0     0     0
C2       0     0    0    0     0     0     0    0    0     0     0     0
C3       0     0    0    0     0     0     0    0    0     0     0     0
C4       0     0    0    0     0     0     0    0    0     0     0     0
C5       0     0    0    0     0     0     0    0    0     0     0     0
C6       0     0    0    0     0     0     0    0    0     0     0     0
C7       0     0    0    0     0     0     0    0    0     0     0     0
C8       0     0    0    0     0     0     0    0    0     0     0     0
C9       0     0    0    0     0     0     0    0    0     0     0     0
F11      0     0    0    0     0     0     0    0    0     0     0     0
F11_1    0     0    0    0     0     0     0    0    0     0     0     0
F11_2    0     0    0    0     0     0     0    0    0     0     0     0
F11_3    0     0    0    0     0     0     0    0    0     0     0     0
F11_4    0     0    0    0     0     0     0    0    0     0     0     0
F12      0     0    0    0     0     0     0    0    0     0     0     0
F12_1    0     0    0    0     0     0     0    0    0     0     0     0
F12_2    0     0    0    0     0     0     0    0    0     0     0     0
F12_3    .     0    0    0     0     0     0    0    0     0     0     0
F12_4    0     .    0    0     0     0     0    0    0     0     0     0
F13      0     0    .    0     0     0     0    0    0     0     0     0
F13_1    0     0    0    .     0     0     0    0    0     0     0     0
F13_2    0     0    0    0     .     0     0    0    0     0     0     0
F13_3    0     0    0    0     0     .     0    0    0     0     0     0
F13_4    0     0    0    0     0     0     .    0    0     0     0     0
F14      0     0    0    0     0     0     0    .    0     0     0     0
F14_1    0     0    0    0     0     0     0    0    .     0     0     0
F14_2    0     0    0    0     0     0     0    0    0     .     0     0
F14_3    0     0    0    0     0     0     0    0    0     0     .     0
F14_4    0     0    0    0     0     0     0    0    0     0     0     .
;

sum{i in D0, j in Vplunend} x[i,j] = 4

sum{i in F, j in V: i != j} xplun[i,j] = 0

sum{i in Vall, j in Vall: i != j} t[i,j]*x[i,j] = 372.672

sum{i in Vplun, j in Vplun: i != j} t[i,j]*xplun[i,j] = 0

sum{i in F} c[i]*R[i] = 73.2127

sum{i in F, j in Vplunend: i != j} b[i]*x[i,j] + sum{i in Vplun, j in V: i
   != j} xplun[i,j] = 0

y [*] :=
   C1 15.5242      C7 27.4608   F11_4 77.75     F13_1 77.75     F14_3 77.7499
  C10 34.4997      C8 62.9852     F12  7.2123   F13_2  0        F14_4  0
   C2 38.0789      C9 21.8488   F12_1  7.2123   F13_3  0           N0 77.75
   C3 61.4877     F11 77.75     F12_2 37.8488   F13_4 77.75        Nσ  0
   C4 19.2354   F11_1 77.75     F12_3 77.75       F14  0
   C5 37.8058   F11_2 77.75     F12_4  0        F14_1 23.3836
   C6 47.1699   F11_3 77.75       F13 77.75     F14_2 77.75
;

yplun [*] :=
   C1   0          C6 155.5     F11_2   0       F12_3   0       F13_4   0
  C10  33.541      C7  33.541   F11_3   0       F12_4   0         F14   0
   C2  33.541      C8  33.541   F11_4   0         F13   0       F14_1   0
   C3  33.541      C9   0         F12   0       F13_1   0       F14_2   0
   C4   0         F11   0       F12_1   0       F13_2   0       F14_3   0
   C5 155.5     F11_1   0       F12_2   0       F13_3   0       F14_4   0
;

A [*] :=
   C1 805.325       C8 228.821    F12_1  80.5377   F13_4   7.1656
  C10 393           C9 789        F12_2 274.949      F14 293.56
   C2 736          F11 697.921    F12_3 536.675    F14_1 293.56
   C3 389        F11_1 214.056    F12_4 960        F14_2 536.675
   C4 870        F11_2   0          F13 960        F14_3  46.4874
   C5 264        F11_3   0        F13_1 960        F14_4 536.675
   C6 902        F11_4   0        F13_2   0           N0   0
   C7  50.2892     F12  80.5377   F13_3   0           Nσ 960
;

Aplun [*] :=
   C1 1254          C8  518       F12_1  478       F13_4  478
  C10  905          C9 1438       F12_2  478         F14  478
   C2  863.675     F11  478       F12_3  478       F14_1  478
   C3  848       F11_1  478       F12_4  478       F14_2  478
   C4 1438       F11_2  478         F13  478       F14_3  478
   C5  478       F11_3  478       F13_1  478       F14_4  478
   C6 1342       F11_4  478       F13_2  478          N0    0
   C7  590         F12  478       F13_3  478          Nσ    0
;

u [*] :=
   C1   26             F11_1   62             F13_2    0
  C10 1000             F11_2 1000             F13_3 1000
   C2   20             F11_3 1000             F13_4 1000
   C3   33             F11_4 1000               F14    0
   C4    3               F12   29             F14_1   33
   C5   53             F12_1   29             F14_2    2.44777e-05
   C6   20             F12_2   29             F14_3    2.44777e-05
   C7   49             F12_3 1000             F14_4 1000
   C8   62             F12_4    0                N0 1000
   C9   29               F13    0                Nσ    0
  F11   20             F13_1    0
;

w [*] :=
   C1 0      C4 0      C8 0   F11_2 0   F12_1 0     F13 0   F13_4 0   F14_3 0
  C10 0      C5 0      C9 0   F11_3 0   F12_2 0   F13_1 0     F14 0   F14_4 0
   C2 0      C6 0     F11 0   F11_4 0   F12_3 0   F13_2 0   F14_1 0      N0 0
   C3 0      C7 0   F11_1 0     F12 0   F12_4 0   F13_3 0   F14_2 0      Nσ 0
;

b [*] :=
  F11  0
F11_1  0
F11_2  0
F11_3  0
F11_4  0
  F12  0
F12_1  0
F12_2  0
F12_3  0
F12_4  0
  F13  0
F13_1  0
F13_2  0
F13_3  0
F13_4  0
  F14  0
F14_1  0
F14_2  0
F14_3  0
F14_4  0
;

c [*] :=
  F11  1
F11_1  1
F11_2  1
F11_3  1
F11_4  1
  F12  1
F12_1  1
F12_2  1
F12_3  1
F12_4  1
  F13  1
F13_1  1
F13_2  1
F13_3  1
F13_4  1
  F14  1
F14_1  1
F14_2  1
F14_3  1
F14_4  1
;

R [*] :=
  F11   0
F11_1   0
F11_2   0
F11_3   0
F11_4   0
  F12  30.6365
F12_1   0
F12_2   0
F12_3   0
F12_4   0
  F13   0
F13_1   0
F13_2   0
F13_3   0
F13_4   0
  F14   0
F14_1  42.5762
F14_2   0
F14_3   0
F14_4   0
;

Y [*] :=
  F11  77.75
F11_1  77.75
F11_2  77.75
F11_3  77.75
F11_4  77.75
  F12  37.8488
F12_1   7.2123
F12_2  37.8488
F12_3  77.75
F12_4   0
  F13  77.75
F13_1  77.75
F13_2   0
F13_3   0
F13_4  77.75
  F14   0
F14_1  65.9598
F14_2  77.75
F14_3  77.7499
F14_4   0
;

