MIP Gap (%):  55.96951178600336
_solve_elapsed_time = 28815.7

TotalCost = 6822.48

x [*,*]
:      C1 C10     C11    C12 C13     C14    C15  C2  C3  C4  C5       C6     :=
C1      .   0   0          0   0   0          0   0   0   0   0   0
C10     0   .   0          0   0   0          0   0   1   0   0   0
C11     0   0    .         0   0   0.999999   0   0   0   0   0   0
C12     0   0   0          .   0   0          0   0   0   0   1   0
C13     0   0   0          0   .   0          0   0   0   0   0   0
C14     0   0   0          0   0    .         0   0   0   0   0   0
C15     0   0   0          0   0   0          .   0   0   1   0   0
C2      0   0   0          0   0   0          0   .   0   0   0   0
C3      0   0   0          0   0   0          0   0   .   0   0   0
C4      1   0   0          0   0   0          0   0   0   .   0   0
C5      0   0   0          0   0   0          0   0   0   0   .   0
C6      0   0   0.999999   0   0   0          0   0   0   0   0    .
C7      0   0   0          0   0   0          0   1   0   0   0   0
C8      0   0   0          0   0   0          0   0   0   0   0   0
C9      0   0   0          0   0   0          0   0   0   0   0   0
F16     0   0   0          0   0   0          0   0   0   0   0   0
F16_1   0   0   0          0   0   0          0   0   0   0   0   0
F16_2   0   0   0          0   0   0          0   0   0   0   0   0
F17     0   0   0          0   0   0          0   0   0   0   0   0
F17_1   0   0   0          0   0   0          0   0   0   0   0   0
F17_2   0   0   0          0   0   0          0   0   0   0   0   0
F18     0   0   0          0   0   0          0   0   0   0   0   1.07666e-06
F18_1   0   0   0          0   0   0          0   0   0   0   0   0
F18_2   0   0   0          0   0   0          0   0   0   0   0   0
F19     0   0   0          0   0   0          0   0   0   0   0   0
F19_1   0   0   0          0   0   0          0   0   0   0   0   0
F19_2   0   0   0          0   0   0          0   0   0   0   0   0
F20     0   0   0          0   0   0          0   0   0   0   0   0
F20_1   0   0   0          0   0   0          0   0   0   0   0   0
F20_2   0   0   0          0   0   0          0   0   0   0   0   0
N0      0   1   0          1   1   0          1   0   0   0   0   0.999999
Nσ      0   0   0          0   0   0          0   0   0   0   0   0

# $6 = F16_2
# $8 = F17_1
# $9 = F17_2
# $11 = F18_1
:           C7       C8  C9       F16     F16_1  $6 F17  $8  $9     F18    $11 :=
C1      0             0   0   0              0    0   0   0   0   0          0
C10     0             0   0   0              0    0   0   0   0   0          0
C11     0             0   0   0              0    0   0   0   0   0          0
C12     0             0   0   0              0    0   0   0   0   0          0
C13     0             0   0   9.99984e-07    0    0   0   0   0   0          0
C14     0             0   0   0              0    0   0   0   0   0          0
C15     0             0   0   0              0    0   0   0   0   0          0
C2      0             0   0   0              0    0   0   0   0   0          0
C3      0             0   0   0              0    0   0   0   0   0          0
C4      0             0   0   0              0    0   0   0   0   0          0
C5      0             0   0   0              0    0   0   0   0   0          0
C6      0             0   0   0              0    0   0   0   0   0          0
C7       .            0   0   0              0    0   0   0   0   0          0
C8      0             .   1   0              0    0   0   0   0   0          0
C9      0             0   .   0.999998       0    0   0   0   0   0          0
F16     0             0   0    .             0    0   0   0   0   0          0
F16_1   0             0   0   0              .    0   0   0   0   0          0
F16_2   0             0   0   0              0    .   0   0   0   0          0
F17     0             0   0   0              0    0   .   0   0   0          0
F17_1   0             0   0   0              0    0   0   .   0   0          0
F17_2   0             0   0   0              0    0   0   0   .   0          0
F18     0.999998      0   0   0              0    0   0   0   0    .         0
F18_1   0             0   0   0              0    0   0   0   0   0          .
F18_2   0             0   0   0              0    0   0   0   0   0.999999   0
F19     0             0   0   0              0    0   0   0   0   0          0
F19_1   1.53673e-06   0   0   0              0    0   0   0   0   0          0
F19_2   0             0   0   0              0    0   0   0   0   0          0
F20     0             0   0   0              0    0   0   0   0   0          0
F20_1   0             0   0   0              0    0   0   0   0   0          0
F20_2   0             0   0   0              0    0   0   0   0   0          0
N0      0             1   0   0              0    0   0   0   0   0          0
Nσ      0             0   0   0              0    0   0   0   0   0          0

:        F18_2   F19      F19_1         F19_2    F20 F20_1 F20_2  N0      Nσ :=
C1      0          0   0             0             0    0     0    0   1
C10     0          0   0             0             0    0     0    0   0
C11     0          0   0             0             0    0     0    0   0
C12     0          0   0             0             0    0     0    0   0
C13     0          0   0             0             0    0     0    0   0.999999
C14     0.999999   0   0             0             0    0     0    0   0
C15     0          0   0             0             0    0     0    0   0
C2      0          0   0             0             0    0     0    0   1
C3      0          0   0             0             0    0     0    0   1
C4      0          0   0             0             0    0     0    0   0
C5      0          0   0             0             0    0     0    0   1
C6      0          0   0             0             0    0     0    0   0
C7      0          0   0             0             0    0     0    0   0
C8      0          0   0             0             0    0     0    0   0
C9      0          0   0             1.53932e-06   0    0     0    0   0
F16     0          0   0             0             0    0     0    0   1
F16_1   0          0   0             0             0    0     0    0   0
F16_2   0          0   0             0             0    0     0    0   0
F17     0          0   0             0             0    0     0    0   0
F17_1   0          0   0             0             0    0     0    0   0
F17_2   0          0   0             0             0    0     0    0   0
F18     0          0   0             0             0    0     0    0   0
F18_1   0          0   0             0             0    0     0    0   0
F18_2    .         0   0             0             0    0     0    0   0
F19     0          .   1.53723e-06   0.999998      0    0     0    0   0
F19_1   0          0    .            0             0    0     0    0   0
F19_2   0          1   0              .            0    0     0    0   0
F20     0          0   0             0             .    0     1    0   0
F20_1   0          0   0             0             0    .     0    0   0
F20_2   0          0   0             0             1    0     .    0   0
N0      0          0   0             0             0    0     0    .   0
Nσ      0          0   0             0             0    0     0    0    .
;

sum{i in D0, j in Vplun} x[i,j] = 6

sum{i in Vall, j in Vall: i != j} x[i,j]*t[i,j] = 450.216

sum{i in F} z[i]*R[i] = 0

sum{i in F, j in Vplunend: i != j} y[i]*x[i,j] = 1

a [*] :=
   C1 1123                C6   46.2699        F18_1    0.000146391
  C10 1018.6              C7  357             F18_2  334.978
  C11  143.27             C8  359               F19    0.000152555
  C12  158                C9  455.325         F19_1    0
  C13   29.7321          F16 1236             F19_2    0.000152555
  C14  238.27          F16_1    0               F20 1236
  C15  321             F16_2    0             F20_1    0
   C2  504               F17  226.85          F20_2 1236
   C3 1115             F17_1  226.85             N0    0
   C4 1013.79          F17_2  226.85             Nσ 1236
   C5  283               F18  334.977
;

u [*] :=
   C1  10           C3 170        F16_1  10          F19 210
  C10 200           C4  20        F16_2  10        F19_1 210
  C11 170           C5 160          F17 200        F19_2 210
  C12 200           C6 200        F17_1 150          F20 210
  C13  30           C7  20.0001   F17_2 200        F20_1 210
  C14 150           C8 200          F18  20        F20_2 210
  C15 200           C9 190        F18_1  10           N0 200
   C2  10.0001     F16 180        F18_2  19.9999      Nσ   0
;

v [*] :=
   C1 22.3607           C6 46.9442        F18_1  3.56226e-05
  C10 37.2089           C7 55.7273        F18_2  0
  C11 39.9442           C8 56.2093          F19  0
  C12 43.9099           C9 49.8847        F19_1  0.000119877
  C13 48.0179          F16  0             F19_2  0
  C14 34.9442        F16_1 77.75            F20  0
  C15 57.1345        F16_2  0             F20_1  0
   C2 20.6155          F17 16.9583        F20_2  0
   C3 30.8058        F17_1  0                N0 77.75
   C4 41.5701        F17_2  0                Nσ  0
   C5 38.0789          F18  0
;

y [*] :=
  F16  0
F16_1  0
F16_2  0
  F17  0
F17_1  0
F17_2  0
  F18  1
F18_1  1
F18_2  0
  F19  0
F19_1  0.999998
F19_2  0
  F20  0
F20_1  0
F20_2  0
;

z [*] :=
  F16  1
F16_1  1
F16_2  1
  F17  1
F17_1  1
F17_2  1
  F18  0
F18_1  4.58136e-07
F18_2  1
  F19  1
F19_1  1.5418e-06
F19_2  1
  F20  1
F20_1  1
F20_2  1
;

R [*] :=
  F16  0
F16_1  0
F16_2  0
  F17  0
F17_1  0
F17_2  0
  F18  0
F18_1  0
F18_2  0
  F19  0
F19_1  0
F19_2  0
  F20  0
F20_1  0
F20_2  0
;

Y [*] :=
  F16   0
F16_1  77.75
F16_2   0
  F17  16.9583
F17_1   0
F17_2   0
  F18  77.75
F18_1  77.75
F18_2   6.50486e-06
  F19   0
F19_1  77.75
F19_2   0
  F20   0
F20_1   0
F20_2   0
;

