MIP Gap (%):  0
_solve_elapsed_time = 521

TotalCost = 4740.36

x [*,*]
# $18 = F16_2
:      C1 C10 C11 C12 C13 C14 C15  C2  C3  C4  C5  C6  C7  C8  C9 F16 F16_1 $18 :=
C1      .   0   0   0   0   0   0   0   0   0   0   0   0   0   1   0    0    0
C10     0   .   1   0   0   0   0   0   0   0   0   0   0   0   0   0    0    0
C11     0   0   .   0   0   0   0   0   0   0   0   0   0   0   0   0    0    0
C12     0   0   0   .   0   0   0   0   0   0   0   0   0   0   0   0    0    0
C13     0   0   0   0   .   1   0   0   0   0   0   0   0   0   0   0    0    0
C14     0   0   0   0   0   .   0   1   0   0   0   0   0   0   0   0    0    0
C15     0   0   0   0   0   0   .   0   0   0   0   0   0   0   0   0    0    0
C2      0   0   0   0   0   0   0   .   1   0   0   0   0   0   0   0    0    0
C3      0   0   0   0   0   0   0   0   .   0   0   0   0   0   0   0    0    0
C4      0   0   0   1   0   0   0   0   0   .   0   0   0   0   0   0    0    0
C5      0   1   0   0   0   0   0   0   0   0   .   0   0   0   0   0    0    0
C6      1   0   0   0   0   0   0   0   0   0   0   .   0   0   0   0    0    0
C7      0   0   0   0   0   0   0   0   0   0   0   1   .   0   0   0    0    0
C8      0   0   0   0   0   0   1   0   0   0   0   0   0   .   0   0    0    0
C9      0   0   0   0   0   0   0   0   0   0   0   0   0   1   .   0    0    0
F16     0   0   0   0   0   0   0   0   0   0   0   0   0   0   0   .    0    0
F16_1   0   0   0   0   0   0   0   0   0   1   0   0   0   0   0   0    .    0
F16_2   0   0   0   0   0   0   0   0   0   0   0   0   0   0   0   0    1    .
F17     0   0   0   0   0   0   0   0   0   0   0   0   0   0   0   0    0    0
F17_1   0   0   0   0   0   0   0   0   0   0   0   0   0   0   0   0    0    0
F17_2   0   0   0   0   0   0   0   0   0   0   0   0   0   0   0   0    0    0
F18     0   0   0   0   0   0   0   0   0   0   0   0   0   0   0   0    0    0
F18_1   0   0   0   0   0   0   0   0   0   0   0   0   0   0   0   0    0    0
F18_2   0   0   0   0   1   0   0   0   0   0   0   0   0   0   0   0    0    0
N0      0   0   0   0   0   0   0   0   0   0   1   0   1   0   0   0    0    1
Nσ      0   0   0   0   0   0   0   0   0   0   0   0   0   0   0   0    0    0

:     F17 F17_1 F17_2 F18 F18_1 F18_2  N0  Nσ    :=
C1      0    0     0    0    0     0    0   0
C10     0    0     0    0    0     0    0   0
C11     0    0     0    0    0     0    0   1
C12     0    0     0    0    0     0    0   1
C13     0    0     0    0    0     0    0   0
C14     0    0     0    0    0     0    0   0
C15     0    0     0    0    0     0    0   1
C2      0    0     0    0    0     0    0   0
C3      0    0     0    0    0     0    0   1
C4      0    0     0    0    0     0    0   0
C5      0    0     0    0    0     0    0   0
C6      0    0     0    0    0     0    0   0
C7      0    0     0    0    0     0    0   0
C8      0    0     0    0    0     0    0   0
C9      0    0     0    0    0     0    0   0
F16     0    0     0    0    0     0    0   0
F16_1   0    0     0    0    0     0    0   0
F16_2   0    0     0    0    0     0    0   0
F17     .    0     0    0    0     0    0   0
F17_1   0    .     1    0    0     0    0   0
F17_2   0    1     .    0    0     0    0   0
F18     0    0     0    .    0     1    0   0
F18_1   0    0     0    0    .     0    0   0
F18_2   0    0     0    0    0     .    0   0
N0      0    0     0    1    0     0    .   0
Nσ      0    0     0    0    0     0    0   .
;

sum{i in D0, j in Vplun} x[i,j] = 4

sum{i in Vall, j in Vall: i != j} x[i,j]*t[i,j] = 282.004

sum{i in F} z[i]*R[i] = 6.99303e-13

sum{i in F, j in Vplunend: i != j} y[i]*x[i,j] = 1

a [*] :=
   C1  407.403       C2  708.399       C9  572.13       F18   99.3705
  C10  749.106       C3  879.218      F16  241.982    F18_1  264.473
  C11  876.296       C4  576.483    F16_1  392.242    F18_2  134.569
  C12  933.926       C5  613.646    F16_2  178.072       N0    0
  C13  198.995       C6  278.173      F17  241.982       Nσ 1166.84
  C14  484.455       C7   41.5764   F17_1  795.399
  C15  976.465       C8  756.919    F17_2  795.399
;

u [*] :=
   C1 180     C14 180      C5 200     F16   0   F17_2   0      Nσ   0
  C10 190     C15 150      C6 190   F16_1 200     F18 200
  C11 180      C2 160      C7 200   F16_2 200   F18_1   0
  C12 190      C3 150      C8 160     F17   0   F18_2 200
  C13 200      C4 200      C9 170   F17_1   0      N0 200
;

v [*] :=
   C1 36.7002     C15 18.0278      C7 67.75       F17 38.875       N0 77.75
  C10 21.9381      C2 25.9663      C8 25.0989   F17_1 38.875       Nσ  0
  C11 16.5529      C3 22.3607      C9 30.0989   F17_2 38.875
  C12 18.6815      C4 25.9616     F16 38.875      F18 22.8997
  C13 65.667       C5 56.2093   F16_1 52.353    F18_1 38.875
  C14 36.4608      C6 60.4699   F16_2 59.0949   F18_2  0
;

y [*] :=
  F16  0
F16_1  0
F16_2  0
  F17  0
F17_1  0
F17_2  0
  F18  0
F18_1  0
F18_2  1
;

z [*] :=
  F16  1
F16_1  1
F16_2  1
  F17  1
F17_1  1
F17_2  1
  F18  1
F18_1  1
F18_2  0
;

R [*] :=
  F16  1.0542e-13
F16_1  1.51396e-13
F16_2  8.88868e-14
  F17  1.0542e-13
F17_1  1.26569e-14
F17_2  1.26569e-14
  F18  1.22222e-13
F18_1  1.00645e-13
F18_2  0
;

Y [*] :=
  F16  38.875
F16_1  52.353
F16_2  59.0949
  F17  38.875
F17_1  38.875
F17_2  38.875
  F18  22.8997
F18_1  38.875
F18_2  77.75
;

