MIP Gap (%):  47.48619973725155
_solve_elapsed_time = 28808.8

TotalCost = 7232.86

x [*,*]
# $18 = F16_2
:      C1 C10 C11 C12 C13 C14 C15  C2  C3  C4  C5  C6  C7  C8  C9 F16 F16_1 $18 :=
C1      .   0   0   0   0   0   0   0   0   0   0   0   0   0   0   0    0    0
C10     0   .   1   0   0   0   0   0   0   0   0   0   0   0   0   0    0    0
C11     0   0   .   0   0   0   0   0   0   0   0   0   0   0   0   0    0    0
C12     0   0   0   .   0   0   0   0   0   0   0   0   0   0   0   0    0    0
C13     0   0   0   0   .   0   0   0   1   0   0   0   0   0   0   0    0    0
C14     1   0   0   0   0   .   0   0   0   0   0   0   0   0   0   0    0    0
C15     0   1   0   0   0   0   .   0   0   0   0   0   0   0   0   0    0    0
C2      0   0   0   0   0   0   0   .   0   0   0   0   0   0   0   0    0    0
C3      0   0   0   0   0   0   0   0   .   1   0   0   0   0   0   0    0    0
C4      0   0   0   0   0   0   0   0   0   .   0   0   0   0   0   0    0    0
C5      0   0   0   0   0   1   0   0   0   0   .   0   0   0   0   0    0    0
C6      0   0   0   1   0   0   0   0   0   0   0   .   0   0   0   0    0    0
C7      0   0   0   0   0   0   0   1   0   0   0   0   .   0   0   0    0    0
C8      0   0   0   0   0   0   0   0   0   0   0   0   0   .   1   0    0    0
C9      0   0   0   0   0   0   0   0   0   0   0   0   0   0   .   0    0    0
F16     0   0   0   0   0   0   0   0   0   0   0   0   0   0   0   .    0    0
F16_1   0   0   0   0   0   0   0   0   0   0   0   0   0   0   0   0    .    0
F16_2   0   0   0   0   0   0   0   0   0   0   0   0   0   0   0   0    0    .
F17     0   0   0   0   0   0   0   0   0   0   0   0   0   0   0   0    0    0
F17_1   0   0   0   0   0   0   0   0   0   0   0   0   0   0   0   0    0    0
F17_2   0   0   0   0   0   0   0   0   0   0   0   0   0   0   0   0    0    0
F18     0   0   0   0   0   0   0   0   0   0   0   0   0   0   0   0    0    0
F18_1   0   0   0   0   0   0   0   0   0   0   0   0   0   0   0   0    0    0
F18_2   0   0   0   0   0   0   0   0   0   0   0   0   0   0   0   0    0    0
F19     0   0   0   0   1   0   0   0   0   0   0   0   0   0   0   0    0    0
F19_1   0   0   0   0   0   0   0   0   0   0   0   0   0   0   0   0    0    0
F19_2   0   0   0   0   0   0   0   0   0   0   0   0   0   0   0   0    0    0
F20     0   0   0   0   0   0   0   0   0   0   0   0   0   0   0   0    0    0
F20_1   0   0   0   0   0   0   1   0   0   0   0   0   0   0   0   0    0    0
F20_2   0   0   0   0   0   0   0   0   0   0   0   0   0   0   0   0    0    0
N0      0   0   0   0   0   0   0   0   0   0   1   1   1   1   0   0    0    0
Nσ      0   0   0   0   0   0   0   0   0   0   0   0   0   0   0   0    0    0

:     F17 F17_1 F17_2 F18 F18_1 F18_2 F19 F19_1 F19_2 F20 F20_1 F20_2  N0  Nσ :=
C1      0    0     0    0    0     0    0    0     0    0    0     0    0   1
C10     0    0     0    0    0     0    0    0     0    0    0     0    0   0
C11     0    0     0    0    0     0    0    0     0    0    0     0    0   1
C12     0    0     0    0    0     0    0    0     0    0    0     0    0   1
C13     0    0     0    0    0     0    0    0     0    0    0     0    0   0
C14     0    0     0    0    0     0    0    0     0    0    0     0    0   0
C15     0    0     0    0    0     0    0    0     0    0    0     0    0   0
C2      0    0     0    0    0     0    0    0     0    0    1     0    0   0
C3      0    0     0    0    0     0    0    0     0    0    0     0    0   0
C4      0    0     0    0    0     0    0    0     0    0    0     0    0   1
C5      0    0     0    0    0     0    0    0     0    0    0     0    0   0
C6      0    0     0    0    0     0    0    0     0    0    0     0    0   0
C7      0    0     0    0    0     0    0    0     0    0    0     0    0   0
C8      0    0     0    0    0     0    0    0     0    0    0     0    0   0
C9      0    0     0    0    0     0    0    1     0    0    0     0    0   0
F16     0    0     0    0    0     0    0    0     0    0    0     0    0   0
F16_1   0    0     0    0    0     0    0    0     0    0    0     0    0   0
F16_2   0    0     0    0    0     0    0    0     0    0    0     0    0   0
F17     .    0     0    0    0     0    0    0     0    0    0     0    0   0
F17_1   0    .     0    0    0     0    0    0     0    0    0     0    0   0
F17_2   0    0     .    0    0     0    0    0     0    0    0     0    0   0
F18     0    0     0    .    0     0    0    0     0    0    0     0    0   0
F18_1   0    0     0    0    .     0    0    0     0    0    0     0    0   0
F18_2   0    0     0    0    0     .    0    0     0    0    0     0    0   0
F19     0    0     0    0    0     0    .    0     0    0    0     0    0   0
F19_1   0    0     0    0    0     0    1    .     0    0    0     0    0   0
F19_2   0    0     0    0    0     0    0    0     .    0    0     0    0   0
F20     0    0     0    0    0     0    0    0     0    .    0     0    0   0
F20_1   0    0     0    0    0     0    0    0     0    0    .     0    0   0
F20_2   0    0     0    0    0     0    0    0     0    0    0     .    0   0
N0      0    0     0    0    0     0    0    0     0    0    0     0    .   0
Nσ      0    0     0    0    0     0    0    0     0    0    0     0    0   .
;

sum{i in D0, j in Vplun} x[i,j] = 4

sum{i in Vall, j in Vall: i != j} x[i,j]*t[i,j] = 419.223

sum{i in F} z[i]*R[i] = 0

sum{i in F, j in Vplunend: i != j} y[i]*x[i,j] = 2

a [*] :=
   C1 2311           C3 2573        F16_1    0          F19 1553.02
  C10 2414           C4 2758        F16_2    0        F19_1 1553.02
  C11 3257           C5  209          F17 1788.63     F19_2 3390
  C12 2791           C6  567        F17_1    0          F20 3390
  C13 2360           C7   29.0689   F17_2 3390        F20_1  253.254
  C14 1643           C8   25          F18 3390        F20_2    0
  C15 2291           C9 1442        F18_1    0           N0    0
   C2  138.174      F16    0        F18_2 3390           Nσ 3390
;

u [*] :=
   C1 680     C15  40      C7  70     F17   0     F19  30      N0 700
  C10  30      C2  60      C8 110   F17_1   0   F19_1  30      Nσ   0
  C11  20      C3  20      C9  60   F17_2 700   F19_2   0
  C12  10      C4  10     F16   0     F18   0     F20   0
  C13  30      C5 700   F16_1   0   F18_1   0   F20_1  40
  C14 690      C6  20   F16_2   0   F18_2   0   F20_2   0
;

v [*] :=
   C1 34.1406      C2 25.0799      C9 26.6079     F18  0        F20_1  0
  C10 56.5801      C3 22.2871     F16 77.75     F18_1 77.75     F20_2  0
  C11 24.3311      C4 18.6815   F16_1  0        F18_2  0           N0 77.75
  C12 16.7631      C5 60.6328   F16_2  0          F19 46.2813      Nσ  0
  C13 31.7211      C6 41.1762     F17  0        F19_1  0
  C14 43.9895      C7 44.1849   F17_1  0        F19_2  0
  C15 61.9653      C8 63.6079   F17_2  0          F20  0
;

y [*] :=
  F16  0
F16_1  1
F16_2  0
  F17  1
F17_1  0
F17_2  0
  F18  1
F18_1  0
F18_2  0
  F19  0
F19_1  1
F19_2  1
  F20  0
F20_1  1
F20_2  0
;

z [*] :=
  F16  1
F16_1  0
F16_2  1
  F17  0
F17_1  1
F17_2  1
  F18  0
F18_1  1
F18_2  1
  F19  1
F19_1  0
F19_2  0
  F20  1
F20_1  0
F20_2  1
;

R [*] :=
  F16  0
F16_1  0
F16_2  0
  F17  0
F17_1  0
F17_2  0
  F18  0
F18_1  0
F18_2  0
  F19  0
F19_1  0
F19_2  0
  F20  0
F20_1  0
F20_2  0
;

Y [*] :=
  F16  77.75
F16_1  77.75
F16_2   0
  F17  77.75
F17_1   0
F17_2   0
  F18  77.75
F18_1  77.75
F18_2   0
  F19  46.2813
F19_1  77.75
F19_2  77.75
  F20   0
F20_1  77.75
F20_2   0
;

