MIP Gap (%):  76.59303702331972
_solve_elapsed_time = 28832.8

TotalCost = 10903.7

x [*,*]
# $18 = F16_2
:      C1 C10 C11 C12 C13 C14 C15  C2  C3  C4  C5  C6  C7  C8  C9 F16 F16_1 $18 :=
C1      .   0   0   1   0   0   0   0   0   0   0   0   0   0   0   0    0    0
C10     0   .   1   0   0   0   0   0   0   0   0   0   0   0   0   0    0    0
C11     0   0   .   0   0   0   0   0   0   0   0   0   0   0   0   0    0    0
C12     0   0   0   .   0   1   0   0   0   0   0   0   0   0   0   0    0    0
C13     0   0   0   0   .   0   0   0   0   0   0   0   0   0   0   0    1    0
C14     0   0   0   0   0   .   0   0   0   0   0   0   0   0   0   0    0    0
C15     0   0   0   0   0   0   .   0   0   0   0   0   0   0   0   0    0    0
C2      0   0   0   0   0   0   0   .   0   0   0   0   0   0   0   0    0    0
C3      0   0   0   0   0   0   0   0   .   0   0   0   0   0   1   0    0    0
C4      0   0   0   0   0   0   0   0   0   .   0   0   0   0   0   0    0    0
C5      0   0   0   0   1   0   0   0   0   0   .   0   0   0   0   0    0    0
C6      0   0   0   0   0   0   0   0   0   0   0   .   0   0   0   0    0    0
C7      0   0   0   0   0   0   0   0   0   0   0   0   .   0   0   1    0    0
C8      0   0   0   0   0   0   0   0   0   0   1   0   0   .   0   0    0    0
C9      0   0   0   0   0   0   0   0   0   0   0   0   0   0   .   0    0    0
F16     0   0   0   0   0   0   0   0   0   0   0   0   0   0   0   .    0    0
F16_1   0   0   0   0   0   0   0   0   0   0   0   0   0   0   0   0    .    0
F16_2   0   0   0   0   0   0   0   0   0   0   0   0   0   0   0   0    0    .
F17     0   0   0   0   0   0   0   0   0   0   0   0   0   0   0   0    0    0
F17_1   0   0   0   0   0   0   0   0   0   0   0   0   0   0   0   0    0    0
F17_2   0   0   0   0   0   0   0   0   0   0   0   0   0   0   0   0    0    0
F18     0   0   0   0   0   0   0   0   0   0   0   0   0   0   0   0    0    0
F18_1   0   0   0   0   0   0   0   0   0   0   0   0   0   0   0   0    0    0
F18_2   0   0   0   0   0   0   0   0   0   0   0   0   0   0   0   0    0    0
F19     0   0   0   0   0   0   0   0   0   0   0   0   0   0   0   0    0    0
F19_1   0   0   0   0   0   0   0   0   0   0   0   0   0   0   0   0    0    0
F19_2   0   0   0   0   0   0   0   0   0   0   0   0   0   0   0   0    0    0
F20     0   0   0   0   0   0   0   0   0   0   0   0   0   0   0   0    0    0
F20_1   0   0   0   0   0   0   0   0   0   0   0   0   0   0   0   0    0    0
F20_2   0   0   0   0   0   0   0   0   0   0   0   0   0   0   0   0    0    0
F21     0   0   0   0   0   0   0   0   0   0   0   0   0   0   0   0    0    0
F21_1   1   0   0   0   0   0   0   0   0   0   0   0   0   0   0   0    0    0
F21_2   0   0   0   0   0   0   0   0   0   0   0   0   0   0   0   0    0    0
F22     0   0   0   0   0   0   0   0   0   0   0   0   0   0   0   0    0    0
F22_1   0   0   0   0   0   0   0   0   0   0   0   0   0   0   0   0    0    0
F22_2   0   0   0   0   0   0   0   0   0   0   0   0   0   0   0   0    0    0
F23     0   0   0   0   0   0   0   0   0   0   0   0   0   0   0   0    0    0
F23_1   0   0   0   0   0   0   0   0   0   0   0   0   0   0   0   0    0    0
F23_2   0   0   0   0   0   0   0   0   0   0   0   0   0   0   0   0    0    0
N0      0   1   0   0   0   0   1   1   1   1   0   1   1   1   0   0    0    0
Nσ      0   0   0   0   0   0   0   0   0   0   0   0   0   0   0   0    0    0

# $3 = F17_2
# $5 = F18_1
# $6 = F18_2
# $8 = F19_1
# $9 = F19_2
# $11 = F20_1
# $12 = F20_2
# $14 = F21_1
# $15 = F21_2
# $17 = F22_1
# $18 = F22_2
:     F17 F17_1  $3 F18  $5  $6 F19  $8  $9 F20 $11 $12 F21 $14 $15 F22 $17 $18 :=
C1      0    0    0   0   0   0   0   0   0   0   0   0   0   0   0   0   0   0
C10     0    0    0   0   0   0   0   0   0   0   0   0   0   0   0   0   0   0
C11     0    0    0   0   0   0   0   0   0   0   0   0   0   0   0   0   0   0
C12     0    0    0   0   0   0   0   0   0   0   0   0   0   0   0   0   0   0
C13     0    0    0   0   0   0   0   0   0   0   0   0   0   0   0   0   0   0
C14     0    0    0   0   0   0   0   0   0   0   0   0   0   0   0   0   0   0
C15     0    0    0   0   0   0   0   0   0   0   0   0   0   0   0   0   0   0
C2      0    0    0   0   0   0   0   0   1   0   0   0   0   0   0   0   0   0
C3      0    0    0   0   0   0   0   0   0   0   0   0   0   0   0   0   0   0
C4      0    0    0   0   0   0   0   0   0   0   0   0   0   0   0   0   0   0
C5      0    0    0   0   0   0   0   0   0   0   0   0   0   0   0   0   0   0
C6      0    0    0   0   0   0   0   0   0   0   0   0   0   1   0   0   0   0
C7      0    0    0   0   0   0   0   0   0   0   0   0   0   0   0   0   0   0
C8      0    0    0   0   0   0   0   0   0   0   0   0   0   0   0   0   0   0
C9      0    0    0   0   0   0   0   0   0   0   0   1   0   0   0   0   0   0
F16     0    0    0   0   0   0   0   0   0   0   0   0   0   0   0   0   0   0
F16_1   0    0    0   0   0   0   0   0   0   0   0   0   0   0   0   0   0   0
F16_2   0    0    0   0   0   0   0   0   0   0   0   0   0   0   0   0   0   0
F17     .    0    0   0   0   0   0   0   0   0   0   0   0   0   0   0   0   0
F17_1   0    .    0   0   0   0   0   0   0   0   0   0   0   0   0   0   0   0
F17_2   0    0    .   0   0   0   0   0   0   0   0   0   0   0   0   0   0   0
F18     0    0    0   .   0   0   0   0   0   0   0   0   0   0   0   0   0   0
F18_1   0    0    0   0   .   0   0   0   0   0   0   0   0   0   0   0   0   0
F18_2   0    0    0   0   0   .   0   0   0   0   0   0   0   0   0   0   0   0
F19     0    0    0   0   0   0   .   0   0   0   0   0   0   0   0   0   0   0
F19_1   0    0    0   0   0   0   0   .   0   0   0   0   0   0   0   0   0   0
F19_2   0    0    0   0   0   0   0   0   .   0   0   0   0   0   0   0   0   0
F20     0    0    0   0   0   0   0   0   0   .   0   0   0   0   0   0   0   0
F20_1   0    0    0   0   0   0   0   0   0   0   .   0   0   0   0   0   0   0
F20_2   0    0    0   0   0   0   0   0   0   1   0   .   0   0   0   0   0   0
F21     0    0    0   0   0   0   0   0   0   0   0   0   .   0   0   0   0   0
F21_1   0    0    0   0   0   0   0   0   0   0   0   0   0   .   0   0   0   0
F21_2   0    0    0   0   0   0   0   0   0   0   0   0   0   0   .   0   0   0
F22     0    0    0   0   0   0   0   0   0   0   0   0   0   0   0   .   0   0
F22_1   0    0    0   0   0   0   0   0   0   0   0   0   0   0   0   0   .   0
F22_2   0    0    0   0   0   0   0   0   0   0   0   0   0   0   0   0   0   .
F23     0    0    0   0   0   0   0   0   0   0   0   0   0   0   0   0   0   0
F23_1   0    0    0   0   0   0   0   0   0   0   0   0   0   0   0   0   0   0
F23_2   0    0    0   0   0   0   0   0   0   0   0   0   0   0   0   0   0   0
N0      0    0    0   0   0   0   0   0   0   0   0   0   0   0   0   0   0   0
Nσ      0    0    0   0   0   0   0   0   0   0   0   0   0   0   0   0   0   0

:     F23 F23_1 F23_2  N0  Nσ    :=
C1      0    0     0    0   0
C10     0    0     0    0   0
C11     0    0     0    0   1
C12     0    0     0    0   0
C13     0    0     0    0   0
C14     0    0     0    0   1
C15     0    0     0    0   1
C2      0    0     0    0   0
C3      0    0     0    0   0
C4      0    0     0    0   1
C5      0    0     0    0   0
C6      0    0     0    0   0
C7      0    0     0    0   0
C8      0    0     0    0   0
C9      0    0     0    0   0
F16     0    0     0    0   1
F16_1   0    0     0    0   1
F16_2   0    0     0    0   0
F17     0    0     0    0   0
F17_1   0    0     0    0   0
F17_2   0    0     0    0   0
F18     0    0     0    0   0
F18_1   0    0     0    0   0
F18_2   0    0     0    0   0
F19     0    0     0    0   0
F19_1   0    0     0    0   0
F19_2   0    0     0    0   1
F20     0    0     0    0   1
F20_1   0    0     0    0   0
F20_2   0    0     0    0   0
F21     0    0     0    0   0
F21_1   0    0     0    0   0
F21_2   0    0     0    0   0
F22     0    0     0    0   0
F22_1   0    0     0    0   0
F22_2   0    0     0    0   0
F23     .    0     0    0   0
F23_1   0    .     0    0   0
F23_2   0    0     .    0   0
N0      0    0     0    .   0
Nσ      0    0     0    0   .
;

sum{i in D0, j in Vplun} x[i,j] = 8

sum{i in Vall, j in Vall: i != j} x[i,j]*t[i,j] = 463.065

sum{i in F} z[i]*R[i] = 46.7302

sum{i in F, j in Vplunend: i != j} y[i]*x[i,j] = 0

a [*] :=
   C1  92.6         C6  17.8045   F18_1 219.039      F22 201.885
  C10 173.938       C7  27.7849   F18_2  82.0572   F22_1   0
  C11 192           C8 170.82       F19 230        F22_2   0
  C12 183.82        C9 157        F19_1  21.7311     F23  87.0569
  C13 208          F16 229.785    F19_2 189.8      F23_1  71.2438
  C14 205        F16_1 230          F20 189.117    F23_2  86.8334
  C15 192        F16_2   0        F20_1  93.4944      N0   0
   C2  67          F17  84.8739   F20_2 182.62        Nσ 230
   C3  42        F17_1  48.8167     F21  44.5497
   C4  60.6557   F17_2   0        F21_1  39.4664
   C5 188.101      F18 230        F21_2  90.5705
;

u [*] :=
   C1 172      C2 200      C9 184     F18 150   F20_1 150   F22_2 150
  C10 200      C3 200     F16   0   F18_1 200   F20_2 182     F23   0
  C11 190      C4   7   F16_1 150   F18_2 150     F21 156   F23_1 155
  C12 156      C5 164   F16_2 150     F19 150   F21_1 172   F23_2 200
  C13 159      C6 200     F17 150   F19_1 188   F21_2 156      N0 200
  C14 155      C7  18   F17_1 150   F19_2 150     F22 150      Nσ   0
  C15 200      C8 200   F17_2 150     F20 150   F22_1 150
;

v [*] :=
   C1 43.2511      C4 18          F17  0          F20  7.7924     F23  0
  C10 45.3985      C5 25.547    F17_1  0        F20_1 60.63     F23_1  0
  C11 21.095       C6 42.8255   F17_2  0        F20_2  7.7924   F23_2  0
  C12 26.0464      C7 27.7849     F18 60.63       F21  0           N0 60.63
  C13 15.6475      C8 32.8271   F18_1  0        F21_1 31.1636      Nσ  0
  C14 14.8661      C9 23.4129   F18_2 60.63     F21_2  0
  C15 21.095      F16  0          F19  0          F22 60.63
   C2 27.089    F16_1  0        F19_1  0        F22_1 60.63
   C3 31.4752   F16_2 60.63     F19_2 23.089    F22_2 60.63
;

y [*] :=
  F16 0     F17 0     F18 0     F19 0     F20 0     F21 0     F22 0     F23 0
F16_1 0   F17_1 0   F18_1 0   F19_1 0   F20_1 0   F21_1 0   F22_1 0   F23_1 0
F16_2 0   F17_2 0   F18_2 0   F19_2 0   F20_2 0   F21_2 0   F22_2 0   F23_2 0
;

z [*] :=
  F16 1     F17 1     F18 1     F19 1     F20 1     F21 1     F22 1     F23 1
F16_1 1   F17_1 1   F18_1 1   F19_1 1   F20_1 1   F21_1 1   F22_1 1   F23_1 1
F16_2 1   F17_2 1   F18_2 1   F19_2 1   F20_2 1   F21_2 1   F22_2 1   F23_2 1
;

R [*] :=
  F16  0        F17_2  0        F19_1  0          F21  0        F22_2  0
F16_1  0          F18  0        F19_2  6.9277   F21_1 26.4053     F23  0
F16_2  0        F18_1  0          F20 13.3972   F21_2  0        F23_1  0
  F17  0        F18_2  0        F20_1  0          F22  0        F23_2  0
F17_1  0          F19  0        F20_2  0        F22_1  0
;

Y [*] :=
  F16  0        F17_2  0        F19_1  0          F21  0        F22_2 60.63
F16_1  0          F18 60.63     F19_2 30.0167   F21_1 57.5689     F23  0
F16_2 60.63     F18_1  0          F20 21.1896   F21_2  0        F23_1  0
  F17  0        F18_2 60.63     F20_1 60.63       F22 60.63     F23_2  0
F17_1  0          F19  0        F20_2  7.7924   F22_1 60.63
;

