MIP Gap (%):  65.78248519035765
_solve_elapsed_time = 28812.7

TotalCost = 10421.1

x [*,*]
# $18 = F16_2
:      C1 C10 C11 C12 C13 C14 C15  C2  C3  C4  C5  C6  C7  C8  C9 F16 F16_1 $18 :=
C1      .   0   0   0   0   0   0   0   0   0   0   0   1   0   0   0    0    0
C10     0   .   1   0   0   0   0   0   0   0   0   0   0   0   0   0    0    0
C11     0   0   .   0   0   0   0   0   0   0   0   0   0   0   0   0    0    0
C12     0   0   0   .   0   0   0   0   0   0   0   0   0   0   0   0    0    0
C13     0   0   0   0   .   0   0   0   1   0   0   0   0   0   0   0    0    0
C14     0   0   0   0   0   .   0   0   0   0   1   0   0   0   0   0    0    0
C15     0   0   0   0   0   0   .   0   0   0   0   0   0   0   0   0    0    0
C2      0   0   0   0   0   0   0   .   0   0   0   0   0   0   0   0    0    0
C3      0   0   0   0   0   0   0   0   .   0   0   0   0   0   0   0    0    0
C4      0   0   0   0   0   0   0   0   0   .   0   0   0   0   1   0    0    0
C5      0   0   0   0   0   0   0   0   0   0   .   0   0   0   0   0    0    0
C6      0   0   0   0   0   0   0   0   0   0   0   .   0   0   0   0    0    0
C7      0   0   0   0   0   0   0   0   0   0   0   0   .   0   0   0    0    0
C8      0   0   0   0   0   0   1   0   0   0   0   0   0   .   0   0    0    0
C9      0   0   0   0   0   0   0   0   0   0   0   0   0   0   .   0    0    0
F16     0   0   0   0   0   0   0   0   0   0   0   0   0   0   0   .    0    0
F16_1   0   0   0   0   0   0   0   0   0   0   0   0   0   0   0   0    .    0
F16_2   0   0   0   0   0   0   0   0   0   0   0   0   0   0   0   0    0    .
F17     0   0   0   0   0   0   0   0   0   0   0   0   0   0   0   0    0    0
F17_1   0   0   0   0   0   0   0   0   0   0   0   0   0   0   0   0    0    0
F17_2   0   0   0   0   0   0   0   0   0   0   0   0   0   0   0   0    0    0
F18     0   0   0   0   0   0   0   0   0   0   0   0   0   0   0   0    0    0
F18_1   0   0   0   0   0   0   0   0   0   0   0   0   0   0   0   0    0    0
F18_2   0   0   0   0   1   0   0   0   0   0   0   0   0   0   0   0    0    0
F19     0   0   0   0   0   0   0   0   0   0   0   0   0   0   0   0    0    0
F19_1   0   0   0   0   0   0   0   0   0   0   0   0   0   0   0   0    0    0
F19_2   0   0   0   0   0   0   0   0   0   0   0   0   0   0   0   0    0    0
F20     0   0   0   0   0   0   0   0   0   0   0   0   0   0   0   0    0    0
F20_1   0   0   0   0   0   0   0   0   0   0   0   0   0   0   0   0    0    0
F20_2   1   0   0   0   0   0   0   0   0   0   0   0   0   0   0   0    0    0
F21     0   0   0   0   0   0   0   0   0   0   0   0   0   0   0   0    0    0
F21_1   0   0   0   0   0   0   0   0   0   0   0   0   0   0   0   0    0    0
F21_2   0   0   0   0   0   0   0   0   0   0   0   1   0   0   0   0    0    0
N0      0   1   0   1   0   1   0   1   0   1   0   0   0   1   0   0    0    0
Nσ      0   0   0   0   0   0   0   0   0   0   0   0   0   0   0   0    0    0

# $6 = F18_2
# $8 = F19_1
# $9 = F19_2
# $11 = F20_1
# $12 = F20_2
# $14 = F21_1
# $15 = F21_2
:     F17 F17_1 F17_2 F18 F18_1  $6 F19  $8  $9 F20 $11 $12 F21 $14 $15  N0  Nσ :=
C1      0    0     0    0    0    0   0   0   0   0   0   0   0   0   0   0   0
C10     0    0     0    0    0    0   0   0   0   0   0   0   0   0   0   0   0
C11     0    0     0    0    0    0   0   0   0   0   0   0   0   0   0   0   1
C12     0    0     0    0    0    0   0   0   0   0   0   0   0   0   0   0   1
C13     0    0     0    0    0    0   0   0   0   0   0   0   0   0   0   0   0
C14     0    0     0    0    0    0   0   0   0   0   0   0   0   0   0   0   0
C15     0    0     0    0    0    0   0   1   0   0   0   0   0   0   0   0   0
C2      0    0     0    0    0    0   0   0   0   0   0   0   0   0   0   0   1
C3      0    0     0    0    0    0   0   0   0   0   0   0   0   0   0   0   1
C4      0    0     0    0    0    0   0   0   0   0   0   0   0   0   0   0   0
C5      0    0     0    0    0    0   0   0   0   0   0   0   0   0   0   0   1
C6      0    0     0    0    0    0   0   0   0   0   0   0   0   0   0   0   1
C7      0    0     0    0    0    0   0   0   0   0   0   0   0   0   0   0   1
C8      0    0     0    0    0    0   0   0   0   0   0   0   0   0   0   0   0
C9      0    0     0    0    0    0   0   0   0   0   0   0   0   0   0   0   1
F16     0    0     0    0    0    0   0   0   0   0   0   0   0   0   0   0   0
F16_1   0    0     0    0    0    0   0   0   0   0   0   0   0   0   0   0   0
F16_2   0    0     0    0    0    0   0   0   0   0   0   0   0   0   0   0   0
F17     .    0     0    0    0    0   0   0   0   0   0   0   0   0   0   0   0
F17_1   0    .     0    0    0    0   0   0   0   0   0   0   0   0   0   0   0
F17_2   0    0     .    0    0    0   0   0   0   0   0   0   0   0   0   0   0
F18     0    0     0    .    0    1   0   0   0   0   0   0   0   0   0   0   0
F18_1   0    0     0    0    .    0   0   0   0   0   0   0   0   0   0   0   0
F18_2   0    0     0    0    0    .   0   0   0   0   0   0   0   0   0   0   0
F19     0    0     0    0    0    0   .   0   0   0   0   0   0   0   0   0   0
F19_1   0    0     0    0    0    0   0   .   0   0   0   0   0   0   0   0   1
F19_2   0    0     0    0    0    0   0   0   .   0   0   0   0   0   0   0   0
F20     0    0     0    0    0    0   0   0   0   .   0   0   0   0   0   0   0
F20_1   0    0     0    0    0    0   0   0   0   0   .   0   0   0   0   0   0
F20_2   0    0     0    0    0    0   0   0   0   0   0   .   0   0   0   0   0
F21     0    0     0    0    0    0   0   0   0   0   0   0   .   0   1   0   0
F21_1   0    0     0    0    0    0   0   0   0   0   0   0   0   .   0   0   0
F21_2   0    0     0    0    0    0   0   0   0   0   0   0   0   0   .   0   0
N0      0    0     0    1    0    0   0   0   0   0   0   1   1   0   0   .   0
Nσ      0    0     0    0    0    0   0   0   0   0   0   0   0   0   0   0   .
;

sum{i in D0, j in Vplun} x[i,j] = 9

sum{i in Vall, j in Vall: i != j} x[i,j]*t[i,j] = 524.255

sum{i in F} z[i]*R[i] = 33.7855

sum{i in F, j in Vplunend: i != j} y[i]*x[i,j] = 0

a [*] :=
   C1  88           C4  40          F17 177.325      F20 230
  C10  49.4628      C5 111        F17_1 230        F20_1 230
  C11  83           C6 186        F17_2 177.325    F20_2  65.0391
  C12  85           C7 131.578      F18  28.178      F21 133.202
  C13 117           C8  54        F18_1   0        F21_1 230
  C14  59           C9 168        F18_2  28.178    F21_2 184.586
  C15 147          F16   0          F19   0           N0   0
   C2  91        F16_1 230        F19_1 174.888       Nσ 230
   C3 144        F16_2 230        F19_2 230
;

u [*] :=
   C1 200     C15 174      C7 171     F17 171     F19   6     F21 200
  C10  25      C2 200      C8 200   F17_1 171   F19_1 172   F21_1 171
  C11   9      C3  13      C9 194   F17_2 171   F19_2 171   F21_2   6
  C12 200      C4 200     F16   0     F18 200     F20 171      N0 200
  C13 200      C5 180   F16_1 200   F18_1 200   F20_1 200      Nσ   0
  C14 200      C6   6   F16_2   6   F18_2 200   F20_2 200
;

v [*] :=
   C1 36.4863      C2 37.4352      C9 21.095      F18 32.452    F20_1  0
  C10 53.3701      C3 16.9706     F16  0        F18_1  0        F20_2 28.381
  C11 29.8329      C4 48.4645   F16_1  0        F18_2 32.452      F21 27.509
  C12 34.3812      C5 23.0217   F16_2  0          F19  0        F21_1  0
  C13 32.2349      C6 33.541      F17  0        F19_1 12.126    F21_2 34.9552
  C14 32.2412      C7 29.2062   F17_1  0        F19_2 60.63        N0 60.63
  C15 30.0145      C8 40.0145   F17_2  0          F20  0           Nσ  0
;

y [*] :=
  F16  0
F16_1  0
F16_2  0
  F17  0
F17_1  0
F17_2  0
  F18  0
F18_1  0
F18_2  0
  F19  0
F19_1  0
F19_2  0
  F20  0
F20_1  0
F20_2  0
  F21  0
F21_1  0
F21_2  0
;

z [*] :=
  F16  1
F16_1  1
F16_2  1
  F17  1
F17_1  1
F17_2  1
  F18  1
F18_1  1
F18_2  1
  F19  1
F19_1  1
F19_2  1
  F20  1
F20_1  1
F20_2  1
  F21  1
F21_1  1
F21_2  1
;

R [*] :=
  F16   0
F16_1   0
F16_2   0
  F17   0
F17_1   0
F17_2   0
  F18   0
F18_1   0
F18_2   6.7829
  F19   0
F19_1   6.979
F19_2   0
  F20   0
F20_1   0
F20_2  12.5774
  F21   7.4462
F21_1   0
F21_2   0
;

Y [*] :=
  F16   0
F16_1   0
F16_2   0
  F17   0
F17_1   0
F17_2   0
  F18  32.452
F18_1   0
F18_2  39.2349
  F19   0
F19_1  19.105
F19_2  60.63
  F20   0
F20_1   0
F20_2  40.9584
  F21  34.9552
F21_1   0
F21_2  34.9552
;

