MIP Gap (%):  79.33739922902176
_solve_elapsed_time = 28850

TotalCost = 14853.3

x [*,*]
# $18 = F16_2
:      C1 C10 C11 C12 C13 C14 C15  C2  C3  C4  C5  C6  C7  C8  C9 F16 F16_1 $18 :=
C1      .   0   0   0   0   0   0   0   0   0   0   0   0   0   0   0    0    0
C10     0   .   0   1   0   0   0   0   0   0   0   0   0   0   0   0    0    0
C11     0   0   .   0   0   0   0   0   0   0   0   0   0   1   0   0    0    0
C12     0   0   0   .   0   0   0   0   0   0   0   0   0   0   0   0    0    0
C13     0   0   0   0   .   0   0   0   0   0   0   0   0   0   1   0    0    0
C14     0   0   0   0   0   .   0   0   1   0   0   0   0   0   0   0    0    0
C15     0   0   0   0   0   0   .   0   0   0   0   0   0   0   0   0    0    0
C2      0   0   0   0   0   0   0   .   0   1   0   0   0   0   0   0    0    0
C3      0   0   0   0   0   0   0   0   .   0   0   0   0   0   0   0    0    0
C4      0   0   1   0   0   0   0   0   0   .   0   0   0   0   0   0    0    0
C5      0   0   0   0   0   0   0   0   0   0   .   0   0   0   0   0    0    0
C6      0   0   0   0   0   0   0   0   0   0   0   .   0   0   0   0    1    0
C7      0   0   0   0   0   0   0   0   0   0   0   0   .   0   0   0    0    0
C8      0   0   0   0   0   0   0   0   0   0   0   0   0   .   0   0    0    0
C9      0   0   0   0   0   0   0   0   0   0   0   0   0   0   .   0    0    0
F16     0   0   0   0   0   0   0   0   0   0   0   0   0   0   0   .    0    0
F16_1   0   0   0   0   0   0   0   0   0   0   0   0   0   0   0   0    .    0
F16_2   0   0   0   0   0   0   0   0   0   0   0   0   0   0   0   0    0    .
F17     0   0   0   0   0   0   0   0   0   0   0   0   0   0   0   0    0    0
F17_1   0   0   0   0   0   0   0   0   0   0   0   0   0   0   0   0    0    0
F17_2   0   0   0   0   0   0   0   0   0   0   0   0   1   0   0   0    0    0
F18     0   0   0   0   0   0   0   0   0   0   0   0   0   0   0   0    0    0
F18_1   0   0   0   0   0   0   0   0   0   0   0   0   0   0   0   0    0    0
F18_2   0   1   0   0   0   0   0   0   0   0   0   0   0   0   0   0    0    0
F19     0   0   0   0   0   0   0   1   0   0   0   0   0   0   0   0    0    0
F19_1   0   0   0   0   0   0   0   0   0   0   0   0   0   0   0   0    0    0
F19_2   0   0   0   0   0   0   0   0   0   0   0   0   0   0   0   0    0    0
F20     0   0   0   0   0   0   0   0   0   0   0   0   0   0   0   0    0    0
F20_1   0   0   0   0   0   0   0   0   0   0   0   0   0   0   0   0    0    0
F20_2   0   0   0   0   0   0   0   0   0   0   0   0   0   0   0   0    0    0
F21     0   0   0   0   0   0   0   0   0   0   0   0   0   0   0   0    0    0
F21_1   0   0   0   0   0   0   0   0   0   0   1   0   0   0   0   0    0    0
F21_2   0   0   0   0   0   0   0   0   0   0   0   0   0   0   0   0    0    0
N0      1   0   0   0   1   1   1   0   0   0   0   1   0   0   0   0    0    0
Nσ      0   0   0   0   0   0   0   0   0   0   0   0   0   0   0   0    0    0

# $6 = F18_2
# $8 = F19_1
# $9 = F19_2
# $11 = F20_1
# $12 = F20_2
# $14 = F21_1
# $15 = F21_2
:     F17 F17_1 F17_2 F18 F18_1  $6 F19  $8  $9 F20 $11 $12 F21 $14 $15  N0  Nσ :=
C1      0    0     0    0    0    0   0   0   0   0   0   0   0   0   0   0   1
C10     0    0     0    0    0    0   0   0   0   0   0   0   0   0   0   0   0
C11     0    0     0    0    0    0   0   0   0   0   0   0   0   0   0   0   0
C12     0    0     0    0    0    0   0   0   0   0   0   0   0   0   0   0   1
C13     0    0     0    0    0    0   0   0   0   0   0   0   0   0   0   0   0
C14     0    0     0    0    0    0   0   0   0   0   0   0   0   0   0   0   0
C15     1    0     0    0    0    0   0   0   0   0   0   0   0   0   0   0   0
C2      0    0     0    0    0    0   0   0   0   0   0   0   0   0   0   0   0
C3      0    0     0    0    0    0   0   0   0   0   0   0   1   0   0   0   0
C4      0    0     0    0    0    0   0   0   0   0   0   0   0   0   0   0   0
C5      0    0     0    0    0    0   0   0   0   0   0   0   0   0   0   0   1
C6      0    0     0    0    0    0   0   0   0   0   0   0   0   0   0   0   0
C7      0    0     0    0    0    0   0   0   0   0   0   0   0   0   0   0   1
C8      0    0     0    0    0    0   0   0   1   0   0   0   0   0   0   0   0
C9      0    0     0    0    0    0   0   0   0   0   0   0   0   0   0   0   1
F16     0    0     0    0    0    0   0   0   0   0   0   0   0   0   0   0   0
F16_1   0    0     0    0    0    0   0   0   0   0   0   0   0   0   0   0   1
F16_2   0    0     0    0    0    0   0   0   0   0   0   0   0   0   0   0   0
F17     .    0     1    0    0    0   0   0   0   0   0   0   0   0   0   0   0
F17_1   0    .     0    0    0    0   0   0   0   0   0   0   0   0   0   0   0
F17_2   0    0     .    0    0    0   0   0   0   0   0   0   0   0   0   0   0
F18     0    0     0    .    0    0   0   0   0   0   0   0   0   0   0   0   0
F18_1   0    0     0    0    .    0   0   0   0   0   0   0   0   0   0   0   0
F18_2   0    0     0    0    0    .   0   0   0   0   0   0   0   0   0   0   0
F19     0    0     0    0    0    0   .   0   0   0   0   0   0   0   0   0   0
F19_1   0    0     0    0    0    0   1   .   0   0   0   0   0   0   0   0   0
F19_2   0    0     0    0    0    0   0   0   .   0   0   0   0   0   0   0   1
F20     0    0     0    0    0    0   0   0   0   .   0   0   0   0   0   0   0
F20_1   0    0     0    0    0    0   0   0   0   0   .   0   0   0   0   0   0
F20_2   0    0     0    0    0    0   0   0   0   0   0   .   0   0   0   0   0
F21     0    0     0    0    0    0   0   0   0   0   0   0   .   1   0   0   0
F21_1   0    0     0    0    0    0   0   0   0   0   0   0   0   .   0   0   0
F21_2   0    0     0    0    0    0   0   0   0   0   0   0   0   0   .   0   0
N0      0    0     0    0    0    1   0   1   0   0   0   0   0   0   0   .   0
Nσ      0    0     0    0    0    0   0   0   0   0   0   0   0   0   0   0   .
;

sum{i in D0, j in Vplun} x[i,j] = 7

sum{i in Vall, j in Vall: i != j} x[i,j]*t[i,j] = 488.16

sum{i in F} z[i]*R[i] = 85.7174

sum{i in F, j in Vplunend: i != j} y[i]*x[i,j] = 0

a [*] :=
   C1  465           C4  346.752      F17  778.931      F20 1000
  C10  628           C5  956        F17_1 1000        F20_1  990
  C11  377           C6  396        F17_2  937.534    F20_2  838.77
  C12  649.705       C7  968          F18  838.77       F21  232.643
  C13  172           C8  644.156    F18_1  838.77     F21_1  272.395
  C14  182.399       C9  447        F18_2  543.312    F21_2 1000
  C15  325          F16 1000          F19  179.251       N0    0
   C2  325.935    F16_1  434.862    F19_1   90.1249      Nσ 1000
   C3  206        F16_2  838.77     F19_2  667.475
;

u [*] :=
   C1 1000     C15 1000      C7  988     F17  988     F19 1000     F21    6
  C10 1000      C2 1000      C8  953   F17_1 1000   F19_1 1000   F21_1    6
  C11  966      C3   35      C9   26   F17_2  988   F19_2  912   F21_2 1000
  C12  999      C4  982     F16 1000     F18  999     F20  999      N0 1000
  C13   31      C5    6   F16_1  995   F18_1 1000   F20_1 1000      Nσ    0
  C14   60      C6 1000   F16_2    0   F18_2 1000   F20_2  999
;

v [*] :=
   C1 35.0761      C2 40.5373      C9 18.3848     F18  0        F20_1  0
  C10 39.5076      C3 24.5563     F16  0        F18_1  0        F20_2  0
  C11  9.4721      C4 29.7206   F16_1  0        F18_2 39.4404     F21  7.913
  C12 27.8029      C5 33.541    F16_2  0          F19 41.525    F21_1 34.9552
  C13 25.5959      C6 28.8617     F17 18.545    F19_1 41.525    F21_2  0
  C14 38.1578      C7 21.095    F17_1  0        F19_2  0           N0 60.63
  C15 27.089       C8  5        F17_2 18.545      F20  0           Nσ  0
;

y [*] :=
  F16  0
F16_1  0
F16_2  1
  F17  0
F17_1  0
F17_2  0
  F18  0
F18_1  0
F18_2  0
  F19  0
F19_1  0
F19_2  0
  F20  0
F20_1  0
F20_2  0
  F21  0
F21_1  0
F21_2  0
;

z [*] :=
  F16  1
F16_1  1
F16_2  0
  F17  1
F17_1  1
F17_2  1
  F18  1
F18_1  1
F18_2  1
  F19  1
F19_1  1
F19_2  1
  F20  1
F20_1  1
F20_2  1
  F21  1
F21_1  1
F21_2  1
;

R [*] :=
  F16   0
F16_1   0
F16_2   0
  F17   0
F17_1   0
F17_2  13.3667
  F18   0
F18_1   0
F18_2  14.385
  F19  11.8185
F19_1   0
F19_2  19.105
  F20   0
F20_1   0
F20_2   0
  F21  27.0422
F21_1   0
F21_2   0
;

Y [*] :=
  F16   0
F16_1   0
F16_2  60.63
  F17  18.545
F17_1   0
F17_2  31.9117
  F18   0
F18_1   0
F18_2  53.8254
  F19  53.3435
F19_1  41.525
F19_2  19.105
  F20   0
F20_1   0
F20_2   0
  F21  34.9552
F21_1  34.9552
F21_2   0
;

