MIP Gap (%):  36.04219743801782
_solve_elapsed_time = 28812

TotalCost = 12428.2

x [*,*]
# $18 = F16_2
:      C1 C10 C11 C12 C13 C14 C15  C2  C3  C4  C5  C6  C7  C8  C9 F16 F16_1 $18 :=
C1      .   0   0   0   0   0   0   0   0   0   0   0   0   0   0   0    0    0
C10     0   .   0   0   0   0   1   0   0   0   0   0   0   0   0   0    0    0
C11     0   0   .   0   0   0   0   0   0   0   0   0   0   0   0   0    0    0
C12     0   0   1   .   0   0   0   0   0   0   0   0   0   0   0   0    0    0
C13     0   0   0   0   .   0   0   0   0   0   1   0   0   0   0   0    0    0
C14     0   0   0   0   0   .   0   0   0   0   0   0   0   0   0   0    0    0
C15     0   0   0   0   0   0   .   0   0   0   0   0   0   0   0   0    0    0
C2      0   0   0   0   0   0   0   .   0   0   0   0   0   0   0   0    0    0
C3      0   0   0   0   0   0   0   0   .   0   0   0   0   0   0   0    0    0
C4      0   0   0   0   0   0   0   0   0   .   0   0   1   0   0   0    0    0
C5      0   0   0   0   0   0   0   0   0   0   .   0   0   0   0   0    0    0
C6      0   0   0   0   0   0   0   1   0   0   0   .   0   0   0   0    0    0
C7      0   0   0   0   0   0   0   0   0   0   0   0   .   0   0   0    0    0
C8      0   0   0   0   0   0   0   0   0   0   0   0   0   .   0   0    0    0
C9      1   0   0   0   0   0   0   0   0   0   0   0   0   0   .   0    0    0
F16     0   0   0   0   0   0   0   0   0   0   0   0   0   0   0   .    0    0
F16_1   0   0   0   0   0   0   0   0   0   0   0   0   0   0   0   0    .    0
F16_2   0   0   0   0   0   0   0   0   0   0   0   0   0   0   0   0    0    .
F17     0   0   0   0   0   0   0   0   0   0   0   0   0   0   0   0    0    0
F17_1   0   0   0   0   0   0   0   0   0   0   0   0   0   0   0   0    0    0
F17_2   0   0   0   0   0   0   0   0   0   0   0   0   0   0   0   0    0    0
F18     0   0   0   0   0   1   0   0   0   0   0   0   0   0   0   0    0    0
F18_1   0   0   0   0   0   0   0   0   0   0   0   0   0   0   0   0    0    0
F18_2   0   0   0   0   0   0   0   0   0   0   0   0   0   0   0   0    0    0
F19     0   0   0   0   0   0   0   0   0   0   0   0   0   0   0   0    0    0
F19_1   0   0   0   0   1   0   0   0   0   0   0   0   0   0   0   0    0    0
F19_2   0   0   0   0   0   0   0   0   0   0   0   0   0   0   0   0    0    0
F20     0   0   0   0   0   0   0   0   0   0   0   0   0   0   0   0    0    0
F20_1   0   0   0   0   0   0   0   0   0   0   0   0   0   0   0   0    0    0
F20_2   0   0   0   0   0   0   0   0   0   0   0   0   0   0   0   0    0    0
N0      0   1   0   1   0   0   0   0   1   1   0   1   0   1   1   0    0    0
Nσ      0   0   0   0   0   0   0   0   0   0   0   0   0   0   0   0    0    0

:     F17 F17_1 F17_2 F18 F18_1 F18_2 F19 F19_1 F19_2 F20 F20_1 F20_2  N0  Nσ :=
C1      0    0     0    0    0     0    0    0     0    0    0     1    0   0
C10     0    0     0    0    0     0    0    0     0    0    0     0    0   0
C11     0    0     0    0    0     0    0    0     0    0    0     0    0   1
C12     0    0     0    0    0     0    0    0     0    0    0     0    0   0
C13     0    0     0    0    0     0    0    0     0    0    0     0    0   0
C14     0    0     0    0    0     0    0    0     0    0    0     0    0   1
C15     0    0     0    0    0     0    0    0     0    0    0     0    0   1
C2      0    0     0    0    0     0    0    0     0    0    0     0    0   1
C3      0    0     0    0    0     0    0    1     0    0    0     0    0   0
C4      0    0     0    0    0     0    0    0     0    0    0     0    0   0
C5      0    0     0    0    0     0    0    0     0    0    0     0    0   1
C6      0    0     0    0    0     0    0    0     0    0    0     0    0   0
C7      0    0     0    1    0     0    0    0     0    0    0     0    0   0
C8      0    0     0    0    0     0    0    0     0    0    0     0    0   1
C9      0    0     0    0    0     0    0    0     0    0    0     0    0   0
F16     0    0     0    0    0     0    0    0     0    0    0     0    0   0
F16_1   0    0     0    0    0     0    0    0     0    0    0     0    0   0
F16_2   0    0     0    0    0     0    0    0     0    0    0     0    0   0
F17     .    0     0    0    0     0    0    0     0    0    0     0    0   0
F17_1   0    .     0    0    0     0    0    0     0    0    0     0    0   0
F17_2   0    0     .    0    0     0    0    0     0    0    0     0    0   0
F18     0    0     0    .    0     0    0    0     0    0    0     0    0   0
F18_1   0    0     0    0    .     0    0    0     0    0    0     0    0   0
F18_2   0    0     0    0    0     .    0    0     0    0    0     0    0   0
F19     0    0     0    0    0     0    .    0     0    0    0     0    0   0
F19_1   0    0     0    0    0     0    0    .     0    0    0     0    0   0
F19_2   0    0     0    0    0     0    0    0     .    0    0     0    0   0
F20     0    0     0    0    0     0    0    0     0    .    0     0    0   0
F20_1   0    0     0    0    0     0    0    0     0    0    .     0    0   1
F20_2   0    0     0    0    0     0    0    0     0    0    1     .    0   0
N0      0    0     0    0    0     0    0    0     0    0    0     0    .   0
Nσ      0    0     0    0    0     0    0    0     0    0    0     0    0   .
;

sum{i in D0, j in Vplun} x[i,j] = 7

sum{i in Vall, j in Vall: i != j} x[i,j]*t[i,j] = 542.583

sum{i in F} z[i]*R[i] = 56.0233

sum{i in F, j in Vplunend: i != j} y[i]*x[i,j] = 0

a [*] :=
   C1  67.4342      C3  58        F16_1 239.235      F19   0
  C10  11.1803      C4  95        F16_2   0        F19_1  82.4222
  C11 180           C5 152.687      F17 192.115    F19_2   0
  C12 141.716       C6  52        F17_1  36.0629     F20 240
  C13 108.716       C7 110.831    F17_2 192.115    F20_1 197.941
  C14 180           C8  37          F18 127.539    F20_2  86.8682
  C15 210           C9  47.4342   F18_1 134.49        N0   0
   C2  96          F16 134.49     F18_2  36.5717      Nσ 240
;

u [*] :=
   C1 170                C6 200             F18_1 193
  C10 200                C7 180             F18_2 170
  C11 190                C8 200               F19 180
  C12 200                C9 200             F19_1  19
  C13  19               F16   0             F19_2   6
  C14 170             F16_1   0               F20   0
  C15  14             F16_2 200             F20_1   5.43519e-05
   C2 197               F17 200             F20_2   0
   C3 200             F17_1 190                N0 200
   C4 200             F17_2 170                Nσ   0
   C5   6               F18 170
;

v [*] :=
   C1 20.3158      C2 27.0185      C9 30.3158     F18 31.9091   F20_1 42.0595
  C10 28.4549      C3 38.4562     F16  0        F18_1  0        F20_2 10.8818
  C11 19.6469      C4 44.4483   F16_1 77.75     F18_2  0           N0 77.75
  C12 47.9312      C5  4.2426   F16_2  0          F19  0           Nσ  0
  C13 38.2132      C6 37.0185     F17  0        F19_1 24.034
  C14 19.2354      C7 38.6173   F17_1  0        F19_2 77.75
  C15 19.2354      C8 36.0555   F17_2  0          F20  0
;

y [*] :=
  F16  0
F16_1  0
F16_2  0
  F17  0
F17_1  0
F17_2  0
  F18  0
F18_1  0
F18_2  0
  F19  0
F19_1  0
F19_2  0
  F20  0
F20_1  0
F20_2  0
;

z [*] :=
  F16  1
F16_1  1
F16_2  1
  F17  1
F17_1  1
F17_2  1
  F18  1
F18_1  1
F18_2  1
  F19  1
F19_1  1
F19_2  1
  F20  1
F20_1  1
F20_2  1
;

R [*] :=
  F16   0
F16_1   0
F16_2   0
  F17   0
F17_1   0
F17_2   0
  F18   6.1943
F18_1   0
F18_2   0
  F19   0
F19_1  18.6513
F19_2   0
  F20   0
F20_1   0
F20_2  31.1777
;

Y [*] :=
  F16   0
F16_1  77.75
F16_2   0
  F17   0
F17_1   0
F17_2   0
  F18  38.1034
F18_1   0
F18_2   0
  F19   0
F19_1  42.6853
F19_2  77.75
  F20   0
F20_1  42.0595
F20_2  42.0595
;

