MIP Gap (%):  48.879674045114456
_solve_elapsed_time = 28830

TotalCost = 14591.7

x [*,*]
# $18 = F16_2
:      C1 C10 C11 C12 C13 C14 C15  C2  C3  C4  C5  C6  C7  C8  C9 F16 F16_1 $18 :=
C1      .   0   0   0   0   0   0   0   0   0   0   1   0   0   0   0    0    0
C10     0   .   0   0   0   0   0   0   0   0   0   0   0   1   0   0    0    0
C11     0   0   .   0   0   0   0   0   0   0   0   0   0   0   0   0    0    0
C12     0   0   0   .   0   0   0   0   1   0   0   0   0   0   0   0    0    0
C13     0   0   0   0   .   0   0   0   0   0   0   0   0   0   0   0    0    0
C14     0   0   0   0   1   .   0   0   0   0   0   0   0   0   0   0    0    0
C15     0   0   0   0   0   0   .   0   0   0   0   0   0   0   0   0    0    0
C2      0   0   1   0   0   0   0   .   0   0   0   0   0   0   0   0    0    0
C3      0   0   0   0   0   0   0   0   .   1   0   0   0   0   0   0    0    0
C4      0   0   0   0   0   0   0   0   0   .   0   0   0   0   0   0    0    0
C5      0   0   0   0   0   0   0   0   0   0   .   0   0   0   0   0    0    0
C6      0   0   0   0   0   0   0   0   0   0   0   .   0   0   0   0    0    0
C7      0   0   0   0   0   0   0   0   0   0   0   0   .   0   0   0    0    0
C8      0   0   0   0   0   0   0   0   0   0   0   0   0   .   1   0    0    0
C9      0   0   0   0   0   0   0   0   0   0   0   0   1   0   .   0    0    0
F16     0   0   0   0   0   0   0   0   0   0   0   0   0   0   0   .    0    0
F16_1   0   0   0   0   0   0   0   0   0   0   0   0   0   0   0   0    .    0
F16_2   0   0   0   0   0   0   0   0   0   0   0   0   0   0   0   0    0    .
F17     0   0   0   0   0   0   0   0   0   0   0   0   0   0   0   0    0    0
F17_1   0   0   0   0   0   0   0   0   0   0   0   0   0   0   0   0    0    0
F17_2   0   0   0   1   0   0   0   0   0   0   0   0   0   0   0   0    0    0
F18     0   0   0   0   0   0   1   0   0   0   0   0   0   0   0   0    0    0
F18_1   0   0   0   0   0   0   0   0   0   0   0   0   0   0   0   0    0    0
F18_2   0   0   0   0   0   0   0   0   0   0   0   0   0   0   0   0    0    0
F19     0   0   0   0   0   0   0   0   0   0   0   0   0   0   0   0    0    0
F19_1   0   0   0   0   0   0   0   0   0   0   0   0   0   0   0   0    0    0
F19_2   0   0   0   0   0   0   0   0   0   0   0   0   0   0   0   0    0    0
F20     0   0   0   0   0   0   0   0   0   0   0   0   0   0   0   0    0    0
F20_1   0   0   0   0   0   0   0   0   0   0   0   0   0   0   0   0    0    0
F20_2   0   0   0   0   0   0   0   0   0   0   0   0   0   0   0   0    0    0
N0      1   1   0   0   0   1   0   1   0   0   1   0   0   0   0   0    0    0
Nσ      0   0   0   0   0   0   0   0   0   0   0   0   0   0   0   0    0    0

:     F17 F17_1 F17_2 F18 F18_1 F18_2 F19 F19_1 F19_2 F20 F20_1 F20_2  N0  Nσ :=
C1      0    0     0    0    0     0    0    0     0    0    0     0    0   0
C10     0    0     0    0    0     0    0    0     0    0    0     0    0   0
C11     0    0     0    0    0     0    0    0     0    0    0     0    0   1
C12     0    0     0    0    0     0    0    0     0    0    0     0    0   0
C13     0    0     0    0    0     0    0    0     0    0    0     1    0   0
C14     0    0     0    0    0     0    0    0     0    0    0     0    0   0
C15     0    0     0    0    0     0    0    0     0    0    0     0    0   1
C2      0    0     0    0    0     0    0    0     0    0    0     0    0   0
C3      0    0     0    0    0     0    0    0     0    0    0     0    0   0
C4      0    0     0    0    0     0    0    0     0    0    0     0    0   1
C5      0    0     0    0    0     0    0    0     0    0    0     0    0   1
C6      0    0     0    0    0     0    0    0     0    0    0     0    0   1
C7      0    0     0    1    0     0    0    0     0    0    0     0    0   0
C8      0    0     0    0    0     0    0    0     0    0    0     0    0   0
C9      0    0     0    0    0     0    0    0     0    0    0     0    0   0
F16     0    0     0    0    0     0    0    0     0    0    0     0    0   0
F16_1   0    0     0    0    0     0    0    0     0    0    0     0    0   0
F16_2   0    0     0    0    0     0    0    0     0    0    0     0    0   0
F17     .    0     0    0    0     0    0    0     0    0    0     0    0   0
F17_1   0    .     0    0    0     0    0    0     0    0    0     0    0   0
F17_2   0    0     .    0    0     0    0    0     0    0    0     0    0   0
F18     0    0     0    .    0     0    0    0     0    0    0     0    0   0
F18_1   0    0     0    0    .     0    0    0     0    0    0     0    0   0
F18_2   0    0     0    0    0     .    0    0     0    0    0     0    0   0
F19     0    0     0    0    0     0    .    0     0    0    0     0    0   0
F19_1   0    0     0    0    0     0    0    .     0    0    0     0    0   0
F19_2   0    0     0    0    0     0    0    0     .    0    0     0    0   0
F20     0    0     0    0    0     0    0    0     0    .    0     0    0   0
F20_1   0    0     0    0    0     0    0    0     0    0    .     0    0   1
F20_2   0    0     0    0    0     0    0    0     0    0    1     .    0   0
N0      0    0     1    0    0     0    0    0     0    0    0     0    .   0
Nσ      0    0     0    0    0     0    0    0     0    0    0     0    0   .
;

sum{i in D0, j in Vplun} x[i,j] = 6

sum{i in Vall, j in Vall: i != j} x[i,j]*t[i,j] = 530.825

sum{i in F} z[i]*R[i] = 80.8341

sum{i in F, j in Vplunend: i != j} y[i]*x[i,j] = 0

a [*] :=
   C1  60                C6  75             F18_1   0
  C10  19.2354           C7  84.7153        F18_2   0
  C11 130.142            C8  55.3122          F19 237.768
  C12 138                C9  68.3122        F19_1 240
  C13  69.6667          F16 237.768         F19_2 240
  C14  39.0512        F16_1  34.5797          F20  89.1007
  C15 198             F16_2 177.858         F20_1 158.851
   C2 106               F17   4.92722e-06   F20_2  89.1007
   C3 164             F17_1 235.79             N0   0
   C4 200             F17_2  35.171            Nσ 240
   C5  42.7199          F18 166.388
;

u [*] :=
   C1  30     C15  96      C7 136     F17 200     F19 200      N0 200
  C10 200      C2  35      C8 186   F17_1 200   F19_1 200      Nσ   0
  C11   5      C3 116      C9 166   F17_2 200   F19_2 200
  C12 146      C4  96     F16 136     F18  96     F20 184
  C13 194      C5  10   F16_1   0   F18_1 186   F20_1 184
  C14 200      C6  10   F16_2 200   F18_2 186   F20_2 184
;

v [*] :=
   C1 44.4483           C6 37.2022        F18_1 77.75
  C10 58.5146           C7 23.0347        F18_2 77.75
  C11 20                C8 32.4378          F19  0
  C12 43.5229           C9 29.4378        F19_1  0
  C13 18.0833          F16  0             F19_2  0
  C14 38.6988        F16_1  0               F20  8.6493
  C15 13.0384        F16_2  0             F20_1  8.6493
   C2 34.1421          F17  5.96503e-06   F20_2  8.6493
   C3 33.3249        F17_1  0                N0 77.75
   C4 18.0278        F17_2 42.579            Nσ  0
   C5 37.7359          F18  6.7559
;

y [*] :=
  F16  1
F16_1  0
F16_2  0
  F17  0
F17_1  0
F17_2  0
  F18  0
F18_1  0
F18_2  0
  F19  0
F19_1  0
F19_2  0
  F20  0
F20_1  0
F20_2  0
;

z [*] :=
  F16  0
F16_1  1
F16_2  1
  F17  1
F17_1  1
F17_2  1
  F18  1
F18_1  1
F18_2  1
  F19  1
F19_1  1
F19_2  1
  F20  1
F20_1  1
F20_2  1
;

R [*] :=
  F16   0
F16_1   0
F16_2   0
  F17   4.19735e-06
F17_1   0
F17_2  29.9611
  F18  17.4628
F18_1   0
F18_2   0
  F19   0
F19_1   0
F19_2   0
  F20   0
F20_1  33.4102
F20_2   0
;

Y [*] :=
  F16  77.75
F16_1   0
F16_2   0
  F17   1.01624e-05
F17_1   0
F17_2  72.5401
  F18  24.2187
F18_1  77.75
F18_2  77.75
  F19   0
F19_1   0
F19_2   0
  F20   8.6493
F20_1  42.0595
F20_2   8.6493
;

