MIP Gap (%):  66.74973611202394
_solve_elapsed_time = 28855.9

TotalCost = 10648.9

x [*,*]
# $18 = F16_2
:      C1 C10 C11 C12 C13 C14 C15  C2  C3  C4  C5  C6  C7  C8  C9 F16 F16_1 $18 :=
C1      .   0   0   0   0   0   0   0   1   0   0   0   0   0   0   0    0    0
C10     0   .   0   0   0   0   0   0   0   0   0   0   0   0   0   0    0    0
C11     0   0   .   0   0   0   0   0   0   0   0   0   0   0   0   0    0    0
C12     0   0   0   .   0   1   0   0   0   0   0   0   0   0   0   0    0    0
C13     0   0   0   0   .   0   0   0   0   0   0   0   0   0   0   0    0    0
C14     0   0   0   0   0   .   0   0   0   1   0   0   0   0   0   0    0    0
C15     0   0   0   0   0   0   .   0   0   0   0   0   0   0   0   0    0    0
C2      0   1   0   0   0   0   0   .   0   0   0   0   0   0   0   0    0    0
C3      0   0   0   0   0   0   0   0   .   0   0   0   0   0   0   0    0    0
C4      0   0   0   0   0   0   0   0   0   .   0   0   0   0   0   0    0    0
C5      0   0   0   0   0   0   0   0   0   0   .   0   0   0   0   0    0    0
C6      0   0   1   0   0   0   0   0   0   0   0   .   0   0   0   0    0    0
C7      0   0   0   0   0   0   1   0   0   0   0   0   .   0   0   0    0    0
C8      0   0   0   0   0   0   0   0   0   0   0   0   0   .   0   0    0    0
C9      0   0   0   0   0   0   0   0   0   0   0   0   0   0   .   0    0    0
F16     0   0   0   0   0   0   0   0   0   0   0   0   0   0   0   .    0    0
F16_1   0   0   0   0   0   0   0   0   0   0   0   0   0   0   0   0    .    0
F16_2   0   0   0   0   0   0   0   0   0   0   0   0   0   0   0   0    0    .
F17     0   0   0   0   0   0   0   0   0   0   0   0   0   1   0   0    0    0
F17_1   0   0   0   0   0   0   0   0   0   0   0   0   0   0   0   0    0    0
F17_2   0   0   0   0   0   0   0   0   0   0   0   0   0   0   0   0    0    0
F18     0   0   0   0   0   0   0   0   0   0   0   0   1   0   0   0    0    0
F18_1   0   0   0   0   0   0   0   0   0   0   0   0   0   0   0   0    0    0
F18_2   0   0   0   0   0   0   0   0   0   0   0   0   0   0   0   0    0    0
F19     0   0   0   0   0   0   0   0   0   0   0   0   0   0   0   0    0    0
F19_1   0   0   0   0   0   0   0   1   0   0   0   0   0   0   0   0    0    0
F19_2   0   0   0   0   0   0   0   0   0   0   0   0   0   0   0   0    0    0
F20     0   0   0   0   0   0   0   0   0   0   1   0   0   0   0   0    0    0
F20_1   0   0   0   0   0   0   0   0   0   0   0   0   0   0   0   0    0    0
F20_2   0   0   0   0   0   0   0   0   0   0   0   0   0   0   0   0    0    0
N0      1   0   0   1   1   0   0   0   0   0   0   1   0   0   1   0    0    0
Nσ      0   0   0   0   0   0   0   0   0   0   0   0   0   0   0   0    0    0

# $5 = F18_1
# $6 = F18_2
# $8 = F19_1
# $9 = F19_2
# $11 = F20_1
# $12 = F20_2
:          F17     F17_1    F17_2   F18  $5  $6 F19  $8  $9 F20 $11 $12  N0  Nσ :=
C1      0             0    0          0   0   0   0   0   0   0   0   0   0   0
C10     0             0    0          0   0   0   0   0   0   0   0   0   0   1
C11     0             1    0          0   0   0   0   0   0   0   0   0   0   0
C12     0             0    0          0   0   0   0   0   0   0   0   0   0   0
C13     0             0    0          0   0   0   0   0   0   0   1   0   0   0
C14     0             0    0          0   0   0   0   0   0   0   0   0   0   0
C15     0             0    0          0   0   0   0   0   0   0   0   0   0   1
C2      0             0    0          0   0   0   0   0   0   0   0   0   0   0
C3      0             0    0          0   0   0   0   0   0   0   0   0   0   1
C4      0             0    0          0   0   0   0   0   0   0   0   0   0   1
C5      0             0    0          0   0   0   0   0   0   0   0   0   0   1
C6      0             0    0          0   0   0   0   0   0   0   0   0   0   0
C7      0             0    0          0   0   0   0   0   0   0   0   0   0   0
C8      0             0    0          0   0   0   0   0   0   0   0   0   0   1
C9      0             0    0          1   0   0   0   0   0   0   0   0   0   0
F16     0             0    0          0   0   0   0   0   0   0   0   0   0   0
F16_1   0             0    0          0   0   0   0   0   0   0   0   0   0   0
F16_2   0             0    0          0   0   0   0   0   0   0   0   0   0   0
F17      .            0    0          0   0   0   0   0   0   0   0   0   0   0
F17_1   4.0054e-06    .    0.999996   0   0   0   0   0   0   0   0   0   0   0
F17_2   0.999996      0     .         0   0   0   0   0   0   0   0   0   0   0
F18     0             0    0          .   0   0   0   0   0   0   0   0   0   0
F18_1   0             0    0          0   .   0   0   0   0   0   0   0   0   0
F18_2   0             0    0          0   0   .   0   0   0   0   0   0   0   0
F19     0             0    0          0   0   0   .   0   0   0   0   0   0   0
F19_1   0             0    0          0   0   0   0   .   0   0   0   0   0   0
F19_2   0             0    0          0   0   0   0   0   .   0   0   0   0   0
F20     0             0    0          0   0   0   0   0   0   .   0   0   0   0
F20_1   0             0    0          0   0   0   0   0   0   1   .   0   0   0
F20_2   0             0    0          0   0   0   0   0   0   0   0   .   0   0
N0      0             0    0          0   0   0   0   1   0   0   0   0   .   0
Nσ      0             0    0          0   0   0   0   0   0   0   0   0   0   .
;

sum{i in D0, j in Vplun} x[i,j] = 6

sum{i in Vall, j in Vall: i != j} x[i,j]*t[i,j] = 487.835

sum{i in F} z[i]*R[i] = 45.7052

sum{i in F, j in Vplunend: i != j} y[i]*x[i,j] = 0

a [*] :=
   C1 127.389       C3 153.514    F16_1 769.886      F19 510
  C10 225           C4 479        F16_2 672.345    F19_1 182.946
  C11  54.5763      C5 455          F17 690.394    F19_2 390.736
  C12 431.12        C6  27.4591   F17_1  72.5763     F20 432.162
  C13 191           C7 157        F17_2 632.476    F20_1 268.065
  C14 448.191       C8 694          F18 148.278    F20_2 555.966
  C15 609           C9 133.806    F18_1 682.762       N0   0
   C2 207.19       F16 198.855    F18_2 682.762       Nσ 960
;

u [*] :=
   C1 1000     C15  970      C7  980     F17  982     F19 1000      N0 1000
  C10  960      C2 1000      C8  982   F17_1  982   F19_1 1000      Nσ    0
  C11  992      C3  994      C9 1000   F17_2  982   F19_2 1000
  C12 1000      C4  974     F16  960     F18  980     F20  983
  C13 1000      C5  983   F16_1 1000   F18_1  970   F20_1  983
  C14  977      C6 1000   F16_2 1000   F18_2 1000   F20_2  994
;

v [*] :=
   C1 57.1345      C2 46.1377      C9 39.6711     F18 35.199    F20_1 34.9309
  C10 38.3275      C3 41.01       F16 77.75     F18_1  0        F20_2  0
  C11 33.1737      C4  4.2426   F16_1 77.75     F18_2  0           N0 77.75
  C12 50.8242      C5 45.1774   F16_2  0          F19  0           Nσ  0
  C13 57.1345      C6 50.2909     F17 41.6845   F19_1 53.6668
  C14 25.0513      C7 40.0306   F17_1 25.1737   F19_2  0
  C15 37.2022      C8 38.0789   F17_2 41.6843     F20 34.9309
;

y [*] :=
  F16  0
F16_1  0
F16_2  0
  F17  0
F17_1  0
F17_2  0
  F18  0
F18_1  0
F18_2  0
  F19  0
F19_1  0
F19_2  0
  F20  0
F20_1  0
F20_2  0
;

z [*] :=
  F16  1
F16_1  1
F16_2  1
  F17  1
F17_1  1
F17_2  1
  F18  1
F18_1  1
F18_2  1
  F19  1
F19_1  1
F19_2  1
  F20  1
F20_1  1
F20_2  1
;

R [*] :=
  F16   0
F16_1   0
F16_2   0
  F17   0
F17_1  16.5105
F17_2   0
  F18   6.2458
F18_1   0
F18_2   0
  F19   0
F19_1   7.7024
F19_2   0
  F20  15.2465
F20_1   0
F20_2   0
;

Y [*] :=
  F16  77.75
F16_1  77.75
F16_2   0
  F17  41.6845
F17_1  41.6842
F17_2  41.6843
  F18  41.4448
F18_1   0
F18_2   0
  F19   0
F19_1  61.3692
F19_2   0
  F20  50.1774
F20_1  34.9309
F20_2   0
;

