MIP Gap (%):  82.49955857050689
_solve_elapsed_time = 28814.5

TotalCost = 14073.4

x [*,*]
# $18 = F16_2
:      C1 C10 C11 C12 C13 C14 C15  C2  C3  C4  C5  C6  C7  C8  C9 F16 F16_1 $18 :=
C1      .   0   0   0   0   0   0   0   0   0   0   0   0   0   0   0    0    0
C10     0   .   0   0   0   0   0   0   0   0   0   0   0   0   1   0    0    0
C11     0   0   .   1   0   0   0   0   0   0   0   0   0   0   0   0    0    0
C12     0   0   0   .   0   0   0   0   0   0   0   1   0   0   0   0    0    0
C13     0   0   0   0   .   0   0   0   0   0   0   0   0   0   0   0    0    0
C14     0   0   0   0   1   .   0   0   0   0   0   0   0   0   0   0    0    0
C15     0   0   0   0   0   0   .   0   0   0   0   0   0   0   0   0    0    0
C2      0   0   0   0   0   0   0   .   0   0   0   0   0   0   0   0    0    0
C3      0   0   0   0   0   0   0   0   .   1   0   0   0   0   0   0    0    0
C4      0   0   0   0   0   0   0   0   0   .   0   0   0   0   0   0    0    0
C5      0   0   0   0   0   0   0   1   0   0   .   0   0   0   0   0    0    0
C6      0   0   0   0   0   1   0   0   0   0   0   .   0   0   0   0    0    0
C7      0   0   0   0   0   0   0   0   0   0   0   0   .   0   0   0    0    0
C8      0   0   0   0   0   0   0   0   0   0   0   0   0   .   0   1    0    0
C9      0   0   0   0   0   0   1   0   0   0   0   0   0   0   .   0    0    0
F16     0   0   0   0   0   0   0   0   0   0   0   0   0   0   0   .    0    0
F16_1   0   0   0   0   0   0   0   0   0   0   0   0   0   0   0   0    .    0
F16_2   0   0   0   0   0   0   0   0   0   0   0   0   0   0   0   0    0    .
F17     0   0   0   0   0   0   0   0   0   0   0   0   0   0   0   0    0    0
F17_1   0   0   0   0   0   0   0   0   0   0   0   0   0   0   0   0    0    0
F17_2   0   0   0   0   0   0   0   0   0   0   0   0   0   0   0   0    0    0
F18     0   0   0   0   0   0   0   0   0   0   0   0   0   0   0   0    0    0
F18_1   0   0   0   0   0   0   0   0   0   0   0   0   0   0   0   0    0    0
F18_2   0   0   0   0   0   0   0   0   0   0   0   0   0   0   0   0    0    0
F19     0   0   0   0   0   0   0   0   0   0   0   0   0   0   0   0    0    0
F19_1   0   0   0   0   0   0   0   0   0   0   0   0   0   0   0   0    0    0
F19_2   0   0   0   0   0   0   0   0   0   0   0   0   0   0   0   0    0    0
F20     0   0   0   0   0   0   0   0   0   0   0   0   0   0   0   0    0    0
F20_1   0   1   0   0   0   0   0   0   0   0   0   0   0   0   0   0    0    0
F20_2   0   0   0   0   0   0   0   0   0   0   0   0   0   0   0   0    0    0
F21     0   0   0   0   0   0   0   0   0   0   0   0   0   0   0   0    0    0
F21_1   0   0   0   0   0   0   0   0   0   0   0   0   0   0   0   0    0    0
F21_2   0   0   0   0   0   0   0   0   0   0   0   0   0   0   0   0    0    0
F22     0   0   0   0   0   0   0   0   0   0   0   0   0   0   0   0    0    0
F22_1   0   0   0   0   0   0   0   0   0   0   0   0   0   0   0   0    0    0
F22_2   0   0   0   0   0   0   0   0   0   0   0   0   0   1   0   0    0    0
N0      1   0   1   0   0   0   0   0   1   0   1   0   1   0   0   0    0    0
Nσ      0   0   0   0   0   0   0   0   0   0   0   0   0   0   0   0    0    0

# $3 = F17_2
# $5 = F18_1
# $6 = F18_2
# $8 = F19_1
# $9 = F19_2
# $11 = F20_1
# $12 = F20_2
# $14 = F21_1
# $15 = F21_2
# $17 = F22_1
# $18 = F22_2
:     F17 F17_1  $3 F18  $5  $6 F19  $8  $9 F20 $11 $12 F21 $14 $15 F22 $17 $18 :=
C1      0    0    0   0   0   0   0   0   0   0   0   0   0   0   0   0   0   0
C10     0    0    0   0   0   0   0   0   0   0   0   0   0   0   0   0   0   0
C11     0    0    0   0   0   0   0   0   0   0   0   0   0   0   0   0   0   0
C12     0    0    0   0   0   0   0   0   0   0   0   0   0   0   0   0   0   0
C13     0    0    0   0   0   0   0   0   0   0   0   0   0   0   0   0   0   1
C14     0    0    0   0   0   0   0   0   0   0   0   0   0   0   0   0   0   0
C15     0    0    0   0   0   0   0   0   0   1   0   0   0   0   0   0   0   0
C2      0    0    0   0   0   0   0   0   0   0   0   0   0   0   0   0   0   0
C3      0    0    0   0   0   0   0   0   0   0   0   0   0   0   0   0   0   0
C4      0    0    0   0   0   0   0   0   0   0   0   0   0   0   0   0   0   0
C5      0    0    0   0   0   0   0   0   0   0   0   0   0   0   0   0   0   0
C6      0    0    0   0   0   0   0   0   0   0   0   0   0   0   0   0   0   0
C7      0    0    0   0   0   0   0   0   0   0   0   0   0   0   0   0   0   0
C8      0    0    0   0   0   0   0   0   0   0   0   0   0   0   0   0   0   0
C9      0    0    0   0   0   0   0   0   0   0   0   0   0   0   0   0   0   0
F16     0    0    0   0   0   0   0   0   0   0   0   0   0   0   0   0   0   0
F16_1   0    0    0   0   0   0   0   0   0   0   0   0   0   0   0   0   0   0
F16_2   0    0    0   0   0   0   0   0   0   0   0   0   0   0   0   0   0   0
F17     .    0    0   0   0   0   0   0   0   0   0   0   0   0   0   0   0   0
F17_1   0    .    0   0   0   0   0   0   0   0   0   0   0   0   0   0   0   0
F17_2   0    0    .   0   0   0   0   0   0   0   0   0   0   0   0   0   0   0
F18     0    0    0   .   0   0   0   0   0   0   0   0   0   0   0   0   0   0
F18_1   0    0    0   0   .   0   0   0   0   0   0   0   0   0   0   0   0   0
F18_2   0    0    0   0   0   .   0   0   0   0   0   0   0   0   0   0   0   0
F19     0    0    0   0   0   0   .   0   0   0   0   0   0   0   0   0   0   0
F19_1   0    0    0   0   0   0   0   .   0   0   0   0   0   0   0   0   0   0
F19_2   0    0    0   0   0   0   0   0   .   0   0   0   0   0   0   0   0   0
F20     0    0    0   0   0   0   0   0   0   .   0   0   0   0   0   0   0   0
F20_1   0    0    0   0   0   0   0   0   0   0   .   0   0   0   0   0   0   0
F20_2   0    0    0   0   0   0   0   0   0   0   1   .   0   0   0   0   0   0
F21     0    0    0   0   0   0   0   0   0   0   0   0   .   0   0   0   0   0
F21_1   0    0    0   0   0   0   0   0   0   0   0   0   0   .   0   0   0   0
F21_2   0    0    0   0   0   0   0   0   0   0   0   0   0   0   .   0   0   0
F22     0    0    0   0   0   0   0   0   0   0   0   0   0   0   0   .   0   0
F22_1   0    0    0   0   0   0   0   0   0   0   0   0   0   0   0   0   .   0
F22_2   0    0    0   0   0   0   0   0   0   0   0   0   0   0   0   0   0   .
N0      0    0    0   0   0   0   0   0   0   0   0   1   0   0   0   0   0   0
Nσ      0    0    0   0   0   0   0   0   0   0   0   0   0   0   0   0   0   0

:      N0  Nσ    :=
C1      0   1
C10     0   0
C11     0   0
C12     0   0
C13     0   0
C14     0   0
C15     0   0
C2      0   1
C3      0   0
C4      0   1
C5      0   0
C6      0   0
C7      0   1
C8      0   0
C9      0   0
F16     0   1
F16_1   0   0
F16_2   0   0
F17     0   0
F17_1   0   0
F17_2   0   0
F18     0   0
F18_1   0   0
F18_2   0   0
F19     0   0
F19_1   0   0
F19_2   0   0
F20     0   1
F20_1   0   0
F20_2   0   0
F21     0   0
F21_1   0   0
F21_2   0   0
F22     0   0
F22_1   0   0
F22_2   0   0
N0      .   0
Nσ      0   .
;

sum{i in D0, j in Vplun} x[i,j] = 6

sum{i in Vall, j in Vall: i != j} x[i,j]*t[i,j] = 522.541

sum{i in F} z[i]*R[i] = 76.4797

sum{i in F, j in Vplunend: i != j} y[i]*x[i,j] = 0

a [*] :=
   C1 352           C5  14.1421   F17_2 582.904      F21 549.26
  C10 733.787       C6 221.687      F18 500.042    F21_1 557.224
  C11 196.687       C7  38.0789   F18_1 158.023    F21_2 557.224
  C12 208.687       C8 780.155    F18_2 248.991      F22 574.236
  C13 388           C9 765          F19 510.916    F22_1 400.236
  C14 238.687      F16 829.206    F19_1 960        F22_2 500.042
  C15 779.123    F16_1  42.1516   F19_2 450.259       N0   0
   C2  44.1421   F16_2   0          F20 799.173       Nσ 960
   C3 557.259      F17 925.472    F20_1 115.051
   C4 919        F17_1 937.062    F20_2  24.0832
;

u [*] :=
   C1 1000      C2  991      C9  935     F18  899   F20_1 1000   F22_2    6
  C10  951      C3 1000     F16    0   F18_1  899   F20_2 1000      N0 1000
  C11 1000      C4  991   F16_1    0   F18_2  899     F21  951      Nσ    0
  C12  960      C5 1000   F16_2    0     F19  899   F21_1 1000
  C13   37      C6  950     F17  991   F19_1 1000   F21_2 1000
  C14  940      C7 1000   F17_1 1000   F19_2   30     F22 1000
  C15  927      C8    6   F17_2 1000     F20  899   F22_1 1000
;

v [*] :=
   C1 38.4708      C3 55.8857   F16_1  0          F19  0        F21_2  0
  C10 44.1345      C4 30.8058   F16_2  0        F19_1  0          F22  0
  C11 42.75        C5 63.6079     F17  0        F19_2 77.75     F22_1  0
  C12 40.75        C6 37.75     F17_1  0          F20  8.7483   F22_2  9.2007
  C13 11.4368      C7 39.6711   F17_2  0        F20_1 77.75        N0 77.75
  C14 30.75        C8 39.0512     F18  0        F20_2 53.6668      Nσ  0
  C15 18.7982      C9 22.9213   F18_1  0          F21  0
   C2 43.6079     F16  0        F18_2  0        F21_1  0
;

y [*] :=
  F16 0     F17 0     F18 0     F19 0     F20 0     F21 0     F22 0
F16_1 0   F17_1 0   F18_1 0   F19_1 0   F20_1 0   F21_1 0   F22_1 0
F16_2 0   F17_2 0   F18_2 0   F19_2 0   F20_2 0   F21_2 0   F22_2 0
;

z [*] :=
  F16 1     F17 1     F18 1     F19 1     F20 1     F21 1     F22 1
F16_1 1   F17_1 1   F18_1 1   F19_1 1   F20_1 1   F21_1 1   F22_1 1
F16_2 1   F17_2 1   F18_2 1   F19_2 1   F20_2 1   F21_2 1   F22_2 1
;

R [*] :=
  F16  0        F17_2  0        F19_1  0          F21  0        F22_2 37.0616
F16_1  0          F18  0        F19_2  0        F21_1  0
F16_2  0        F18_1  0          F20 15.3349   F21_2  0
  F17  0        F18_2  0        F20_1  0          F22  0
F17_1  0          F19  0        F20_2 24.0832   F22_1  0
;

Y [*] :=
  F16  0        F17_2  0        F19_1  0          F21  0        F22_2 46.2623
F16_1  0          F18  0        F19_2 77.75     F21_1  0
F16_2  0        F18_1  0          F20 24.0832   F21_2  0
  F17  0        F18_2  0        F20_1 77.75       F22  0
F17_1  0          F19  0        F20_2 77.75     F22_1  0
;

