MIP Gap (%):  76.35617489948659
_solve_elapsed_time = 28800.8

TotalCost = 13515.2

x [*,*]
:      C1 C10 C11 C12 C13 C14 C15 C16 C17 C18 C19  C2 C20 C21 C22 C23 C24 C25 :=
C1      .   0   0   0   0   0   0   0   0   0   0   0   0   0   0   0   0   0
C10     0   .   0   0   0   0   0   0   0   0   0   0   0   0   0   0   0   0
C11     0   1   .   0   0   0   0   0   0   0   0   0   0   0   0   0   0   0
C12     0   0   0   .   0   0   0   0   0   0   0   0   0   0   0   0   0   0
C13     0   0   0   0   .   0   0   0   0   0   0   0   0   0   0   0   0   0
C14     0   0   0   0   0   .   0   0   0   0   0   0   0   0   0   0   0   0
C15     1   0   0   0   0   0   .   0   0   0   0   0   0   0   0   0   0   0
C16     0   0   0   0   0   0   0   .   0   0   0   0   0   0   0   0   0   0
C17     0   0   0   0   0   0   0   0   .   1   0   0   0   0   0   0   0   0
C18     0   0   0   0   0   0   0   0   0   .   0   0   0   0   0   0   0   0
C19     0   0   0   0   0   1   0   0   0   0   .   0   0   0   0   0   0   0
C2      0   0   0   0   0   0   0   0   0   0   0   .   0   0   0   0   0   0
C20     0   0   0   0   0   0   0   0   0   0   0   0   .   0   0   1   0   0
C21     0   0   1   0   0   0   0   0   0   0   0   0   0   .   0   0   0   0
C22     0   0   0   0   0   0   1   0   0   0   0   0   0   0   .   0   0   0
C23     0   0   0   0   0   0   0   0   0   0   0   0   0   0   0   .   0   0
C24     0   0   0   0   0   0   0   0   0   0   0   0   0   0   0   0   .   0
C25     0   0   0   0   0   0   0   0   0   0   0   0   0   0   0   0   0   .
C3      0   0   0   0   0   0   0   0   0   0   0   0   0   0   0   0   0   0
C4      0   0   0   0   0   0   0   0   0   0   0   0   0   0   0   0   0   0
C5      0   0   0   0   0   0   0   1   0   0   0   0   0   0   0   0   0   0
C6      0   0   0   0   0   0   0   0   0   0   0   0   0   0   0   0   0   0
C7      0   0   0   0   0   0   0   0   0   0   0   0   0   0   0   0   0   0
C8      0   0   0   0   0   0   0   0   0   0   0   1   0   0   0   0   0   0
C9      0   0   0   0   1   0   0   0   0   0   0   0   0   0   0   0   0   0
F26     0   0   0   0   0   0   0   0   0   0   0   0   0   0   0   0   0   0
F26_1   0   0   0   0   0   0   0   0   0   0   0   0   0   0   0   0   0   0
F26_2   0   0   0   0   0   0   0   0   0   0   0   0   0   0   0   0   0   0
F26_3   0   0   0   0   0   0   0   0   0   0   0   0   0   0   0   0   0   0
F27     0   0   0   0   0   0   0   0   0   0   0   0   0   0   0   0   0   0
F27_1   0   0   0   0   0   0   0   0   0   0   0   0   0   0   0   0   0   0
F27_2   0   0   0   0   0   0   0   0   0   0   0   0   0   0   0   0   0   0
F27_3   0   0   0   0   0   0   0   0   0   0   0   0   0   0   0   0   0   0
F28     0   0   0   0   0   0   0   0   0   0   0   0   0   0   0   0   0   0
F28_1   0   0   0   0   0   0   0   0   0   0   0   0   0   0   0   0   0   0
F28_2   0   0   0   0   0   0   0   0   0   0   0   0   0   0   0   0   0   0
F28_3   0   0   0   0   0   0   0   0   0   0   0   0   0   0   0   0   0   0
F29     0   0   0   0   0   0   0   0   0   0   0   0   0   0   0   0   0   0
F29_1   0   0   0   0   0   0   0   0   0   0   0   0   0   0   0   0   0   0
F29_2   0   0   0   0   0   0   0   0   0   0   0   0   0   0   0   0   0   0
F29_3   0   0   0   0   0   0   0   0   0   0   0   0   0   0   0   0   0   0
F30     0   0   0   0   0   0   0   0   0   0   0   0   0   0   0   0   0   0
F30_1   0   0   0   0   0   0   0   0   0   0   0   0   0   0   0   0   0   0
F30_2   0   0   0   0   0   0   0   0   0   0   0   0   0   0   0   0   0   0
F30_3   0   0   0   0   0   0   0   0   0   0   0   0   0   0   0   0   0   0
F31     0   0   0   0   0   0   0   0   0   0   0   0   0   0   0   0   0   0
F31_1   0   0   0   0   0   0   0   0   0   0   0   0   0   0   0   0   0   0
F31_2   0   0   0   0   0   0   0   0   0   0   0   0   0   0   0   0   0   0
F31_3   0   0   0   0   0   0   0   0   0   0   0   0   0   0   0   0   0   0
F32     0   0   0   0   0   0   0   0   0   0   0   0   0   0   0   0   0   0
F32_1   0   0   0   0   0   0   0   0   0   0   0   0   0   0   0   0   0   0
F32_2   0   0   0   0   0   0   0   0   0   0   0   0   0   0   0   0   0   0
F32_3   0   0   0   0   0   0   0   0   0   0   0   0   0   0   0   0   0   0
F33     0   0   0   0   0   0   0   0   0   0   0   0   0   0   0   0   0   0
F33_1   0   0   0   0   0   0   0   0   0   0   0   0   0   0   0   0   0   0
F33_2   0   0   0   0   0   0   0   0   0   0   0   0   0   0   0   0   0   0
F33_3   0   0   0   0   0   0   0   0   0   0   0   0   0   1   0   0   0   0
F34     0   0   0   0   0   0   0   0   0   0   0   0   0   0   0   0   0   0
F34_1   0   0   0   0   0   0   0   0   0   0   0   0   0   0   0   0   0   0
F34_2   0   0   0   0   0   0   0   0   0   0   0   0   0   0   0   0   0   0
F34_3   0   0   0   0   0   0   0   0   0   0   0   0   0   0   0   0   0   0
F35     0   0   0   0   0   0   0   0   0   0   0   0   0   0   0   0   0   0
F35_1   0   0   0   0   0   0   0   0   0   0   0   0   0   0   0   0   0   0
F35_2   0   0   0   0   0   0   0   0   0   0   0   0   0   0   0   0   0   0
F35_3   0   0   0   0   0   0   0   0   0   0   0   0   0   0   0   0   0   0
F36     0   0   0   0   0   0   0   0   0   0   0   0   0   0   0   0   0   0
F36_1   0   0   0   0   0   0   0   0   0   0   0   0   0   0   0   0   0   0
F36_2   0   0   0   0   0   0   0   0   0   0   0   0   0   0   0   0   0   0
F36_3   0   0   0   0   0   0   0   0   0   0   0   0   0   0   0   0   0   0
F37     0   0   0   0   0   0   0   0   0   0   0   0   0   0   0   0   0   0
F37_1   0   0   0   0   0   0   0   0   0   0   0   0   0   0   0   0   0   0
F37_2   0   0   0   0   0   0   0   0   0   0   0   0   0   0   0   0   0   0
F37_3   0   0   0   0   0   0   0   0   0   0   0   0   0   0   0   0   0   0
F38     0   0   0   0   0   0   0   0   0   0   0   0   0   0   0   0   0   0
F38_1   0   0   0   0   0   0   0   0   0   0   0   0   0   0   0   0   0   0
F38_2   0   0   0   0   0   0   0   0   0   0   0   0   0   0   0   0   0   0
F38_3   0   0   0   0   0   0   0   0   0   0   0   0   0   0   0   0   0   0
F39     0   0   0   0   0   0   0   0   0   0   0   0   0   0   0   0   0   0
F39_1   0   0   0   0   0   0   0   0   0   0   0   0   0   0   0   0   0   0
F39_2   0   0   0   0   0   0   0   0   0   0   0   0   0   0   0   0   0   0
F39_3   0   0   0   0   0   0   0   0   0   0   0   0   0   0   0   0   0   0
F40     0   0   0   0   0   0   0   0   0   0   0   0   0   0   0   0   0   0
F40_1   0   0   0   0   0   0   0   0   0   0   0   0   0   0   0   0   0   0
F40_2   0   0   0   0   0   0   0   0   0   0   0   0   0   0   0   0   0   0
F40_3   0   0   0   0   0   0   0   0   0   0   0   0   0   0   0   0   1   0
F41     0   0   0   0   0   0   0   0   0   0   0   0   0   0   0   0   0   0
F41_1   0   0   0   0   0   0   0   0   0   0   0   0   0   0   0   0   0   0
F41_2   0   0   0   0   0   0   0   0   0   0   0   0   0   0   0   0   0   0
F41_3   0   0   0   0   0   0   0   0   0   0   0   0   0   0   0   0   0   0
F42     0   0   0   0   0   0   0   0   0   0   0   0   0   0   0   0   0   0
F42_1   0   0   0   0   0   0   0   0   0   0   0   0   0   0   0   0   0   0
F42_2   0   0   0   0   0   0   0   0   0   0   0   0   0   0   0   0   0   0
F42_3   0   0   0   0   0   0   0   0   0   0   0   0   0   0   0   0   0   0
F43     0   0   0   0   0   0   0   0   0   0   0   0   0   0   0   0   0   0
F43_1   0   0   0   0   0   0   0   0   0   0   0   0   0   0   0   0   0   0
F43_2   0   0   0   0   0   0   0   0   0   0   0   0   0   0   0   0   0   0
F43_3   0   0   0   0   0   0   0   0   0   0   0   0   0   0   0   0   0   0
F44     0   0   0   0   0   0   0   0   0   0   0   0   0   0   0   0   0   0
F44_1   0   0   0   0   0   0   0   0   0   0   0   0   0   0   0   0   0   0
F44_2   0   0   0   0   0   0   0   0   0   0   0   0   0   0   0   0   0   0
F44_3   0   0   0   0   0   0   0   0   0   0   0   0   0   0   0   0   0   0
F45     0   0   0   0   0   0   0   0   0   0   0   0   0   0   0   0   0   0
F45_1   0   0   0   0   0   0   0   0   0   0   0   0   0   0   0   0   0   0
F45_2   0   0   0   0   0   0   0   0   0   0   0   0   0   0   0   0   0   0
F45_3   0   0   0   0   0   0   0   0   0   0   0   0   0   0   0   0   0   0
F46     0   0   0   0   0   0   0   0   0   0   0   0   0   0   0   0   0   0
F46_1   0   0   0   0   0   0   0   0   0   0   0   0   0   0   0   0   0   0
F46_2   0   0   0   0   0   0   0   0   0   0   0   0   0   0   0   0   0   0
F46_3   0   0   0   0   0   0   0   0   0   0   0   0   0   0   0   0   0   0
N0      0   0   0   1   0   0   0   0   1   0   1   0   1   0   1   0   0   1
Nσ      0   0   0   0   0   0   0   0   0   0   0   0   0   0   0   0   0   0

# $10 = F26_2
# $13 = F27_1
# $14 = F27_2
# $15 = F27_3
:      C3  C4  C5  C6  C7  C8  C9 F26 F26_1 $10    F26_3   F27 $13 $14 $15 F28 :=
C1      0   0   0   0   0   0   0   0    0    0   0          0   0   0   0   0
C10     0   0   0   0   0   0   0   0    0    0   0          0   0   0   0   0
C11     0   0   0   0   0   0   0   0    0    0   0          0   0   0   0   0
C12     0   0   0   0   1   0   0   0    0    0   0          0   0   0   0   0
C13     0   0   0   0   0   0   0   0    0    0   0          0   0   0   0   0
C14     0   0   0   1   0   0   0   0    0    0   0          0   0   0   0   0
C15     0   0   0   0   0   0   0   0    0    0   0          0   0   0   0   0
C16     0   0   0   0   0   0   0   0    0    0   0          0   0   0   0   0
C17     0   0   0   0   0   0   0   0    0    0   0          0   0   0   0   0
C18     0   1   0   0   0   0   0   0    0    0   0          0   0   0   0   0
C19     0   0   0   0   0   0   0   0    0    0   0          0   0   0   0   0
C2      0   0   0   0   0   0   0   0    0    0   0          0   0   0   0   0
C20     0   0   0   0   0   0   0   0    0    0   0          0   0   0   0   0
C21     0   0   0   0   0   0   0   0    0    0   0          0   0   0   0   0
C22     0   0   0   0   0   0   0   0    0    0   0          0   0   0   0   0
C23     0   0   0   0   0   0   0   0    0    0   0          0   0   0   0   0
C24     0   0   0   0   0   0   0   0    0    0   0          0   0   0   0   0
C25     0   0   0   0   0   0   0   0    0    0   0          0   0   0   0   0
C3      .   0   0   0   0   0   0   0    0    0   0          0   0   0   0   0
C4      1   .   0   0   0   0   0   0    0    0   0          0   0   0   0   0
C5      0   0   .   0   0   0   0   0    0    0   0          0   0   0   0   0
C6      0   0   0   .   0   0   0   0    0    0   0          0   0   0   0   0
C7      0   0   1   0   .   0   0   0    0    0   0          0   0   0   0   0
C8      0   0   0   0   0   .   0   0    0    0   0          0   0   0   0   0
C9      0   0   0   0   0   0   .   0    0    0   0          0   0   0   0   0
F26     0   0   0   0   0   0   0   .    0    0   0          0   0   0   0   0
F26_1   0   0   0   0   0   0   0   0    .    0   0          0   0   0   0   0
F26_2   0   0   0   0   0   0   0   0    0    .   0          0   0   0   0   0
F26_3   0   0   0   0   0   0   0   0    0    0    .         0   0   0   0   0
F27     0   0   0   0   0   0   0   0    0    0   0          .   0   0   0   0
F27_1   0   0   0   0   0   0   0   0    0    0   0          0   .   0   0   0
F27_2   0   0   0   0   0   0   0   0    0    0   0          0   0   .   0   0
F27_3   0   0   0   0   0   0   0   0    0    0   0          0   0   0   .   0
F28     0   0   0   0   0   0   0   0    0    0   0          0   0   0   0   .
F28_1   0   0   0   0   0   0   0   0    0    0   0          0   0   0   0   0
F28_2   0   0   0   0   0   0   0   0    0    0   0          0   0   0   0   0
F28_3   0   0   0   0   0   0   0   0    0    0   0          0   0   0   0   0
F29     0   0   0   0   0   0   0   0    0    0   0          0   0   0   0   0
F29_1   0   0   0   0   0   0   0   0    0    0   0          0   0   0   0   0
F29_2   0   0   0   0   0   0   0   0    0    0   0          0   0   0   0   0
F29_3   0   0   0   0   0   0   0   0    0    0   0          0   0   0   0   0
F30     0   0   0   0   0   0   0   0    0    0   0          0   0   0   0   0
F30_1   0   0   0   0   0   0   0   0    0    0   0          0   0   0   0   0
F30_2   0   0   0   0   0   0   0   0    0    0   0          0   0   0   0   0
F30_3   0   0   0   0   0   0   0   0    0    0   0          0   0   0   0   0
F31     0   0   0   0   0   0   0   0    0    0   0          0   0   0   0   0
F31_1   0   0   0   0   0   0   0   0    0    0   0          0   0   0   0   0
F31_2   0   0   0   0   0   0   0   0    0    0   0          0   0   0   0   0
F31_3   0   0   0   0   0   0   0   0    0    0   0          0   0   0   0   0
F32     0   0   0   0   0   0   0   0    0    0   0          0   0   0   0   0
F32_1   0   0   0   0   0   0   0   0    0    0   0          0   0   0   0   0
F32_2   0   0   0   0   0   0   0   0    0    0   0          0   0   0   0   0
F32_3   0   0   0   0   0   0   0   0    0    0   0          0   0   0   0   0
F33     0   0   0   0   0   0   0   0    0    0   0          0   0   0   0   0
F33_1   0   0   0   0   0   0   0   0    0    0   0          0   0   0   0   0
F33_2   0   0   0   0   0   0   0   0    0    0   0          0   0   0   0   0
F33_3   0   0   0   0   0   0   0   0    0    0   0          0   0   0   0   0
F34     0   0   0   0   0   0   0   0    0    0   0          0   0   0   0   0
F34_1   0   0   0   0   0   0   0   0    0    0   0          0   0   0   0   0
F34_2   0   0   0   0   0   0   0   0    0    0   0          0   0   0   0   0
F34_3   0   0   0   0   0   0   0   0    0    0   0          0   0   0   0   0
F35     0   0   0   0   0   0   0   0    0    0   0          0   0   0   0   0
F35_1   0   0   0   0   0   0   0   0    0    0   0          0   0   0   0   0
F35_2   0   0   0   0   0   0   0   0    0    0   0.999999   0   0   0   0   0
F35_3   0   0   0   0   0   0   0   0    0    0   0          0   0   0   0   0
F36     0   0   0   0   0   0   0   0    0    0   0          0   0   0   0   0
F36_1   0   0   0   0   0   0   0   0    0    0   0          0   0   0   0   0
F36_2   0   0   0   0   0   0   0   0    0    0   0          0   0   0   0   0
F36_3   0   0   0   0   0   0   0   0    0    0   0          0   0   0   0   0
F37     0   0   0   0   0   0   0   0    0    0   0          0   0   0   0   0
F37_1   0   0   0   0   0   0   0   0    0    0   0          0   0   0   0   0
F37_2   0   0   0   0   0   0   0   0    0    0   0          0   0   0   0   0
F37_3   0   0   0   0   0   0   0   0    0    0   0          0   0   0   0   0
F38     0   0   0   0   0   0   0   0    0    0   0          0   0   0   0   0
F38_1   0   0   0   0   0   0   0   0    0    0   0          0   0   0   0   0
F38_2   0   0   0   0   0   0   0   0    0    0   0          0   0   0   0   0
F38_3   0   0   0   0   0   0   0   0    0    0   0          0   0   0   0   0
F39     0   0   0   0   0   0   0   0    0    0   0          0   0   0   0   0
F39_1   0   0   0   0   0   0   0   0    0    0   0          0   0   0   0   0
F39_2   0   0   0   0   0   0   0   0    0    0   0          0   0   0   0   0
F39_3   0   0   0   0   0   0   0   0    0    0   0          0   0   0   0   0
F40     0   0   0   0   0   0   0   0    0    0   0          0   0   0   0   0
F40_1   0   0   0   0   0   0   0   0    0    0   0          0   0   0   0   0
F40_2   0   0   0   0   0   0   0   0    0    0   0          0   0   0   0   0
F40_3   0   0   0   0   0   0   0   0    0    0   0          0   0   0   0   0
F41     0   0   0   0   0   0   0   0    0    0   0          0   0   0   0   0
F41_1   0   0   0   0   0   0   0   0    0    0   0          0   0   0   0   0
F41_2   0   0   0   0   0   0   0   0    0    0   0          0   0   0   0   0
F41_3   0   0   0   0   0   0   0   0    0    0   0          0   0   0   0   0
F42     0   0   0   0   0   0   0   0    0    0   0          0   0   0   0   0
F42_1   0   0   0   0   0   0   0   0    0    0   0          0   0   0   0   0
F42_2   0   0   0   0   0   0   0   0    0    0   0          0   0   0   0   0
F42_3   0   0   0   0   0   0   0   0    0    0   0          0   0   0   0   0
F43     0   0   0   0   0   0   0   0    0    0   0          0   0   0   0   0
F43_1   0   0   0   0   0   0   0   0    0    0   0          0   0   0   0   0
F43_2   0   0   0   0   0   0   0   0    0    0   0          0   0   0   0   0
F43_3   0   0   0   0   0   0   0   0    0    0   0          0   0   0   0   0
F44     0   0   0   0   0   0   0   0    0    0   0          0   0   0   0   0
F44_1   0   0   0   0   0   0   0   0    0    0   0          0   0   0   0   0
F44_2   0   0   0   0   0   0   0   0    0    0   0          0   0   0   0   0
F44_3   0   0   0   0   0   0   0   0    0    0   0          0   0   0   0   0
F45     0   0   0   0   0   0   0   0    0    0   0          0   0   0   0   0
F45_1   0   0   0   0   0   0   0   0    0    0   0          0   0   0   0   0
F45_2   0   0   0   0   0   0   0   0    0    0   0          0   0   0   0   0
F45_3   0   0   0   0   0   1   0   0    0    0   0          0   0   0   0   0
F46     0   0   0   0   0   0   0   0    0    0   0          0   0   0   0   0
F46_1   0   0   0   0   0   0   0   0    0    0   0          0   0   0   0   0
F46_2   0   0   0   0   0   0   0   0    0    0   0          0   0   0   0   0
F46_3   0   0   0   0   0   0   0   0    0    0   0          0   0   0   0   0
N0      0   0   0   0   0   0   1   0    0    0   0          0   0   0   0   0
Nσ      0   0   0   0   0   0   0   0    0    0   0          0   0   0   0   0

# $2 = F28_2
# $3 = F28_3
# $5 = F29_1
# $6 = F29_2
# $7 = F29_3
# $9 = F30_1
# $10 = F30_2
# $11 = F30_3
# $13 = F31_1
# $14 = F31_2
# $15 = F31_3
# $17 = F32_1
# $18 = F32_2
:     F28_1  $2  $3 F29  $5  $6  $7 F30  $9 $10 $11 F31 $13 $14 $15 F32 $17 $18 :=
C1       0    0   0   0   0   1   0   0   0   0   0   0   0   0   0   0   0   0
C10      0    0   0   0   0   0   0   0   0   0   0   0   0   0   0   0   0   0
C11      0    0   0   0   0   0   0   0   0   0   0   0   0   0   0   0   0   0
C12      0    0   0   0   0   0   0   0   0   0   0   0   0   0   0   0   0   0
C13      0    0   0   0   0   0   0   0   0   0   0   0   0   0   0   0   0   0
C14      0    0   0   0   0   0   0   0   0   0   0   0   0   0   0   0   0   0
C15      0    0   0   0   0   0   0   0   0   0   0   0   0   0   0   0   0   0
C16      0    0   0   0   0   0   0   0   0   0   0   0   0   0   0   0   0   0
C17      0    0   0   0   0   0   0   0   0   0   0   0   0   0   0   0   0   0
C18      0    0   0   0   0   0   0   0   0   0   0   0   0   0   0   0   0   0
C19      0    0   0   0   0   0   0   0   0   0   0   0   0   0   0   0   0   0
C2       0    0   0   0   0   0   0   0   0   0   0   0   0   0   0   0   0   0
C20      0    0   0   0   0   0   0   0   0   0   0   0   0   0   0   0   0   0
C21      0    0   0   0   0   0   0   0   0   0   0   0   0   0   0   0   0   0
C22      0    0   0   0   0   0   0   0   0   0   0   0   0   0   0   0   0   0
C23      0    0   0   0   0   0   0   0   0   0   0   0   0   0   0   0   0   0
C24      0    0   0   0   0   0   0   0   0   0   0   0   0   0   0   0   0   0
C25      0    0   0   0   0   0   0   0   0   0   0   0   0   0   0   0   0   0
C3       0    0   0   0   0   0   0   0   0   0   0   0   0   0   0   0   0   0
C4       0    0   0   0   0   0   0   0   0   0   0   0   0   0   0   0   0   0
C5       0    0   0   0   0   0   0   0   0   0   0   0   0   0   0   0   0   0
C6       0    0   0   0   0   0   0   0   0   0   0   0   0   0   0   0   0   0
C7       0    0   0   0   0   0   0   0   0   0   0   0   0   0   0   0   0   0
C8       0    0   0   0   0   0   0   0   0   0   0   0   0   0   0   0   0   0
C9       0    0   0   0   0   0   0   0   0   0   0   0   0   0   0   0   0   0
F26      0    0   0   0   0   0   0   0   0   0   0   0   0   0   0   0   0   0
F26_1    0    0   0   0   0   0   0   0   0   0   0   0   0   0   0   0   0   0
F26_2    0    0   0   0   0   0   0   0   0   0   0   0   0   0   0   0   0   0
F26_3    0    0   0   0   0   0   0   0   0   0   0   0   0   0   0   0   0   0
F27      0    0   0   0   0   0   0   0   0   0   0   0   0   0   0   0   0   0
F27_1    0    0   0   0   0   0   0   0   0   0   0   0   0   0   0   0   0   0
F27_2    0    0   0   0   0   0   0   0   0   0   0   0   0   0   0   0   0   0
F27_3    0    0   0   0   0   0   0   0   0   0   0   0   0   0   0   0   0   0
F28      0    0   0   0   0   0   0   0   0   0   0   0   0   0   0   0   0   0
F28_1    .    0   0   0   0   0   0   0   0   0   0   0   0   0   0   0   0   0
F28_2    0    .   0   0   0   0   0   0   0   0   0   0   0   0   0   0   0   0
F28_3    0    0   .   0   0   0   0   0   0   0   0   0   0   0   0   0   0   0
F29      0    0   0   .   0   0   0   0   0   0   0   0   0   0   0   0   0   0
F29_1    0    0   0   0   .   0   0   0   0   0   0   0   0   0   0   0   0   0
F29_2    0    0   0   0   0   .   0   0   0   0   0   0   0   0   0   0   0   0
F29_3    0    0   0   0   0   0   .   0   0   0   0   0   0   0   0   0   0   0
F30      0    0   0   0   0   0   0   .   0   0   0   0   0   0   0   0   0   0
F30_1    0    0   0   0   0   0   0   0   .   0   0   0   0   0   0   0   0   0
F30_2    0    0   0   0   0   0   0   0   0   .   0   0   0   0   0   0   0   0
F30_3    0    0   0   0   0   0   0   0   0   0   .   0   0   0   0   0   0   0
F31      0    0   0   0   0   0   0   0   0   0   0   .   0   0   0   0   0   0
F31_1    0    0   0   0   0   0   0   0   0   0   0   0   .   0   0   0   0   0
F31_2    0    0   0   0   0   0   0   0   0   0   0   0   0   .   0   0   0   0
F31_3    0    0   0   0   0   0   0   0   0   0   0   0   0   0   .   0   0   0
F32      0    0   0   0   0   0   0   0   0   0   0   0   0   0   0   .   0   0
F32_1    0    0   0   0   0   0   0   0   0   0   0   0   0   0   0   0   .   0
F32_2    0    0   0   0   0   0   0   0   0   0   0   0   0   0   0   0   0   .
F32_3    0    0   0   0   0   0   0   0   0   0   0   0   0   0   0   0   0   0
F33      0    0   0   0   0   0   0   0   0   0   0   0   0   0   0   0   0   0
F33_1    0    0   0   0   0   0   0   0   0   0   0   0   0   0   0   0   0   0
F33_2    0    0   0   0   0   0   0   0   0   0   0   0   0   0   0   0   0   0
F33_3    0    0   0   0   0   0   0   0   0   0   0   0   0   0   0   0   0   0
F34      0    0   0   0   0   0   0   0   0   0   0   0   0   0   0   0   0   0
F34_1    0    0   0   0   0   0   0   0   0   0   0   0   0   0   0   0   0   0
F34_2    0    0   0   0   0   0   0   0   0   0   0   0   0   0   0   0   0   0
F34_3    0    0   0   0   0   0   0   0   0   0   0   0   0   0   0   0   0   0
F35      0    0   0   0   0   0   0   0   0   0   0   0   0   0   0   0   0   0
F35_1    0    0   0   0   0   0   0   0   0   0   0   0   0   0   0   0   0   0
F35_2    0    0   0   0   0   0   0   0   0   0   0   0   0   0   0   0   0   0
F35_3    0    0   0   0   0   0   0   0   0   0   0   0   0   0   0   0   0   0
F36      0    0   0   0   0   0   0   0   0   0   0   0   0   0   0   0   0   0
F36_1    0    0   0   0   0   0   0   0   0   0   0   0   0   0   0   0   0   0
F36_2    0    0   0   0   0   0   0   0   0   0   0   0   0   0   0   0   0   0
F36_3    0    0   0   0   0   0   0   0   0   0   0   0   0   0   0   0   0   0
F37      0    0   0   0   0   0   0   0   0   0   0   0   0   0   0   0   0   0
F37_1    0    0   0   0   0   0   0   0   0   0   0   0   0   0   0   0   0   0
F37_2    0    0   0   0   0   0   0   0   0   0   0   0   0   0   0   0   0   0
F37_3    0    0   0   0   0   0   0   0   0   0   0   0   0   0   0   0   0   0
F38      0    0   0   0   0   0   0   0   0   0   0   0   0   0   0   0   0   0
F38_1    0    0   0   0   0   0   0   0   0   0   0   0   0   0   0   0   0   0
F38_2    0    0   0   0   0   0   0   0   0   0   0   0   0   0   0   0   0   0
F38_3    0    0   0   0   0   0   0   0   0   0   0   0   0   0   0   0   0   0
F39      0    0   0   0   0   0   0   0   0   0   0   0   0   0   0   0   0   0
F39_1    0    0   0   0   0   0   0   0   0   0   0   0   0   0   0   0   0   0
F39_2    0    0   0   0   0   0   0   0   0   0   0   0   0   0   0   0   0   0
F39_3    0    0   0   0   0   0   0   0   0   0   0   0   0   0   0   0   0   0
F40      0    0   0   0   0   0   0   0   0   0   0   0   0   0   0   0   0   0
F40_1    0    0   0   0   0   0   0   0   0   0   0   0   0   0   0   0   0   0
F40_2    0    0   0   0   0   0   0   0   0   0   0   0   0   0   0   0   0   0
F40_3    0    0   0   0   0   0   0   0   0   0   0   0   0   0   0   0   0   0
F41      0    0   0   0   0   0   0   0   0   0   0   0   0   0   0   0   0   0
F41_1    0    0   0   0   0   0   0   0   0   0   0   0   0   0   0   0   0   0
F41_2    0    0   0   0   0   0   0   0   0   0   0   0   0   0   0   0   0   0
F41_3    0    0   0   0   0   0   0   0   0   0   0   0   0   0   0   0   0   0
F42      0    0   0   0   0   0   0   0   0   0   0   0   0   0   0   0   0   0
F42_1    0    0   0   0   0   0   0   0   0   0   0   0   0   0   0   0   0   0
F42_2    0    0   0   0   0   0   0   0   0   0   0   0   0   0   0   0   0   0
F42_3    0    0   0   0   0   0   0   0   0   0   0   0   0   0   0   0   0   0
F43      0    0   0   0   0   0   0   0   0   0   0   0   0   0   0   0   0   0
F43_1    0    0   0   0   0   0   0   0   0   0   0   0   0   0   0   0   0   0
F43_2    0    0   0   0   0   0   0   0   0   0   0   0   0   0   0   0   0   0
F43_3    0    0   0   0   0   0   0   0   0   0   0   0   0   0   0   0   0   0
F44      0    0   0   0   0   0   0   0   0   0   0   0   0   0   0   0   0   0
F44_1    0    0   0   0   0   0   0   0   0   0   0   0   0   0   0   0   0   0
F44_2    0    0   0   0   0   0   0   0   0   0   0   0   0   0   0   0   0   0
F44_3    0    0   0   0   0   0   0   0   0   0   0   0   0   0   0   0   0   0
F45      0    0   0   0   0   0   0   0   0   0   0   0   0   0   0   0   0   0
F45_1    0    0   0   0   0   0   0   0   0   0   0   0   0   0   0   0   0   0
F45_2    0    0   0   0   0   0   0   0   0   0   0   0   0   0   0   0   0   0
F45_3    0    0   0   0   0   0   0   0   0   0   0   0   0   0   0   0   0   0
F46      0    0   0   0   0   0   0   0   0   0   0   0   0   0   0   0   0   0
F46_1    0    0   0   0   0   0   0   0   0   0   0   0   0   0   0   0   0   0
F46_2    0    0   0   0   0   0   0   0   0   0   0   0   0   0   0   0   0   0
F46_3    0    0   0   0   0   0   0   0   0   0   0   0   0   0   0   0   0   0
N0       0    0   0   0   0   0   0   0   0   0   0   0   0   0   0   0   0   0
Nσ       0    0   0   0   0   0   0   0   0   0   0   0   0   0   0   0   0   0

# $3 = F33_1
# $4 = F33_2
# $5 = F33_3
# $7 = F34_1
# $8 = F34_2
# $9 = F34_3
# $11 = F35_1
# $12 = F35_2
# $13 = F35_3
# $15 = F36_1
# $16 = F36_2
# $17 = F36_3
:     F32_3 F33  $3  $4  $5 F34  $7  $8  $9 F35 $11 $12 $13 F36 $15 $16 $17 F37 :=
C1       0    0   0   0   0   0   0   0   0   0   0   0   0   0   0   0   0   0
C10      0    0   0   0   0   0   0   0   0   0   0   0   0   0   0   0   0   0
C11      0    0   0   0   0   0   0   0   0   0   0   0   0   0   0   0   0   0
C12      0    0   0   0   0   0   0   0   0   0   0   0   0   0   0   0   0   0
C13      0    0   0   0   0   0   0   0   0   0   0   0   0   0   0   0   0   0
C14      0    0   0   0   0   0   0   0   0   0   0   0   0   0   0   0   0   0
C15      0    0   0   0   0   0   0   0   0   0   0   0   0   0   0   0   0   0
C16      0    0   0   0   0   0   0   0   0   0   0   0   0   0   0   0   0   0
C17      0    0   0   0   0   0   0   0   0   0   0   0   0   0   0   0   0   0
C18      0    0   0   0   0   0   0   0   0   0   0   0   0   0   0   0   0   0
C19      0    0   0   0   0   0   0   0   0   0   0   0   0   0   0   0   0   0
C2       0    0   0   0   0   0   0   0   0   0   0   0   0   0   0   0   0   0
C20      0    0   0   0   0   0   0   0   0   0   0   0   0   0   0   0   0   0
C21      0    0   0   0   0   0   0   0   0   0   0   0   0   0   0   0   0   0
C22      0    0   0   0   0   0   0   0   0   0   0   0   0   0   0   0   0   0
C23      0    0   0   0   0   0   0   0   0   0   0   0   1   0   0   0   0   0
C24      0    0   0   0   0   0   0   0   0   0   0   0   0   0   0   0   0   0
C25      0    0   0   0   0   0   0   0   0   0   0   0   0   0   0   0   0   0
C3       0    0   0   0   0   0   0   0   0   0   0   0   0   0   0   0   0   0
C4       0    0   0   0   0   0   0   0   0   0   0   0   0   0   0   0   0   0
C5       0    0   0   0   0   0   0   0   0   0   0   0   0   0   0   0   0   0
C6       0    0   0   0   1   0   0   0   0   0   0   0   0   0   0   0   0   0
C7       0    0   0   0   0   0   0   0   0   0   0   0   0   0   0   0   0   0
C8       0    0   0   0   0   0   0   0   0   0   0   0   0   0   0   0   0   0
C9       0    0   0   0   0   0   0   0   0   0   0   0   0   0   0   0   0   0
F26      0    0   0   0   0   0   0   0   0   0   0   0   0   0   0   0   0   0
F26_1    0    0   0   0   0   0   0   0   0   0   0   0   0   0   0   0   0   0
F26_2    0    0   0   0   0   0   0   0   0   0   0   0   0   0   0   0   0   0
F26_3    0    0   0   0   0   0   0   0   0   0   0   0   0   0   0   0   0   0
F27      0    0   0   0   0   0   0   0   0   0   0   0   0   0   0   0   0   0
F27_1    0    0   0   0   0   0   0   0   0   0   0   0   0   0   0   0   0   0
F27_2    0    0   0   0   0   0   0   0   0   0   0   0   0   0   0   0   0   0
F27_3    0    0   0   0   0   0   0   0   0   0   0   0   0   0   0   0   0   0
F28      0    0   0   0   0   0   0   0   0   0   0   0   0   0   0   0   0   0
F28_1    0    0   0   0   0   0   0   0   0   0   0   0   0   0   0   0   0   0
F28_2    0    0   0   0   0   0   0   0   0   0   0   0   0   0   0   0   0   0
F28_3    0    0   0   0   0   0   0   0   0   0   0   0   0   0   0   0   0   0
F29      0    0   0   0   0   0   0   0   0   0   0   0   0   0   0   0   0   0
F29_1    0    0   0   0   0   0   0   0   0   0   0   0   0   0   0   0   0   0
F29_2    0    0   0   0   0   0   0   0   0   0   0   0   0   0   0   0   0   0
F29_3    0    0   0   0   0   0   0   0   0   0   0   0   0   0   0   0   0   0
F30      0    0   0   0   0   0   0   0   0   0   0   0   0   0   0   0   0   0
F30_1    0    0   0   0   0   0   0   0   0   0   0   0   0   0   0   0   0   0
F30_2    0    0   0   0   0   0   0   0   0   0   0   0   0   0   0   0   0   0
F30_3    0    0   0   0   0   0   0   0   0   0   0   0   0   0   0   0   0   0
F31      0    0   0   0   0   0   0   0   0   0   0   0   0   0   0   0   0   0
F31_1    0    0   0   0   0   0   0   0   0   0   0   0   0   0   0   0   0   0
F31_2    0    0   0   0   0   0   0   0   0   0   0   0   0   0   0   0   0   0
F31_3    0    0   0   0   0   0   0   0   0   0   0   0   0   0   0   0   0   0
F32      0    0   0   0   0   0   0   0   0   0   0   0   0   0   0   0   0   0
F32_1    0    0   0   0   0   0   0   0   0   0   0   0   0   0   0   0   0   0
F32_2    0    0   0   0   0   0   0   0   0   0   0   0   0   0   0   0   0   0
F32_3    .    0   0   0   0   0   0   0   0   0   0   0   0   0   0   0   0   0
F33      0    .   0   0   0   0   0   0   0   0   0   0   0   0   0   0   0   0
F33_1    0    0   .   0   0   0   0   0   0   0   0   0   0   0   0   0   0   0
F33_2    0    0   0   .   0   0   0   0   0   0   0   0   0   0   0   0   0   0
F33_3    0    0   0   0   .   0   0   0   0   0   0   0   0   0   0   0   0   0
F34      0    0   0   0   0   .   0   0   0   0   0   0   0   0   0   0   0   0
F34_1    0    0   0   0   0   0   .   0   0   0   0   0   0   0   0   0   0   0
F34_2    0    0   0   0   0   0   0   .   0   0   0   0   0   0   0   0   0   0
F34_3    0    0   0   0   0   0   0   0   .   0   0   0   0   0   0   0   0   0
F35      0    0   0   0   0   0   0   0   0   .   0   0   0   0   0   0   0   0
F35_1    0    0   0   0   0   0   0   0   0   0   .   0   0   0   0   0   0   0
F35_2    0    0   0   0   0   0   0   0   0   0   0   .   0   0   0   0   0   0
F35_3    0    0   0   0   0   0   0   0   0   0   0   1   .   0   0   0   0   0
F36      0    0   0   0   0   0   0   0   0   0   0   0   0   .   0   0   0   0
F36_1    0    0   0   0   0   0   0   0   0   0   0   0   0   0   .   0   0   0
F36_2    0    0   0   0   0   0   0   0   0   0   0   0   0   0   0   .   0   0
F36_3    0    0   0   0   0   0   0   0   0   0   0   0   0   0   0   0   .   0
F37      0    0   0   0   0   0   0   0   0   0   0   0   0   0   0   0   0   .
F37_1    0    0   0   0   0   0   0   0   0   0   0   0   0   0   0   0   0   0
F37_2    0    0   0   0   0   0   0   0   0   0   0   0   0   0   0   0   0   0
F37_3    0    0   0   0   0   0   0   0   0   0   0   0   0   0   0   0   0   0
F38      0    0   0   0   0   0   0   0   0   0   0   0   0   0   0   0   0   0
F38_1    0    0   0   0   0   0   0   0   0   0   0   0   0   0   0   0   0   0
F38_2    0    0   0   0   0   0   0   0   0   0   0   0   0   0   0   0   0   0
F38_3    0    0   0   0   0   0   0   0   0   0   0   0   0   0   0   0   0   0
F39      0    0   0   0   0   0   0   0   0   0   0   0   0   0   0   0   0   0
F39_1    0    0   0   0   0   0   0   0   0   0   0   0   0   0   0   0   0   0
F39_2    0    0   0   0   0   0   0   0   0   0   0   0   0   0   0   0   0   0
F39_3    0    0   0   0   0   0   0   0   0   0   0   0   0   0   0   0   0   0
F40      0    0   0   0   0   0   0   0   0   0   0   0   0   0   0   0   0   0
F40_1    0    0   0   0   0   0   0   0   0   0   0   0   0   0   0   0   0   0
F40_2    0    0   0   0   0   0   0   0   0   0   0   0   0   0   0   0   0   0
F40_3    0    0   0   0   0   0   0   0   0   0   0   0   0   0   0   0   0   0
F41      0    0   0   0   0   0   0   0   0   0   0   0   0   0   0   0   0   0
F41_1    0    0   0   0   0   0   0   0   0   0   0   0   0   0   0   0   0   0
F41_2    0    0   0   0   0   0   0   0   0   0   0   0   0   0   0   0   0   0
F41_3    0    0   0   0   0   0   0   0   0   0   0   0   0   0   0   0   0   0
F42      0    0   0   0   0   0   0   0   0   0   0   0   0   0   0   0   0   0
F42_1    0    0   0   0   0   0   0   0   0   0   0   0   0   0   0   0   0   0
F42_2    0    0   0   0   0   0   0   0   0   0   0   0   0   0   0   0   0   0
F42_3    0    0   0   0   0   0   0   0   0   0   0   0   0   0   0   0   0   0
F43      0    0   0   0   0   0   0   0   0   0   0   0   0   0   0   0   0   0
F43_1    0    0   0   0   0   0   0   0   0   0   0   0   0   0   0   0   0   0
F43_2    0    0   0   0   0   0   0   0   0   0   0   0   0   0   0   0   0   0
F43_3    0    0   0   0   0   0   0   0   0   0   0   0   0   0   0   0   0   0
F44      0    0   0   0   0   0   0   0   0   0   0   0   0   0   0   0   0   0
F44_1    0    0   0   0   0   0   0   0   0   0   0   0   0   0   0   0   0   0
F44_2    0    0   0   0   0   0   0   0   0   0   0   0   0   0   0   0   0   0
F44_3    0    0   0   0   0   0   0   0   0   0   0   0   0   0   0   0   0   0
F45      0    0   0   0   0   0   0   0   0   0   0   0   0   0   0   0   0   0
F45_1    0    0   0   0   0   0   0   0   0   0   0   0   0   0   0   0   0   0
F45_2    0    0   0   0   0   0   0   0   0   0   0   0   0   0   0   0   0   0
F45_3    0    0   0   0   0   0   0   0   0   0   0   0   0   0   0   0   0   0
F46      0    0   0   0   0   0   0   0   0   0   0   0   0   0   0   0   0   0
F46_1    0    0   0   0   0   0   0   0   0   0   0   0   0   0   0   0   0   0
F46_2    0    0   0   0   0   0   0   0   0   0   0   0   0   0   0   0   0   0
F46_3    0    0   0   0   0   0   0   0   0   0   0   0   0   0   0   0   0   0
N0       0    0   0   0   0   0   0   0   0   0   0   0   0   0   0   0   0   0
Nσ       0    0   0   0   0   0   0   0   0   0   0   0   0   0   0   0   0   0

# $2 = F37_2
# $3 = F37_3
# $5 = F38_1
# $6 = F38_2
# $7 = F38_3
# $9 = F39_1
# $10 = F39_2
# $11 = F39_3
# $13 = F40_1
# $14 = F40_2
# $15 = F40_3
# $17 = F41_1
# $18 = F41_2
:     F37_1  $2  $3 F38  $5  $6  $7 F39  $9 $10 $11 F40 $13 $14 $15 F41 $17 $18 :=
C1       0    0   0   0   0   0   0   0   0   0   0   0   0   0   0   0   0   0
C10      0    0   0   0   0   0   0   0   0   0   0   0   0   0   0   0   0   0
C11      0    0   0   0   0   0   0   0   0   0   0   0   0   0   0   0   0   0
C12      0    0   0   0   0   0   0   0   0   0   0   0   0   0   0   0   0   0
C13      0    0   0   0   0   0   0   0   0   0   0   0   0   0   0   0   0   0
C14      0    0   0   0   0   0   0   0   0   0   0   0   0   0   0   0   0   0
C15      0    0   0   0   0   0   0   0   0   0   0   0   0   0   0   0   0   0
C16      0    0   0   0   0   0   0   0   0   0   0   0   0   0   0   0   0   0
C17      0    0   0   0   0   0   0   0   0   0   0   0   0   0   0   0   0   0
C18      0    0   0   0   0   0   0   0   0   0   0   0   0   0   0   0   0   0
C19      0    0   0   0   0   0   0   0   0   0   0   0   0   0   0   0   0   0
C2       0    0   0   0   0   0   0   0   0   0   0   0   0   0   0   0   0   0
C20      0    0   0   0   0   0   0   0   0   0   0   0   0   0   0   0   0   0
C21      0    0   0   0   0   0   0   0   0   0   0   0   0   0   0   0   0   0
C22      0    0   0   0   0   0   0   0   0   0   0   0   0   0   0   0   0   0
C23      0    0   0   0   0   0   0   0   0   0   0   0   0   0   0   0   0   0
C24      0    0   0   0   0   0   0   0   0   0   0   0   0   0   0   0   0   0
C25      0    0   0   0   0   0   0   0   0   0   0   0   0   0   1   0   0   0
C3       0    0   0   0   0   0   0   0   0   0   0   0   0   0   0   0   0   0
C4       0    0   0   0   0   0   0   0   0   0   0   0   0   0   0   0   0   0
C5       0    0   0   0   0   0   0   0   0   0   0   0   0   0   0   0   0   0
C6       0    0   0   0   0   0   0   0   0   0   0   0   0   0   0   0   0   0
C7       0    0   0   0   0   0   0   0   0   0   0   0   0   0   0   0   0   0
C8       0    0   0   0   0   0   0   0   0   0   0   0   0   0   0   0   0   0
C9       0    0   0   0   0   0   0   0   0   0   0   0   0   0   0   0   0   0
F26      0    0   0   0   0   0   0   0   0   0   0   0   0   0   0   0   0   0
F26_1    0    0   0   0   0   0   0   0   0   0   0   0   0   0   0   0   0   0
F26_2    0    0   0   0   0   0   0   0   0   0   0   0   0   0   0   0   0   0
F26_3    0    0   0   0   0   0   0   0   0   0   0   0   0   0   0   0   0   0
F27      0    0   0   0   0   0   0   0   0   0   0   0   0   0   0   0   0   0
F27_1    0    0   0   0   0   0   0   0   0   0   0   0   0   0   0   0   0   0
F27_2    0    0   0   0   0   0   0   0   0   0   0   0   0   0   0   0   0   0
F27_3    0    0   0   0   0   0   0   0   0   0   0   0   0   0   0   0   0   0
F28      0    0   0   0   0   0   0   0   0   0   0   0   0   0   0   0   0   0
F28_1    0    0   0   0   0   0   0   0   0   0   0   0   0   0   0   0   0   0
F28_2    0    0   0   0   0   0   0   0   0   0   0   0   0   0   0   0   0   0
F28_3    0    0   0   0   0   0   0   0   0   0   0   0   0   0   0   0   0   0
F29      0    0   0   0   0   0   0   0   0   0   0   0   0   0   0   0   0   0
F29_1    0    0   0   0   0   0   0   0   0   0   0   0   0   0   0   0   0   0
F29_2    0    0   0   0   0   0   0   0   0   0   0   0   0   0   0   0   0   0
F29_3    0    0   0   0   0   0   0   0   0   0   0   0   0   0   0   0   0   0
F30      0    0   0   0   0   0   0   0   0   0   0   0   0   0   0   0   0   0
F30_1    0    0   0   0   0   0   0   0   0   0   0   0   0   0   0   0   0   0
F30_2    0    0   0   0   0   0   0   0   0   0   0   0   0   0   0   0   0   0
F30_3    0    0   0   0   0   0   0   0   0   0   0   0   0   0   0   0   0   0
F31      0    0   0   0   0   0   0   0   0   0   0   0   0   0   0   0   0   0
F31_1    0    0   0   0   0   0   0   0   0   0   0   0   0   0   0   0   0   0
F31_2    0    0   0   0   0   0   0   0   0   0   0   0   0   0   0   0   0   0
F31_3    0    0   0   0   0   0   0   0   0   0   0   0   0   0   0   0   0   0
F32      0    0   0   0   0   0   0   0   0   0   0   0   0   0   0   0   0   0
F32_1    0    0   0   0   0   0   0   0   0   0   0   0   0   0   0   0   0   0
F32_2    0    0   0   0   0   0   0   0   0   0   0   0   0   0   0   0   0   0
F32_3    0    0   0   0   0   0   0   0   0   0   0   0   0   0   0   0   0   0
F33      0    0   0   0   0   0   0   0   0   0   0   0   0   0   0   0   0   0
F33_1    0    0   0   0   0   0   0   0   0   0   0   0   0   0   0   0   0   0
F33_2    0    0   0   0   0   0   0   0   0   0   0   0   0   0   0   0   0   0
F33_3    0    0   0   0   0   0   0   0   0   0   0   0   0   0   0   0   0   0
F34      0    0   0   0   0   0   0   0   0   0   0   0   0   0   0   0   0   0
F34_1    0    0   0   0   0   0   0   0   0   0   0   0   0   0   0   0   0   0
F34_2    0    0   0   0   0   0   0   0   0   0   0   0   0   0   0   0   0   0
F34_3    0    0   0   0   0   0   0   0   0   0   0   0   0   0   0   0   0   0
F35      0    0   0   0   0   0   0   0   0   0   0   0   0   0   0   0   0   0
F35_1    0    0   0   0   0   0   0   0   0   0   0   0   0   0   0   0   0   0
F35_2    0    0   0   0   0   0   0   0   0   0   0   0   0   0   0   0   0   0
F35_3    0    0   0   0   0   0   0   0   0   0   0   0   0   0   0   0   0   0
F36      0    0   0   0   0   0   0   0   0   0   0   0   0   0   0   0   0   0
F36_1    0    0   0   0   0   0   0   0   0   0   0   0   0   0   0   0   0   0
F36_2    0    0   0   0   0   0   0   0   0   0   0   0   0   0   0   0   0   0
F36_3    0    0   0   0   0   0   0   0   0   0   0   0   0   0   0   0   0   0
F37      0    0   0   0   0   0   0   0   0   0   0   0   0   0   0   0   0   0
F37_1    .    0   0   0   0   0   0   0   0   0   0   0   0   0   0   0   0   0
F37_2    0    .   0   0   0   0   0   0   0   0   0   0   0   0   0   0   0   0
F37_3    0    0   .   0   0   0   0   0   0   0   0   0   0   0   0   0   0   0
F38      0    0   0   .   0   0   0   0   0   0   0   0   0   0   0   0   0   0
F38_1    0    0   0   0   .   0   0   0   0   0   0   0   0   0   0   0   0   0
F38_2    0    0   0   0   0   .   0   0   0   0   0   0   0   0   0   0   0   0
F38_3    0    0   0   0   0   0   .   0   0   0   0   0   0   0   0   0   0   0
F39      0    0   0   0   0   0   0   .   0   0   0   0   0   0   0   0   0   0
F39_1    0    0   0   0   0   0   0   0   .   0   0   0   0   0   0   0   0   0
F39_2    0    0   0   0   0   0   0   0   0   .   0   0   0   0   0   0   0   0
F39_3    0    0   0   0   0   0   0   0   0   0   .   0   0   0   0   0   0   0
F40      0    0   0   0   0   0   0   0   0   0   0   .   0   0   0   0   0   0
F40_1    0    0   0   0   0   0   0   0   0   0   0   0   .   0   0   0   0   0
F40_2    0    0   0   0   0   0   0   0   0   0   0   0   0   .   0   0   0   0
F40_3    0    0   0   0   0   0   0   0   0   0   0   0   0   0   .   0   0   0
F41      0    0   0   0   0   0   0   0   0   0   0   0   0   0   0   .   0   0
F41_1    0    0   0   0   0   0   0   0   0   0   0   0   0   0   0   0   .   0
F41_2    0    0   0   0   0   0   0   0   0   0   0   0   0   0   0   0   0   .
F41_3    0    0   0   0   0   0   0   0   0   0   0   0   0   0   0   0   0   0
F42      0    0   0   0   0   0   0   0   0   0   0   0   0   0   0   0   0   0
F42_1    0    0   0   0   0   0   0   0   0   0   0   0   0   0   0   0   0   0
F42_2    0    0   0   0   0   0   0   0   0   0   0   0   0   0   0   0   0   0
F42_3    0    0   0   0   0   0   0   0   0   0   0   0   0   0   0   0   0   0
F43      0    0   0   0   0   0   0   0   0   0   0   0   0   0   0   0   0   0
F43_1    0    0   0   0   0   0   0   0   0   0   0   0   0   0   0   0   0   0
F43_2    0    0   0   0   0   0   0   0   0   0   0   0   0   0   0   0   0   0
F43_3    0    0   0   0   0   0   0   0   0   0   0   0   0   0   0   0   0   0
F44      0    0   0   0   0   0   0   0   0   0   0   0   0   0   0   0   0   0
F44_1    0    0   0   0   0   0   0   0   0   0   0   0   0   0   0   0   0   0
F44_2    0    0   0   0   0   0   0   0   0   0   0   0   0   0   0   0   0   0
F44_3    0    0   0   0   0   0   0   0   0   0   0   0   0   0   0   0   0   0
F45      0    0   0   0   0   0   0   0   0   0   0   0   0   0   0   0   0   0
F45_1    0    0   0   0   0   0   0   0   0   0   0   0   0   0   0   0   0   0
F45_2    0    0   0   0   0   0   0   0   0   0   0   0   0   0   0   0   0   0
F45_3    0    0   0   0   0   0   0   0   0   0   0   0   0   0   0   0   0   0
F46      0    0   0   0   0   0   0   0   0   0   0   0   0   0   0   0   0   0
F46_1    0    0   0   0   0   0   0   0   0   0   0   0   0   0   0   0   0   0
F46_2    0    0   0   0   0   0   0   0   0   0   0   0   0   0   0   0   0   0
F46_3    0    0   0   0   0   0   0   0   0   0   0   0   0   0   0   0   0   0
N0       0    0   0   0   0   0   0   0   0   0   0   0   0   0   0   0   0   0
Nσ       0    0   0   0   0   0   0   0   0   0   0   0   0   0   0   0   0   0

# $3 = F42_1
# $4 = F42_2
# $5 = F42_3
# $7 = F43_1
# $8 = F43_2
# $9 = F43_3
# $11 = F44_1
# $12 = F44_2
# $13 = F44_3
# $15 = F45_1
# $16 = F45_2
# $17 = F45_3
:     F41_3 F42  $3  $4  $5 F43  $7  $8  $9 F44 $11 $12 $13 F45 $15 $16 $17 F46 :=
C1       0    0   0   0   0   0   0   0   0   0   0   0   0   0   0   0   0   0
C10      0    0   0   0   0   0   0   0   0   0   0   0   0   0   0   0   0   0
C11      0    0   0   0   0   0   0   0   0   0   0   0   0   0   0   0   0   0
C12      0    0   0   0   0   0   0   0   0   0   0   0   0   0   0   0   0   0
C13      0    0   0   0   0   0   0   0   0   0   0   0   0   0   0   0   0   0
C14      0    0   0   0   0   0   0   0   0   0   0   0   0   0   0   0   0   0
C15      0    0   0   0   0   0   0   0   0   0   0   0   0   0   0   0   0   0
C16      0    0   0   0   0   0   0   0   0   0   0   0   0   0   0   0   0   0
C17      0    0   0   0   0   0   0   0   0   0   0   0   0   0   0   0   0   0
C18      0    0   0   0   0   0   0   0   0   0   0   0   0   0   0   0   0   0
C19      0    0   0   0   0   0   0   0   0   0   0   0   0   0   0   0   0   0
C2       0    0   0   0   0   0   0   0   0   0   0   0   0   0   0   0   0   0
C20      0    0   0   0   0   0   0   0   0   0   0   0   0   0   0   0   0   0
C21      0    0   0   0   0   0   0   0   0   0   0   0   0   0   0   0   0   0
C22      0    0   0   0   0   0   0   0   0   0   0   0   0   0   0   0   0   0
C23      0    0   0   0   0   0   0   0   0   0   0   0   0   0   0   0   0   0
C24      0    0   0   0   0   0   0   0   0   0   0   0   0   0   0   0   0   0
C25      0    0   0   0   0   0   0   0   0   0   0   0   0   0   0   0   0   0
C3       0    0   0   0   0   0   0   0   0   0   0   0   0   0   0   0   0   0
C4       0    0   0   0   0   0   0   0   0   0   0   0   0   0   0   0   0   0
C5       0    0   0   0   0   0   0   0   0   0   0   0   0   0   0   0   0   0
C6       0    0   0   0   0   0   0   0   0   0   0   0   0   0   0   0   0   0
C7       0    0   0   0   0   0   0   0   0   0   0   0   0   0   0   0   0   0
C8       0    0   0   0   0   0   0   0   0   0   0   0   0   0   0   0   0   0
C9       0    0   0   0   0   0   0   0   0   0   0   0   0   0   0   0   0   0
F26      0    0   0   0   0   0   0   0   0   0   0   0   0   0   0   0   0   0
F26_1    0    0   0   0   0   0   0   0   0   0   0   0   0   0   0   0   0   0
F26_2    0    0   0   0   0   0   0   0   0   0   0   0   0   0   0   0   0   0
F26_3    0    0   0   0   0   0   0   0   0   0   0   0   0   0   0   0   0   0
F27      0    0   0   0   0   0   0   0   0   0   0   0   0   0   0   0   0   0
F27_1    0    0   0   0   0   0   0   0   0   0   0   0   0   0   0   0   0   0
F27_2    0    0   0   0   0   0   0   0   0   0   0   0   0   0   0   0   0   0
F27_3    0    0   0   0   0   0   0   0   0   0   0   0   0   0   0   0   0   0
F28      0    0   0   0   0   0   0   0   0   0   0   0   0   0   0   0   0   0
F28_1    0    0   0   0   0   0   0   0   0   0   0   0   0   0   0   0   0   0
F28_2    0    0   0   0   0   0   0   0   0   0   0   0   0   0   0   0   0   0
F28_3    0    0   0   0   0   0   0   0   0   0   0   0   0   0   0   0   0   0
F29      0    0   0   0   0   0   0   0   0   0   0   0   0   0   0   0   0   0
F29_1    0    0   0   0   0   0   0   0   0   0   0   0   0   0   0   0   0   0
F29_2    0    0   0   0   0   0   0   0   0   0   0   0   0   0   0   0   0   0
F29_3    0    0   0   0   0   0   0   0   0   0   0   0   0   0   0   0   0   0
F30      0    0   0   0   0   0   0   0   0   0   0   0   0   0   0   0   0   0
F30_1    0    0   0   0   0   0   0   0   0   0   0   0   0   0   0   0   0   0
F30_2    0    0   0   0   0   0   0   0   0   0   0   0   0   0   0   0   0   0
F30_3    0    0   0   0   0   0   0   0   0   0   0   0   0   0   0   0   0   0
F31      0    0   0   0   0   0   0   0   0   0   0   0   0   0   0   0   0   0
F31_1    0    0   0   0   0   0   0   0   0   0   0   0   0   0   0   0   0   0
F31_2    0    0   0   0   0   0   0   0   0   0   0   0   0   0   0   0   0   0
F31_3    0    0   0   0   0   0   0   0   0   0   0   0   0   0   0   0   0   0
F32      0    0   0   0   0   0   0   0   0   0   0   0   0   0   0   0   0   0
F32_1    0    0   0   0   0   0   0   0   0   0   0   0   0   0   0   0   0   0
F32_2    0    0   0   0   0   0   0   0   0   0   0   0   0   0   0   0   0   0
F32_3    0    0   0   0   0   0   0   0   0   0   0   0   0   0   0   0   0   0
F33      0    0   0   0   0   0   0   0   0   0   0   0   0   0   0   0   0   0
F33_1    0    0   0   0   0   0   0   0   0   0   0   0   0   0   0   0   0   0
F33_2    0    0   0   0   0   0   0   0   0   0   0   0   0   0   0   0   0   0
F33_3    0    0   0   0   0   0   0   0   0   0   0   0   0   0   0   0   0   0
F34      0    0   0   0   0   0   0   0   0   0   0   0   0   0   0   0   0   0
F34_1    0    0   0   0   0   0   0   0   0   0   0   0   0   0   0   0   0   0
F34_2    0    0   0   0   0   0   0   0   0   0   0   0   0   0   0   0   0   0
F34_3    0    0   0   0   0   0   0   0   0   0   0   0   0   0   0   0   0   0
F35      0    0   0   0   0   0   0   0   0   0   0   0   0   0   0   0   0   0
F35_1    0    0   0   0   0   0   0   0   0   0   0   0   0   0   0   0   0   0
F35_2    0    0   0   0   0   0   0   0   0   0   0   0   0   0   0   0   0   0
F35_3    0    0   0   0   0   0   0   0   0   0   0   0   0   0   0   0   0   0
F36      0    0   0   0   0   0   0   0   0   0   0   0   0   0   0   0   0   0
F36_1    0    0   0   0   0   0   0   0   0   0   0   0   0   0   0   0   0   0
F36_2    0    0   0   0   0   0   0   0   0   0   0   0   0   0   0   0   0   0
F36_3    0    0   0   0   0   0   0   0   0   0   0   0   0   0   0   0   0   0
F37      0    0   0   0   0   0   0   0   0   0   0   0   0   0   0   0   0   0
F37_1    0    0   0   0   0   0   0   0   0   0   0   0   0   0   0   0   0   0
F37_2    0    0   0   0   0   0   0   0   0   0   0   0   0   0   0   0   0   0
F37_3    0    0   0   0   0   0   0   0   0   0   0   0   0   0   0   0   0   0
F38      0    0   0   0   0   0   0   0   0   0   0   0   0   0   0   0   0   0
F38_1    0    0   0   0   0   0   0   0   0   0   0   0   0   0   0   0   0   0
F38_2    0    0   0   0   0   0   0   0   0   0   0   0   0   0   0   0   0   0
F38_3    0    0   0   0   0   0   0   0   0   0   0   0   0   0   0   0   0   0
F39      0    0   0   0   0   0   0   0   0   0   0   0   0   0   0   0   0   0
F39_1    0    0   0   0   0   0   0   0   0   0   0   0   0   0   0   0   0   0
F39_2    0    0   0   0   0   0   0   0   0   0   0   0   0   0   0   0   0   0
F39_3    0    0   0   0   0   0   0   0   0   0   0   0   0   0   0   0   0   0
F40      0    0   0   0   0   0   0   0   0   0   0   0   0   0   0   0   0   0
F40_1    0    0   0   0   0   0   0   0   0   0   0   0   0   0   0   0   0   0
F40_2    0    0   0   0   0   0   0   0   0   0   0   0   0   0   0   0   0   0
F40_3    0    0   0   0   0   0   0   0   0   0   0   0   0   0   0   0   0   0
F41      0    0   0   0   0   0   0   0   0   0   0   0   0   0   0   0   0   0
F41_1    0    0   0   0   0   0   0   0   0   0   0   0   0   0   0   0   0   0
F41_2    0    0   0   0   0   0   0   0   0   0   0   0   0   0   0   0   0   0
F41_3    .    0   0   0   0   0   0   0   0   0   0   0   0   0   0   0   0   0
F42      0    .   0   0   0   0   0   0   0   0   0   0   0   0   0   0   0   0
F42_1    0    0   .   0   0   0   0   0   0   0   0   0   0   0   0   0   0   0
F42_2    0    0   0   .   0   0   0   0   0   0   0   0   0   0   0   0   0   0
F42_3    0    0   0   0   .   0   0   0   0   0   0   0   0   0   0   0   0   0
F43      0    0   0   0   0   .   0   0   0   0   0   0   0   0   0   0   0   0
F43_1    0    0   0   0   0   0   .   0   0   0   0   0   0   0   0   0   0   0
F43_2    0    0   0   0   0   0   0   .   0   0   0   0   0   0   0   0   0   0
F43_3    0    0   0   0   0   0   0   0   .   0   0   0   0   0   0   0   0   0
F44      0    0   0   0   0   0   0   0   0   .   0   0   0   0   0   0   0   0
F44_1    0    0   0   0   0   0   0   0   0   0   .   0   0   0   0   0   0   0
F44_2    0    0   0   0   0   0   0   0   0   0   0   .   0   0   0   0   0   0
F44_3    0    0   0   0   0   0   0   0   0   0   0   0   .   0   0   0   0   0
F45      0    0   0   0   0   0   0   0   0   0   0   0   0   .   0   0   0   0
F45_1    0    0   0   0   0   0   0   0   0   0   0   0   0   0   .   0   0   0
F45_2    0    0   0   0   0   0   0   0   0   0   0   0   0   0   0   .   0   0
F45_3    0    0   0   0   0   0   0   0   0   0   0   0   0   0   0   0   .   0
F46      0    0   0   0   0   0   0   0   0   0   0   0   0   0   0   0   0   .
F46_1    0    0   0   0   0   0   0   0   0   0   0   0   0   0   0   0   0   0
F46_2    0    0   0   0   0   0   0   0   0   0   0   0   0   0   0   0   0   0
F46_3    0    0   0   0   0   0   0   0   0   0   0   0   0   0   0   0   0   0
N0       0    0   0   0   0   0   0   0   0   0   0   0   0   0   0   0   1   0
Nσ       0    0   0   0   0   0   0   0   0   0   0   0   0   0   0   0   0   0

:     F46_1 F46_2 F46_3  N0       Nσ         :=
C1       0     0     0    0   0
C10      0     0     0    0   1
C11      0     0     0    0   0
C12      0     0     0    0   0
C13      0     0     0    0   1
C14      0     0     0    0   0
C15      0     0     0    0   0
C16      0     0     0    0   1
C17      0     0     0    0   0
C18      0     0     0    0   0
C19      0     0     0    0   0
C2       0     0     0    0   1
C20      0     0     0    0   0
C21      0     0     0    0   0
C22      0     0     0    0   0
C23      0     0     0    0   0
C24      0     0     0    0   1
C25      0     0     0    0   0
C3       0     0     0    0   1
C4       0     0     0    0   0
C5       0     0     0    0   0
C6       0     0     0    0   0
C7       0     0     0    0   0
C8       0     0     0    0   0
C9       0     0     0    0   0
F26      0     0     0    0   0
F26_1    0     0     0    0   0
F26_2    0     0     0    0   0
F26_3    0     0     0    0   0.999999
F27      0     0     0    0   0
F27_1    0     0     0    0   0
F27_2    0     0     0    0   0
F27_3    0     0     0    0   0
F28      0     0     0    0   0
F28_1    0     0     0    0   0
F28_2    0     0     0    0   0
F28_3    0     0     0    0   0
F29      0     0     0    0   0
F29_1    0     0     0    0   0
F29_2    0     0     0    0   1
F29_3    0     0     0    0   0
F30      0     0     0    0   0
F30_1    0     0     0    0   0
F30_2    0     0     0    0   0
F30_3    0     0     0    0   0
F31      0     0     0    0   0
F31_1    0     0     0    0   0
F31_2    0     0     0    0   0
F31_3    0     0     0    0   0
F32      0     0     0    0   0
F32_1    0     0     0    0   0
F32_2    0     0     0    0   0
F32_3    0     0     0    0   0
F33      0     0     0    0   0
F33_1    0     0     0    0   0
F33_2    0     0     0    0   0
F33_3    0     0     0    0   0
F34      0     0     0    0   0
F34_1    0     0     0    0   0
F34_2    0     0     0    0   0
F34_3    0     0     0    0   0
F35      0     0     0    0   0
F35_1    0     0     0    0   0
F35_2    0     0     0    0   1.25203e-06
F35_3    0     0     0    0   0
F36      0     0     0    0   0
F36_1    0     0     0    0   0
F36_2    0     0     0    0   0
F36_3    0     0     0    0   0
F37      0     0     0    0   0
F37_1    0     0     0    0   0
F37_2    0     0     0    0   0
F37_3    0     0     0    0   0
F38      0     0     0    0   0
F38_1    0     0     0    0   0
F38_2    0     0     0    0   0
F38_3    0     0     0    0   0
F39      0     0     0    0   0
F39_1    0     0     0    0   0
F39_2    0     0     0    0   0
F39_3    0     0     0    0   0
F40      0     0     0    0   0
F40_1    0     0     0    0   0
F40_2    0     0     0    0   0
F40_3    0     0     0    0   0
F41      0     0     0    0   0
F41_1    0     0     0    0   0
F41_2    0     0     0    0   0
F41_3    0     0     0    0   0
F42      0     0     0    0   0
F42_1    0     0     0    0   0
F42_2    0     0     0    0   0
F42_3    0     0     0    0   0
F43      0     0     0    0   0
F43_1    0     0     0    0   0
F43_2    0     0     0    0   0
F43_3    0     0     0    0   0
F44      0     0     0    0   0
F44_1    0     0     0    0   0
F44_2    0     0     0    0   0
F44_3    0     0     0    0   0
F45      0     0     0    0   0
F45_1    0     0     0    0   0
F45_2    0     0     0    0   0
F45_3    0     0     0    0   0
F46      0     0     0    0   0
F46_1    .     0     0    0   0
F46_2    0     .     0    0   0
F46_3    0     0     .    0   0
N0       0     0     0    .   0
Nσ       0     0     0    0    .
;

sum{i in D0, j in Vplun} x[i,j] = 8

sum{i in Vall, j in Vall: i != j} x[i,j]*t[i,j] = 647.661

sum{i in F} z[i]*R[i] = 19.1246

sum{i in F, j in Vplunend: i != j} y[i]*x[i,j] = 3

a [*] :=
   C1  726        F26_3 1236        F33_3  574.831    F40_3  795.895
  C10  825          F27  123.957      F34  326          F41    0
  C11  702        F27_1 1236        F34_1    0        F41_1 1236
  C12  132        F27_2    0        F34_2    0        F41_2    0
  C13  531        F27_3    0        F34_3 1236        F41_3 1236
  C14  384          F28 1236          F35    0          F42 1236
  C15  622        F28_1    0        F35_1    0        F42_1 1236
  C16  914        F28_2 1236        F35_2  679.204    F42_2    0
  C17   20.6155   F28_3    0        F35_3  679.204    F42_3 1236
  C18  420          F29 1236          F36    0          F43  326
  C19  179        F29_1    0        F36_1    0        F43_1 1236
   C2  478        F29_2 1097.6      F36_2    0        F43_2 1236
  C20   31.6228   F29_3    0        F36_3    0        F43_3 1236
  C21  592.859      F30  218.584      F37 1236          F44 1236
  C22  336        F30_1    0        F37_1 1122.3      F44_1    0
  C23  567        F30_2    0        F37_2 1122.3      F44_2 1236
  C24  815        F30_3    0        F37_3 1236        F44_3 1236
  C25  471          F31    0          F38  218.584      F45 1236
   C3  889        F31_1    0        F38_1 1236        F45_1    0
   C4  612        F31_2    0        F38_2    0        F45_2    0
   C5  701        F31_3    0        F38_3 1236        F45_3   38.4708
   C6  479          F32 1236          F39  165          F46 1236
   C7  224        F32_1    0        F39_1    0        F46_1    0
   C8  124        F32_2    0        F39_2    0        F46_2    0
   C9  129        F32_3    0        F39_3    0        F46_3 1236
  F26 1236          F33    0          F40 1236           N0    0
F26_1 1236        F33_1    0        F40_1 1236           Nσ 1236
F26_2 1236        F33_2    0        F40_2 1236
;

u [*] :=
   C1 160      C4  40   F29_1 150     F34 200   F38_3 150   F43_2 200
  C10  70      C5 150   F29_2 140   F34_1 200     F39 150   F43_3 200
  C11  90      C6 140   F29_3 150   F34_2 200   F39_1 150     F44 200
  C12 200      C7 190     F30 150   F34_3 200   F39_2  70   F44_1 150
  C13 190      C8 200   F30_1 150     F35  70   F39_3 150   F44_2 150
  C14 180      C9 200   F30_2 150   F35_1  70     F40 200   F44_3 150
  C15 190     F26 200   F30_3 150   F35_2 150   F40_1 200     F45 150
  C16 140   F26_1 150     F31 150   F35_3 150   F40_2 200   F45_1 150
  C17 200   F26_2 150   F31_1 150     F36 200   F40_3 170   F45_2 150
  C18 120   F26_3 150   F31_2 150   F36_1 200     F41  70   F45_3 200
  C19 200     F27 120   F31_3  70   F36_2 200   F41_1 150     F46 150
   C2 170   F27_1 150     F32 200   F36_3 200   F41_2  70   F46_1  70
  C20 200   F27_2  70   F32_1 150     F37 200   F41_3 150   F46_2   0
  C21 100   F27_3  70   F32_2 150   F37_1 200     F42  70   F46_3 150
  C22 200     F28 200   F32_3 150   F37_2 200   F42_1  70      N0 200
  C23 170   F28_1 150     F33 150   F37_3 200   F42_2 150      Nσ   0
  C24  70   F28_2 150   F33_1 200     F38 150   F42_3 150
  C25 200   F28_3 150   F33_2 150   F38_1 150     F43 200
   C3  10     F29 200   F33_3 100   F38_2 150   F43_1 200
;

v [*] :=
   C1 28.2511      C8 64.3159   F31_1  0          F37  0        F42_3  0
  C10 20.6155      C9 66.8838   F31_2 79.69     F37_1 79.69       F43 79.69
  C11 25.7145     F26  0        F31_3  0        F37_2 79.69     F43_1 79.69
  C12 64.69     F26_1  0          F32 79.69     F37_3 79.69     F43_2 79.69
  C13 56.6858   F26_2  0        F32_1  0          F38  0        F43_3 79.69
  C14 37.2636   F26_3  0        F32_2  0        F38_1  0          F44 79.69
  C15 33.2511     F27  0        F32_3 79.69     F38_2  0        F44_1  0
  C16 10.198    F27_1 79.69       F33 79.69     F38_3  0        F44_2  0
  C17 59.0745   F27_2 79.69     F33_1  0          F39 79.69     F44_3  0
  C18 44.0745   F27_3  0        F33_2 79.69     F39_1 79.69       F45  0
  C19 44.3347     F28  0        F33_3  0        F39_2  0        F45_1  0
   C2 55.7136   F28_1  0          F34  0        F39_3  0        F45_2  0
  C20 48.0672   F28_2  0        F34_1 79.69       F40 79.69     F45_3  0
  C21 61.6622   F28_3  0        F34_2  0        F40_1 79.69       F46  0
  C22 39.0821     F29  0        F34_3 79.69     F40_2  0        F46_1  0
  C23 36.8869   F29_1 79.69       F35 79.69     F40_3  0        F46_2 79.69
  C24 60.585    F29_2 22.2511   F35_1 79.69       F41 79.69     F46_3  0
  C25 34.6456   F29_3 79.69     F35_2 14.6833   F41_1  0           N0 79.69
   C3 22.3607     F30  0        F35_3 14.6833   F41_2  0           Nσ  0
   C4 30.3607   F30_1 79.69       F36  0        F41_3 79.69
   C5 59.69     F30_2 79.69     F36_1  0          F42 79.69
   C6 32.2636   F30_3 79.69     F36_2 79.69     F42_1 79.69
   C7 62.69       F31 79.69     F36_3  0        F42_2  0
;

y [*] :=
  F26 0   F28_3 0   F31_2 0   F34_1 0     F37 0   F39_3 0   F42_2 0   F45_1 0
F26_1 0     F29 0   F31_3 0   F34_2 0   F37_1 0     F40 0   F42_3 0   F45_2 0
F26_2 0   F29_1 0     F32 0   F34_3 0   F37_2 0   F40_1 0     F43 0   F45_3 1
F26_3 0   F29_2 0   F32_1 0     F35 0   F37_3 0   F40_2 0   F43_1 0     F46 0
  F27 0   F29_3 0   F32_2 0   F35_1 0     F38 0   F40_3 1   F43_2 0   F46_1 0
F27_1 0     F30 1   F32_3 0   F35_2 0   F38_1 0     F41 0   F43_3 0   F46_2 0
F27_2 0   F30_1 0     F33 0   F35_3 0   F38_2 0   F41_1 0     F44 0   F46_3 0
F27_3 0   F30_2 0   F33_1 0     F36 0   F38_3 0   F41_2 0   F44_1 0
  F28 0   F30_3 0   F33_2 0   F36_1 0     F39 0   F41_3 0   F44_2 0
F28_1 0     F31 0   F33_3 1   F36_2 0   F39_1 0     F42 0   F44_3 0
F28_2 0   F31_1 0     F34 0   F36_3 0   F39_2 0   F42_1 0     F45 0
;

z [*] :=
  F26 1   F28_3 1   F31_2 1   F34_1 1     F37 1   F39_3 1   F42_2 1   F45_1 1
F26_1 1     F29 1   F31_3 1   F34_2 1   F37_1 1     F40 1   F42_3 1   F45_2 1
F26_2 1   F29_1 1     F32 1   F34_3 1   F37_2 1   F40_1 1     F43 1   F45_3 0
F26_3 1   F29_2 1   F32_1 1     F35 1   F37_3 1   F40_2 1   F43_1 1     F46 1
  F27 1   F29_3 1   F32_2 1   F35_1 1     F38 1   F40_3 0   F43_2 1   F46_1 1
F27_1 1     F30 0   F32_3 1   F35_2 1   F38_1 1     F41 1   F43_3 1   F46_2 1
F27_2 1   F30_1 1     F33 1   F35_3 1   F38_2 1   F41_1 1     F44 1   F46_3 1
F27_3 1   F30_2 1   F33_1 1     F36 1   F38_3 1   F41_2 1   F44_1 1
  F28 1   F30_3 1   F33_2 1   F36_1 1     F39 1   F41_3 1   F44_2 1
F28_1 1     F31 1   F33_3 0   F36_2 1   F39_1 1     F42 1   F44_3 1
F28_2 1   F31_1 1     F34 1   F36_3 1   F39_2 1   F42_1 1     F45 1
;

R [*] :=
  F26  0               F33  0               F40  0
F26_1  0             F33_1  0             F40_1  0
F26_2  0             F33_2  0             F40_2  0
F26_3  0             F33_3  0             F40_3  0
  F27  0               F34  0               F41  0
F27_1  0             F34_1  0             F41_1  0
F27_2  0             F34_2  0             F41_2  0
F27_3  0             F34_3  0             F41_3  0
  F28  0               F35  0               F42  0
F28_1  0             F35_1  0             F42_1  0
F28_2  0             F35_2  8.72599       F42_2  0
F28_3  0             F35_3  1.24661e-05   F42_3  0
  F29  0               F36  0               F43  0
F29_1  0             F36_1  0             F43_1  0
F29_2 10.3986        F36_2  0             F43_2  0
F29_3  0             F36_3  0             F43_3  0
  F30  0               F37  0               F44  0
F30_1  0             F37_1  0             F44_1  0
F30_2  0             F37_2  0             F44_2  0
F30_3  0             F37_3  0             F44_3  0
  F31  0               F38  0               F45  0
F31_1  0             F38_1  0             F45_1  0
F31_2  0             F38_2  0             F45_2  0
F31_3  0             F38_3  0             F45_3  0
  F32  0               F39  0               F46  0
F32_1  0             F39_1  0             F46_1  0
F32_2  0             F39_2  0             F46_2  0
F32_3  0             F39_3  0             F46_3  0
;

Y [*] :=
  F26  0        F30_1 79.69     F34_2  0        F38_3  0          F43 79.69
F26_1  0        F30_2 79.69     F34_3 79.69       F39 79.69     F43_1 79.69
F26_2  0        F30_3 79.69       F35 79.69     F39_1 79.69     F43_2 79.69
F26_3  0          F31 79.69     F35_1 79.69     F39_2  0        F43_3 79.69
  F27  0        F31_1  0        F35_2 23.4093   F39_3  0          F44 79.69
F27_1 79.69     F31_2 79.69     F35_3 14.6833     F40 79.69     F44_1  0
F27_2 79.69     F31_3  0          F36  0        F40_1 79.69     F44_2  0
F27_3  0          F32 79.69     F36_1  0        F40_2  0        F44_3  0
  F28  0        F32_1  0        F36_2 79.69     F40_3 79.69       F45  0
F28_1  0        F32_2  0        F36_3  0          F41 79.69     F45_1  0
F28_2  0        F32_3 79.69       F37  0        F41_1  0        F45_2  0
F28_3  0          F33 79.69     F37_1 79.69     F41_2  0        F45_3 79.69
  F29  0        F33_1  0        F37_2 79.69     F41_3 79.69       F46  0
F29_1 79.69     F33_2 79.69     F37_3 79.69       F42 79.69     F46_1  0
F29_2 32.6497   F33_3 79.69       F38  0        F42_1 79.69     F46_2 79.69
F29_3 79.69       F34  0        F38_1  0        F42_2  0        F46_3  0
  F30 79.69     F34_1 79.69     F38_2  0        F42_3  0
;

