MIP Gap (%):  76.55498604056497
_solve_elapsed_time = 28802.9

TotalCost = 10783.4

x [*,*]
:      C1 C10 C11 C12 C13 C14 C15 C16 C17 C18 C19  C2 C20 C21 C22 C23 C24 C25 :=
C1      .   0   0   0   0   0   0   0   0   0   0   1   0   0   0   0   0   0
C10     0   .   0   0   0   0   0   0   0   0   0   0   0   0   0   0   0   0
C11     0   0   .   0   0   0   0   0   0   0   0   0   0   0   0   0   0   0
C12     0   0   0   .   0   0   0   0   0   0   0   0   0   0   0   0   0   0
C13     0   0   0   0   .   0   0   0   0   0   0   0   1   0   0   0   0   0
C14     0   0   0   0   0   .   0   0   0   0   0   0   0   0   0   0   0   0
C15     1   0   0   0   0   0   .   0   0   0   0   0   0   0   0   0   0   0
C16     0   0   0   0   0   0   0   .   0   0   0   0   0   0   1   0   0   0
C17     0   0   0   0   0   0   0   0   .   0   0   0   0   0   0   0   0   0
C18     0   0   0   0   0   0   0   0   0   .   0   0   0   0   0   0   0   0
C19     0   0   0   0   0   0   0   0   0   0   .   0   0   0   0   0   0   0
C2      0   0   0   0   0   0   0   0   0   0   0   .   0   0   0   0   0   0
C20     0   0   0   0   0   0   0   0   0   0   0   0   .   0   0   1   0   0
C21     0   0   0   0   0   0   0   0   0   0   1   0   0   .   0   0   0   0
C22     0   0   0   0   0   0   0   0   1   0   0   0   0   0   .   0   0   0
C23     0   0   0   0   0   0   0   0   0   0   0   0   0   0   0   .   0   0
C24     0   0   0   0   0   0   0   1   0   0   0   0   0   0   0   0   .   0
C25     0   0   0   0   0   0   0   0   0   0   0   0   0   0   0   0   0   .
C3      0   0   0   1   0   0   0   0   0   0   0   0   0   0   0   0   0   0
C4      0   0   0   0   0   0   0   0   0   0   0   0   0   0   0   0   0   0
C5      0   0   0   0   0   0   0   0   0   0   0   0   0   0   0   0   0   0
C6      0   1   0   0   0   0   0   0   0   0   0   0   0   0   0   0   0   0
C7      0   0   1   0   0   0   0   0   0   0   0   0   0   0   0   0   0   0
C8      0   0   0   0   0   0   0   0   0   0   0   0   0   0   0   0   0   0
C9      0   0   0   0   0   1   0   0   0   0   0   0   0   0   0   0   0   0
F26     0   0   0   0   0   0   0   0   0   0   0   0   0   0   0   0   0   0
F26_1   0   0   0   0   0   0   0   0   0   0   0   0   0   0   0   0   0   0
F26_2   0   0   0   0   0   0   0   0   0   0   0   0   0   0   0   0   0   0
F26_3   0   0   0   0   0   0   0   0   0   0   0   0   0   0   0   0   0   0
F27     0   0   0   0   0   0   0   0   0   0   0   0   0   0   0   0   0   0
F27_1   0   0   0   0   0   0   0   0   0   0   0   0   0   0   0   0   0   0
F27_2   0   0   0   0   0   0   0   0   0   0   0   0   0   0   0   0   0   0
F27_3   0   0   0   0   0   0   0   0   0   0   0   0   0   0   0   0   0   0
F28     0   0   0   0   0   0   0   0   0   0   0   0   0   0   0   0   0   0
F28_1   0   0   0   0   0   0   0   0   0   0   0   0   0   0   0   0   0   0
F28_2   0   0   0   0   0   0   0   0   0   0   0   0   0   0   0   0   0   0
F28_3   0   0   0   0   0   0   0   0   0   0   0   0   0   0   0   0   0   0
F29     0   0   0   0   0   0   0   0   0   0   0   0   0   0   0   0   0   0
F29_1   0   0   0   0   0   0   0   0   0   0   0   0   0   0   0   0   0   0
F29_2   0   0   0   0   0   0   0   0   0   0   0   0   0   0   0   0   0   0
F29_3   0   0   0   0   0   0   0   0   0   0   0   0   0   0   0   0   0   1
F30     0   0   0   0   0   0   0   0   0   0   0   0   0   0   0   0   0   0
F30_1   0   0   0   0   0   0   0   0   0   0   0   0   0   0   0   0   0   0
F30_2   0   0   0   0   0   0   0   0   0   0   0   0   0   0   0   0   0   0
F30_3   0   0   0   0   0   0   0   0   0   0   0   0   0   0   0   0   0   0
F31     0   0   0   0   0   0   0   0   0   0   0   0   0   0   0   0   0   0
F31_1   0   0   0   0   0   0   0   0   0   0   0   0   0   0   0   0   0   0
F31_2   0   0   0   0   0   0   0   0   0   0   0   0   0   0   0   0   0   0
F31_3   0   0   0   0   0   0   0   0   0   0   0   0   0   0   0   0   0   0
F32     0   0   0   0   0   0   0   0   0   0   0   0   0   0   0   0   0   0
F32_1   0   0   0   0   0   0   0   0   0   0   0   0   0   0   0   0   0   0
F32_2   0   0   0   0   0   0   0   0   0   0   0   0   0   0   0   0   0   0
F32_3   0   0   0   0   0   0   0   0   0   0   0   0   0   0   0   0   0   0
F33     0   0   0   0   0   0   0   0   0   0   0   0   0   0   0   0   0   0
F33_1   0   0   0   0   0   0   0   0   0   0   0   0   0   0   0   0   0   0
F33_2   0   0   0   0   0   0   0   0   0   0   0   0   0   0   0   0   0   0
F33_3   0   0   0   0   0   0   0   0   0   0   0   0   0   0   0   0   0   0
F34     0   0   0   0   0   0   0   0   0   0   0   0   0   0   0   0   0   0
F34_1   0   0   0   0   0   0   0   0   0   0   0   0   0   0   0   0   0   0
F34_2   0   0   0   0   0   0   0   0   0   0   0   0   0   0   0   0   0   0
F34_3   0   0   0   0   0   0   0   0   0   0   0   0   0   0   0   0   0   0
F35     0   0   0   0   0   0   0   0   0   1   0   0   0   0   0   0   0   0
F35_1   0   0   0   0   0   0   0   0   0   0   0   0   0   0   0   0   0   0
F35_2   0   0   0   0   0   0   0   0   0   0   0   0   0   0   0   0   0   0
F35_3   0   0   0   0   0   0   0   0   0   0   0   0   0   0   0   0   0   0
F36     0   0   0   0   0   0   0   0   0   0   0   0   0   0   0   0   0   0
F36_1   0   0   0   0   0   0   0   0   0   0   0   0   0   0   0   0   0   0
F36_2   0   0   0   0   0   0   0   0   0   0   0   0   0   0   0   0   0   0
F36_3   0   0   0   0   0   0   0   0   0   0   0   0   0   0   0   0   0   0
F37     0   0   0   0   0   0   0   0   0   0   0   0   0   0   0   0   0   0
F37_1   0   0   0   0   0   0   0   0   0   0   0   0   0   0   0   0   0   0
F37_2   0   0   0   0   0   0   0   0   0   0   0   0   0   0   0   0   0   0
F37_3   0   0   0   0   0   0   0   0   0   0   0   0   0   0   0   0   0   0
F38     0   0   0   0   0   0   0   0   0   0   0   0   0   0   0   0   0   0
F38_1   0   0   0   0   0   0   0   0   0   0   0   0   0   0   0   0   0   0
F38_2   0   0   0   0   0   0   0   0   0   0   0   0   0   0   0   0   0   0
F38_3   0   0   0   0   0   0   0   0   0   0   0   0   0   0   0   0   0   0
F39     0   0   0   0   0   0   0   0   0   0   0   0   0   0   0   0   0   0
F39_1   0   0   0   0   0   0   0   0   0   0   0   0   0   0   0   0   0   0
F39_2   0   0   0   0   0   0   0   0   0   0   0   0   0   0   0   0   0   0
F39_3   0   0   0   0   0   0   0   0   0   0   0   0   0   0   0   0   0   0
F40     0   0   0   0   0   0   0   0   0   0   0   0   0   0   0   0   0   0
F40_1   0   0   0   0   0   0   0   0   0   0   0   0   0   0   0   0   0   0
F40_2   0   0   0   0   0   0   0   0   0   0   0   0   0   0   0   0   0   0
F40_3   0   0   0   0   0   0   0   0   0   0   0   0   0   0   0   0   0   0
F41     0   0   0   0   0   0   0   0   0   0   0   0   0   0   0   0   0   0
F41_1   0   0   0   0   0   0   0   0   0   0   0   0   0   0   0   0   0   0
F41_2   0   0   0   0   0   0   0   0   0   0   0   0   0   0   0   0   0   0
F41_3   0   0   0   0   0   0   0   0   0   0   0   0   0   0   0   0   0   0
F42     0   0   0   0   0   0   0   0   0   0   0   0   0   0   0   0   0   0
F42_1   0   0   0   0   0   0   0   0   0   0   0   0   0   0   0   0   0   0
F42_2   0   0   0   0   0   0   0   0   0   0   0   0   0   0   0   0   0   0
F42_3   0   0   0   0   0   0   0   0   0   0   0   0   0   0   0   0   0   0
F43     0   0   0   0   0   0   0   0   0   0   0   0   0   0   0   0   0   0
F43_1   0   0   0   0   0   0   0   0   0   0   0   0   0   0   0   0   0   0
F43_2   0   0   0   0   0   0   0   0   0   0   0   0   0   0   0   0   0   0
F43_3   0   0   0   0   0   0   0   0   0   0   0   0   0   0   0   0   0   0
F44     0   0   0   0   0   0   0   0   0   0   0   0   0   0   0   0   0   0
F44_1   0   0   0   0   0   0   0   0   0   0   0   0   0   0   0   0   0   0
F44_2   0   0   0   0   0   0   0   0   0   0   0   0   0   0   0   0   0   0
F44_3   0   0   0   0   0   0   0   0   0   0   0   0   0   0   0   0   0   0
F45     0   0   0   0   0   0   0   0   0   0   0   0   0   0   0   0   0   0
F45_1   0   0   0   0   0   0   0   0   0   0   0   0   0   0   0   0   0   0
F45_2   0   0   0   0   0   0   0   0   0   0   0   0   0   0   0   0   0   0
F45_3   0   0   0   0   0   0   0   0   0   0   0   0   0   0   0   0   0   0
F46     0   0   0   0   0   0   0   0   0   0   0   0   0   0   0   0   0   0
F46_1   0   0   0   0   0   0   0   0   0   0   0   0   0   0   0   0   0   0
F46_2   0   0   0   0   0   0   0   0   0   0   0   0   0   0   0   0   0   0
F46_3   0   0   0   0   0   0   0   0   0   0   0   0   0   1   0   0   0   0
N0      0   0   0   0   1   0   1   0   0   0   0   0   0   0   0   0   1   0
Nσ      0   0   0   0   0   0   0   0   0   0   0   0   0   0   0   0   0   0

# $10 = F26_2
# $11 = F26_3
# $13 = F27_1
# $14 = F27_2
# $15 = F27_3
# $17 = F28_1
# $18 = F28_2
:      C3  C4  C5  C6  C7  C8  C9 F26 F26_1 $10 $11 F27 $13 $14 $15 F28 $17 $18 :=
C1      0   0   0   0   0   0   0   0    0    0   0   0   0   0   0   0   0   0
C10     0   0   0   0   0   0   0   0    0    0   0   0   0   0   0   0   0   0
C11     0   0   0   0   0   0   0   0    0    0   0   0   0   0   0   0   0   0
C12     0   1   0   0   0   0   0   0    0    0   0   0   0   0   0   0   0   0
C13     0   0   0   0   0   0   0   0    0    0   0   0   0   0   0   0   0   0
C14     0   0   0   0   0   0   0   0    0    0   0   0   0   0   0   0   0   0
C15     0   0   0   0   0   0   0   0    0    0   0   0   0   0   0   0   0   0
C16     0   0   0   0   0   0   0   0    0    0   0   0   0   0   0   0   0   0
C17     0   0   0   0   0   0   0   0    0    0   0   0   0   0   0   0   0   0
C18     0   0   0   0   0   0   0   0    0    0   0   0   0   0   0   0   0   0
C19     0   0   0   0   0   0   0   0    0    0   0   0   0   0   0   0   0   0
C2      0   0   0   0   0   0   0   0    0    0   0   0   0   0   0   0   0   0
C20     0   0   0   0   0   0   0   0    0    0   0   0   0   0   0   0   0   0
C21     0   0   0   0   0   0   0   0    0    0   0   0   0   0   0   0   0   0
C22     0   0   0   0   0   0   0   0    0    0   0   0   0   0   0   0   0   0
C23     0   0   0   0   0   0   0   0    0    0   0   0   0   0   0   0   0   0
C24     0   0   0   0   0   0   0   0    0    0   0   0   0   0   0   0   0   0
C25     0   0   0   0   0   0   0   0    0    0   0   0   0   0   0   0   0   0
C3      .   0   0   0   0   0   0   0    0    0   0   0   0   0   0   0   0   0
C4      0   .   0   1   0   0   0   0    0    0   0   0   0   0   0   0   0   0
C5      0   0   .   0   0   0   0   0    0    0   0   0   0   0   0   0   0   0
C6      0   0   0   .   0   0   0   0    0    0   0   0   0   0   0   0   0   0
C7      0   0   0   0   .   0   0   0    0    0   0   0   0   0   0   0   0   0
C8      0   0   0   0   1   .   0   0    0    0   0   0   0   0   0   0   0   0
C9      0   0   0   0   0   0   .   0    0    0   0   0   0   0   0   0   0   0
F26     0   0   1   0   0   0   0   .    0    0   0   0   0   0   0   0   0   0
F26_1   1   0   0   0   0   0   0   0    .    0   0   0   0   0   0   0   0   0
F26_2   0   0   0   0   0   0   0   0    0    .   0   0   0   0   0   0   0   0
F26_3   0   0   0   0   0   0   0   0    0    0   .   0   0   0   0   0   0   0
F27     0   0   0   0   0   0   0   0    0    0   0   .   0   0   0   0   0   0
F27_1   0   0   0   0   0   0   0   0    0    0   0   0   .   0   0   0   0   0
F27_2   0   0   0   0   0   0   0   0    0    0   0   0   0   .   0   0   0   0
F27_3   0   0   0   0   0   0   0   0    0    0   0   0   0   0   .   0   0   0
F28     0   0   0   0   0   0   0   0    0    0   0   0   0   0   0   .   0   0
F28_1   0   0   0   0   0   0   0   0    0    0   0   0   0   0   0   0   .   0
F28_2   0   0   0   0   0   0   0   0    0    0   0   0   0   0   0   0   0   .
F28_3   0   0   0   0   0   0   0   0    0    0   0   0   0   0   0   0   0   0
F29     0   0   0   0   0   0   0   0    0    0   0   0   0   0   0   0   0   0
F29_1   0   0   0   0   0   0   0   0    0    0   0   0   0   0   0   0   0   0
F29_2   0   0   0   0   0   0   0   0    0    0   0   0   0   0   0   0   0   0
F29_3   0   0   0   0   0   0   0   0    0    0   0   0   0   0   0   0   0   0
F30     0   0   0   0   0   0   0   0    0    0   0   0   0   0   0   0   0   0
F30_1   0   0   0   0   0   0   0   0    0    0   0   0   0   0   0   0   0   0
F30_2   0   0   0   0   0   0   0   0    0    0   0   0   0   0   0   0   0   0
F30_3   0   0   0   0   0   0   0   0    0    0   0   0   0   0   0   0   0   0
F31     0   0   0   0   0   0   0   0    0    0   0   0   0   0   0   0   0   0
F31_1   0   0   0   0   0   0   0   0    0    0   0   0   0   0   0   0   0   0
F31_2   0   0   0   0   0   0   0   0    0    0   0   0   0   0   0   0   0   0
F31_3   0   0   0   0   0   0   0   0    0    0   0   0   0   0   0   0   0   0
F32     0   0   0   0   0   0   0   0    0    0   0   0   0   0   0   0   0   0
F32_1   0   0   0   0   0   0   0   0    0    0   0   0   0   0   0   0   0   0
F32_2   0   0   0   0   0   0   0   0    0    0   0   0   0   0   0   0   0   0
F32_3   0   0   0   0   0   0   0   0    0    0   0   0   0   0   0   0   0   0
F33     0   0   0   0   0   0   0   0    0    0   0   0   0   0   0   0   0   0
F33_1   0   0   0   0   0   0   0   0    0    0   0   0   0   0   0   0   0   0
F33_2   0   0   0   0   0   0   0   0    0    0   0   0   0   0   0   0   0   0
F33_3   0   0   0   0   0   0   0   0    0    0   0   0   0   0   0   0   0   0
F34     0   0   0   0   0   0   0   0    0    0   0   0   0   0   0   0   0   0
F34_1   0   0   0   0   0   0   0   0    0    0   0   0   0   0   0   0   0   0
F34_2   0   0   0   0   0   0   0   0    0    0   0   0   0   0   0   0   0   0
F34_3   0   0   0   0   0   0   0   0    0    0   0   0   0   0   0   0   0   0
F35     0   0   0   0   0   0   0   0    0    0   0   0   0   0   0   0   0   0
F35_1   0   0   0   0   0   0   0   0    0    0   0   0   0   0   0   0   0   0
F35_2   0   0   0   0   0   0   0   0    0    0   0   0   0   0   0   0   0   0
F35_3   0   0   0   0   0   0   0   0    0    0   0   0   0   0   0   0   0   0
F36     0   0   0   0   0   0   0   0    0    0   0   0   0   0   0   0   0   0
F36_1   0   0   0   0   0   0   0   0    0    0   0   0   0   0   0   0   0   0
F36_2   0   0   0   0   0   0   0   0    0    0   0   0   0   0   0   0   0   0
F36_3   0   0   0   0   0   0   0   0    0    0   0   0   0   0   0   0   0   0
F37     0   0   0   0   0   0   0   0    0    0   0   0   0   0   0   0   0   0
F37_1   0   0   0   0   0   0   0   0    0    0   0   0   0   0   0   0   0   0
F37_2   0   0   0   0   0   0   0   0    0    0   0   0   0   0   0   0   0   0
F37_3   0   0   0   0   0   0   0   0    0    0   0   0   0   0   0   0   0   0
F38     0   0   0   0   0   0   0   0    0    0   0   0   0   0   0   0   0   0
F38_1   0   0   0   0   0   0   0   0    0    0   0   0   0   0   0   0   0   0
F38_2   0   0   0   0   0   0   0   0    0    0   0   0   0   0   0   0   0   0
F38_3   0   0   0   0   0   0   0   0    0    0   0   0   0   0   0   0   0   0
F39     0   0   0   0   0   0   0   0    0    0   0   0   0   0   0   0   0   0
F39_1   0   0   0   0   0   0   0   0    0    0   0   0   0   0   0   0   0   0
F39_2   0   0   0   0   0   0   0   0    0    0   0   0   0   0   0   0   0   0
F39_3   0   0   0   0   0   0   0   0    0    0   0   0   0   0   0   0   0   0
F40     0   0   0   0   0   0   0   0    0    0   0   0   0   0   0   0   0   0
F40_1   0   0   0   0   0   0   0   0    0    0   0   0   0   0   0   0   0   0
F40_2   0   0   0   0   0   0   0   0    0    0   0   0   0   0   0   0   0   0
F40_3   0   0   0   0   0   0   0   0    0    0   0   0   0   0   0   0   0   0
F41     0   0   0   0   0   0   0   0    0    0   0   0   0   0   0   0   0   0
F41_1   0   0   0   0   0   0   0   0    0    0   0   0   0   0   0   0   0   0
F41_2   0   0   0   0   0   0   0   0    0    0   0   0   0   0   0   0   0   0
F41_3   0   0   0   0   0   0   0   0    0    0   0   0   0   0   0   0   0   0
F42     0   0   0   0   0   0   0   0    0    0   0   0   0   0   0   0   0   0
F42_1   0   0   0   0   0   0   0   0    0    0   0   0   0   0   0   0   0   0
F42_2   0   0   0   0   0   0   0   0    0    0   0   0   0   0   0   0   0   0
F42_3   0   0   0   0   0   0   0   0    0    0   0   0   0   0   0   0   0   0
F43     0   0   0   0   0   0   0   0    0    0   0   0   0   0   0   0   0   0
F43_1   0   0   0   0   0   0   0   0    0    0   0   0   0   0   0   0   0   0
F43_2   0   0   0   0   0   0   0   0    0    0   0   0   0   0   0   0   0   0
F43_3   0   0   0   0   0   0   0   0    0    0   0   0   0   0   0   0   0   0
F44     0   0   0   0   0   0   0   0    0    0   0   0   0   0   0   0   0   0
F44_1   0   0   0   0   0   0   0   0    0    0   0   0   0   0   0   0   0   0
F44_2   0   0   0   0   0   0   0   0    0    0   0   0   0   0   0   0   0   0
F44_3   0   0   0   0   0   0   0   0    0    0   0   0   0   0   0   0   0   0
F45     0   0   0   0   0   0   0   0    0    0   0   0   0   0   0   0   0   0
F45_1   0   0   0   0   0   0   0   0    0    0   0   0   0   0   0   0   0   0
F45_2   0   0   0   0   0   0   0   0    0    0   0   0   0   0   0   0   0   0
F45_3   0   0   0   0   0   0   0   0    0    0   0   0   0   0   0   0   0   0
F46     0   0   0   0   0   0   0   0    0    0   0   0   0   0   0   0   0   0
F46_1   0   0   0   0   0   0   0   0    0    0   0   0   0   0   0   0   0   0
F46_2   0   0   0   0   0   0   0   0    0    0   0   0   0   0   0   0   0   0
F46_3   0   0   0   0   0   0   0   0    0    0   0   0   0   0   0   0   0   0
N0      0   0   0   0   0   1   1   1    1    0   0   0   0   0   0   0   0   0
Nσ      0   0   0   0   0   0   0   0    0    0   0   0   0   0   0   0   0   0

# $3 = F29_1
# $4 = F29_2
# $5 = F29_3
# $7 = F30_1
# $8 = F30_2
# $9 = F30_3
# $11 = F31_1
# $12 = F31_2
# $13 = F31_3
# $15 = F32_1
# $16 = F32_2
# $17 = F32_3
:     F28_3 F29  $3  $4  $5 F30  $7  $8  $9 F31 $11 $12 $13 F32 $15 $16 $17 F33 :=
C1       0    0   0   0   0   0   0   0   0   0   0   0   0   0   0   0   0   0
C10      0    0   0   0   0   0   0   0   0   0   0   0   0   0   0   0   0   0
C11      0    0   0   0   0   0   0   0   0   0   0   0   0   0   0   0   0   0
C12      0    0   0   0   0   0   0   0   0   0   0   0   0   0   0   0   0   0
C13      0    0   0   0   0   0   0   0   0   0   0   0   0   0   0   0   0   0
C14      0    0   0   0   0   0   0   0   0   0   0   0   0   0   0   0   0   0
C15      0    0   0   0   0   0   0   0   0   0   0   0   0   0   0   0   0   0
C16      0    0   0   0   0   0   0   0   0   0   0   0   0   0   0   0   0   0
C17      0    0   0   0   0   0   0   0   0   0   0   0   0   0   0   0   0   0
C18      0    0   0   0   0   0   0   0   0   0   0   0   0   0   0   0   0   0
C19      0    0   0   0   0   0   0   0   0   0   0   0   0   0   0   0   0   0
C2       0    0   0   0   1   0   0   0   0   0   0   0   0   0   0   0   0   0
C20      0    0   0   0   0   0   0   0   0   0   0   0   0   0   0   0   0   0
C21      0    0   0   0   0   0   0   0   0   0   0   0   0   0   0   0   0   0
C22      0    0   0   0   0   0   0   0   0   0   0   0   0   0   0   0   0   0
C23      0    0   0   0   0   0   0   0   0   0   0   0   0   0   0   0   0   0
C24      0    0   0   0   0   0   0   0   0   0   0   0   0   0   0   0   0   0
C25      0    0   0   0   0   0   0   0   0   0   0   0   0   0   0   0   0   0
C3       0    0   0   0   0   0   0   0   0   0   0   0   0   0   0   0   0   0
C4       0    0   0   0   0   0   0   0   0   0   0   0   0   0   0   0   0   0
C5       0    0   0   0   0   0   0   0   0   0   0   0   0   0   0   0   0   0
C6       0    0   0   0   0   0   0   0   0   0   0   0   0   0   0   0   0   0
C7       0    0   0   0   0   0   0   0   0   0   0   0   0   0   0   0   0   0
C8       0    0   0   0   0   0   0   0   0   0   0   0   0   0   0   0   0   0
C9       0    0   0   0   0   0   0   0   0   0   0   0   0   0   0   0   0   0
F26      0    0   0   0   0   0   0   0   0   0   0   0   0   0   0   0   0   0
F26_1    0    0   0   0   0   0   0   0   0   0   0   0   0   0   0   0   0   0
F26_2    0    0   0   0   0   0   0   0   0   0   0   0   0   0   0   0   0   0
F26_3    0    0   0   0   0   0   0   0   0   0   0   0   0   0   0   0   0   0
F27      0    0   0   0   0   0   0   0   0   0   0   0   0   0   0   0   0   0
F27_1    0    0   0   0   0   0   0   0   0   0   0   0   0   0   0   0   0   0
F27_2    0    0   0   0   0   0   0   0   0   0   0   0   0   0   0   0   0   0
F27_3    0    0   0   0   0   0   0   0   0   0   0   0   0   0   0   0   0   0
F28      0    0   0   0   0   0   0   0   0   0   0   0   0   0   0   0   0   0
F28_1    0    0   0   0   0   0   0   0   0   0   0   0   0   0   0   0   0   0
F28_2    0    0   0   0   0   0   0   0   0   0   0   0   0   0   0   0   0   0
F28_3    .    0   0   0   0   0   0   0   0   0   0   0   0   0   0   0   0   0
F29      0    .   0   0   0   0   0   0   0   0   0   0   0   0   0   0   0   0
F29_1    0    0   .   0   0   0   0   0   0   0   0   0   0   0   0   0   0   0
F29_2    0    0   0   .   0   0   0   0   0   0   0   0   0   0   0   0   0   0
F29_3    0    0   0   0   .   0   0   0   0   0   0   0   0   0   0   0   0   0
F30      0    0   0   0   0   .   0   0   0   0   0   0   0   0   0   0   0   0
F30_1    0    0   0   0   0   0   .   0   0   0   0   0   0   0   0   0   0   0
F30_2    0    0   0   0   0   0   0   .   0   0   0   0   0   0   0   0   0   0
F30_3    0    0   0   0   0   0   0   0   .   0   0   0   0   0   0   0   0   0
F31      0    0   0   0   0   0   0   0   0   .   0   0   0   0   0   0   0   0
F31_1    0    0   0   0   0   0   0   0   0   0   .   0   0   0   0   0   0   0
F31_2    0    0   0   0   0   0   0   0   0   0   0   .   0   0   0   0   0   0
F31_3    0    0   0   0   0   0   0   0   0   0   0   0   .   0   0   0   0   0
F32      0    0   0   0   0   0   0   0   0   0   0   0   0   .   0   0   0   0
F32_1    0    0   0   0   0   0   0   0   0   0   0   0   0   0   .   0   0   0
F32_2    0    0   0   0   0   0   0   0   0   0   0   0   0   0   0   .   0   0
F32_3    0    0   0   0   0   0   0   0   0   0   0   0   0   0   0   0   .   0
F33      0    0   0   0   0   0   0   0   0   0   0   0   0   0   0   0   0   .
F33_1    0    0   0   0   0   0   0   0   0   0   0   0   0   0   0   0   0   0
F33_2    0    0   0   0   0   0   0   0   0   0   0   0   0   0   0   0   0   0
F33_3    0    0   0   0   0   0   0   0   0   0   0   0   0   0   0   0   0   0
F34      0    0   0   0   0   0   0   0   0   0   0   0   0   0   0   0   0   0
F34_1    0    0   0   0   0   0   0   0   0   0   0   0   0   0   0   0   0   0
F34_2    0    0   0   0   0   0   0   0   0   0   0   0   0   0   0   0   0   0
F34_3    0    0   0   0   0   0   0   0   0   0   0   0   0   0   0   0   0   0
F35      0    0   0   0   0   0   0   0   0   0   0   0   0   0   0   0   0   0
F35_1    0    0   0   0   0   0   0   0   0   0   0   0   0   0   0   0   0   0
F35_2    0    0   0   0   0   0   0   0   0   0   0   0   0   0   0   0   0   0
F35_3    0    0   0   0   0   0   0   0   0   0   0   0   0   0   0   0   0   0
F36      0    0   0   0   0   0   0   0   0   0   0   0   0   0   0   0   0   0
F36_1    0    0   0   0   0   0   0   0   0   0   0   0   0   0   0   0   0   0
F36_2    0    0   0   0   0   0   0   0   0   0   0   0   0   0   0   0   0   0
F36_3    0    0   0   0   0   0   0   0   0   0   0   0   0   0   0   0   0   0
F37      0    0   0   0   0   0   0   0   0   0   0   0   0   0   0   0   0   0
F37_1    0    0   0   0   0   0   0   0   0   0   0   0   0   0   0   0   0   0
F37_2    0    0   0   0   0   0   0   0   0   0   0   0   0   0   0   0   0   0
F37_3    0    0   0   0   0   0   0   0   0   0   0   0   0   0   0   0   0   0
F38      0    0   0   0   0   0   0   0   0   0   0   0   0   0   0   0   0   0
F38_1    0    0   0   0   0   0   0   0   0   0   0   0   0   0   0   0   0   0
F38_2    0    0   0   0   0   0   0   0   0   0   0   0   0   0   0   0   0   0
F38_3    0    0   0   0   0   0   0   0   0   0   0   0   0   0   0   0   0   0
F39      0    0   0   0   0   0   0   0   0   0   0   0   0   0   0   0   0   0
F39_1    0    0   0   0   0   0   0   0   0   0   0   0   0   0   0   0   0   0
F39_2    0    0   0   0   0   0   0   0   0   0   0   0   0   0   0   0   0   0
F39_3    0    0   0   0   0   0   0   0   0   0   0   0   0   0   0   0   0   0
F40      0    0   0   0   0   0   0   0   0   0   0   0   0   0   0   0   0   0
F40_1    0    0   0   0   0   0   0   0   0   0   0   0   0   0   0   0   0   0
F40_2    0    0   0   0   0   0   0   0   0   0   0   0   0   0   0   0   0   0
F40_3    0    0   0   0   0   0   0   0   0   0   0   0   0   0   0   0   0   0
F41      0    0   0   0   0   0   0   0   0   0   0   0   0   0   0   0   0   0
F41_1    0    0   0   0   0   0   0   0   0   0   0   0   0   0   0   0   0   0
F41_2    0    0   0   0   0   0   0   0   0   0   0   0   0   0   0   0   0   0
F41_3    0    0   0   0   0   0   0   0   0   0   0   0   0   0   0   0   0   0
F42      0    0   0   0   0   0   0   0   0   0   0   0   0   0   0   0   0   0
F42_1    0    0   0   0   0   0   0   0   0   0   0   0   0   0   0   0   0   0
F42_2    0    0   0   0   0   0   0   0   0   0   0   0   0   0   0   0   0   0
F42_3    0    0   0   0   0   0   0   0   0   0   0   0   0   0   0   0   0   0
F43      0    0   0   0   0   0   0   0   0   0   0   0   0   0   0   0   0   0
F43_1    0    0   0   0   0   0   0   0   0   0   0   0   0   0   0   0   0   0
F43_2    0    0   0   0   0   0   0   0   0   0   0   0   0   0   0   0   0   0
F43_3    0    0   0   0   0   0   0   0   0   0   0   0   0   0   0   0   0   0
F44      0    0   0   0   0   0   0   0   0   0   0   0   0   0   0   0   0   0
F44_1    0    0   0   0   0   0   0   0   0   0   0   0   0   0   0   0   0   0
F44_2    0    0   0   0   0   0   0   0   0   0   0   0   0   0   0   0   0   0
F44_3    0    0   0   0   0   0   0   0   0   0   0   0   0   0   0   0   0   0
F45      0    0   0   0   0   0   0   0   0   0   0   0   0   0   0   0   0   0
F45_1    0    0   0   0   0   0   0   0   0   0   0   0   0   0   0   0   0   0
F45_2    0    0   0   0   0   0   0   0   0   0   0   0   0   0   0   0   0   0
F45_3    0    0   0   0   0   0   0   0   0   0   0   0   0   0   0   0   0   0
F46      0    0   0   0   0   0   0   0   0   0   0   0   0   0   0   0   0   0
F46_1    0    0   0   0   0   0   0   0   0   0   0   0   0   0   0   0   0   0
F46_2    0    0   0   0   0   0   0   0   0   0   0   0   0   0   0   0   0   0
F46_3    0    0   0   0   0   0   0   0   0   0   0   0   0   0   0   0   0   0
N0       0    0   0   0   0   0   0   0   0   0   0   0   0   0   0   0   0   0
Nσ       0    0   0   0   0   0   0   0   0   0   0   0   0   0   0   0   0   0

# $2 = F33_2
# $3 = F33_3
# $5 = F34_1
# $6 = F34_2
# $7 = F34_3
# $9 = F35_1
# $10 = F35_2
# $11 = F35_3
# $13 = F36_1
# $14 = F36_2
# $15 = F36_3
# $17 = F37_1
# $18 = F37_2
:     F33_1  $2  $3 F34  $5  $6  $7 F35  $9 $10 $11 F36 $13 $14 $15 F37 $17 $18 :=
C1       0    0   0   0   0   0   0   0   0   0   0   0   0   0   0   0   0   0
C10      0    0   0   0   0   0   0   0   0   0   0   0   0   0   0   0   0   0
C11      0    0   0   0   0   0   0   0   0   0   0   0   0   0   0   0   0   0
C12      0    0   0   0   0   0   0   0   0   0   0   0   0   0   0   0   0   0
C13      0    0   0   0   0   0   0   0   0   0   0   0   0   0   0   0   0   0
C14      0    0   0   0   0   0   0   0   0   0   0   0   0   0   0   0   0   0
C15      0    0   0   0   0   0   0   0   0   0   0   0   0   0   0   0   0   0
C16      0    0   0   0   0   0   0   0   0   0   0   0   0   0   0   0   0   0
C17      0    0   0   0   0   0   0   0   0   0   0   0   0   0   0   0   0   0
C18      0    0   0   0   0   0   0   0   0   0   0   0   0   0   0   0   0   0
C19      0    0   0   0   0   0   0   0   0   0   0   0   0   0   0   0   0   0
C2       0    0   0   0   0   0   0   0   0   0   0   0   0   0   0   0   0   0
C20      0    0   0   0   0   0   0   0   0   0   0   0   0   0   0   0   0   0
C21      0    0   0   0   0   0   0   0   0   0   0   0   0   0   0   0   0   0
C22      0    0   0   0   0   0   0   0   0   0   0   0   0   0   0   0   0   0
C23      0    0   0   0   0   0   0   0   0   1   0   0   0   0   0   0   0   0
C24      0    0   0   0   0   0   0   0   0   0   0   0   0   0   0   0   0   0
C25      0    0   0   0   0   0   0   0   0   0   0   0   0   0   0   0   0   0
C3       0    0   0   0   0   0   0   0   0   0   0   0   0   0   0   0   0   0
C4       0    0   0   0   0   0   0   0   0   0   0   0   0   0   0   0   0   0
C5       0    0   0   0   0   0   0   0   0   0   0   0   0   0   0   0   0   0
C6       0    0   0   0   0   0   0   0   0   0   0   0   0   0   0   0   0   0
C7       0    0   0   0   0   0   0   0   0   0   0   0   0   0   0   0   0   0
C8       0    0   0   0   0   0   0   0   0   0   0   0   0   0   0   0   0   0
C9       0    0   0   0   0   0   0   0   0   0   0   0   0   0   0   0   0   0
F26      0    0   0   0   0   0   0   0   0   0   0   0   0   0   0   0   0   0
F26_1    0    0   0   0   0   0   0   0   0   0   0   0   0   0   0   0   0   0
F26_2    0    0   0   0   0   0   0   0   0   0   0   0   0   0   0   0   0   0
F26_3    0    0   0   0   0   0   0   0   0   0   0   0   0   0   0   0   0   0
F27      0    0   0   0   0   0   0   0   0   0   0   0   0   0   0   0   0   0
F27_1    0    0   0   0   0   0   0   0   0   0   0   0   0   0   0   0   0   0
F27_2    0    0   0   0   0   0   0   0   0   0   0   0   0   0   0   0   0   0
F27_3    0    0   0   0   0   0   0   0   0   0   0   0   0   0   0   0   0   0
F28      0    0   0   0   0   0   0   0   0   0   0   0   0   0   0   0   0   0
F28_1    0    0   0   0   0   0   0   0   0   0   0   0   0   0   0   0   0   0
F28_2    0    0   0   0   0   0   0   0   0   0   0   0   0   0   0   0   0   0
F28_3    0    0   0   0   0   0   0   0   0   0   0   0   0   0   0   0   0   0
F29      0    0   0   0   0   0   0   0   0   0   0   0   0   0   0   0   0   0
F29_1    0    0   0   0   0   0   0   0   0   0   0   0   0   0   0   0   0   0
F29_2    0    0   0   0   0   0   0   0   0   0   0   0   0   0   0   0   0   0
F29_3    0    0   0   0   0   0   0   0   0   0   0   0   0   0   0   0   0   0
F30      0    0   0   0   0   0   0   0   0   0   0   0   0   0   0   0   0   0
F30_1    0    0   0   0   0   0   0   0   0   0   0   0   0   0   0   0   0   0
F30_2    0    0   0   0   0   0   0   0   0   0   0   0   0   0   0   0   0   0
F30_3    0    0   0   0   0   0   0   0   0   0   0   0   0   0   0   0   0   0
F31      0    0   0   0   0   0   0   0   0   0   0   0   0   0   0   0   0   0
F31_1    0    0   0   0   0   0   0   0   0   0   0   0   0   0   0   0   0   0
F31_2    0    0   0   0   0   0   0   0   0   0   0   0   0   0   0   0   0   0
F31_3    0    0   0   0   0   0   0   0   0   0   0   0   0   0   0   0   0   0
F32      0    0   0   0   0   0   0   0   0   0   0   0   0   0   0   0   0   0
F32_1    0    0   0   0   0   0   0   0   0   0   0   0   0   0   0   0   0   0
F32_2    0    0   0   0   0   0   0   0   0   0   0   0   0   0   0   0   0   0
F32_3    0    0   0   0   0   0   0   0   0   0   0   0   0   0   0   0   0   0
F33      0    0   0   0   0   0   0   0   0   0   0   0   0   0   0   0   0   0
F33_1    .    0   0   0   0   0   0   0   0   0   0   0   0   0   0   0   0   0
F33_2    0    .   0   0   0   0   0   0   0   0   0   0   0   0   0   0   0   0
F33_3    0    0   .   0   0   0   0   0   0   0   0   0   0   0   0   0   0   0
F34      0    0   0   .   0   0   0   0   0   0   0   0   0   0   0   0   0   0
F34_1    0    0   0   0   .   0   0   0   0   0   0   0   0   0   0   0   0   0
F34_2    0    0   0   0   0   .   0   0   0   0   0   0   0   0   0   0   0   0
F34_3    0    0   0   0   0   0   .   0   0   0   0   0   0   0   0   0   0   0
F35      0    0   0   0   0   0   0   .   0   0   0   0   0   0   0   0   0   0
F35_1    0    0   0   0   0   0   0   0   .   0   0   0   0   0   0   0   0   0
F35_2    0    0   0   0   0   0   0   1   0   .   0   0   0   0   0   0   0   0
F35_3    0    0   0   0   0   0   0   0   0   0   .   0   0   0   0   0   0   0
F36      0    0   0   0   0   0   0   0   0   0   0   .   0   0   0   0   0   0
F36_1    0    0   0   0   0   0   0   0   0   0   0   0   .   0   0   0   0   0
F36_2    0    0   0   0   0   0   0   0   0   0   0   0   0   .   0   0   0   0
F36_3    0    0   0   0   0   0   0   0   0   0   0   0   0   0   .   0   0   0
F37      0    0   0   0   0   0   0   0   0   0   0   0   0   0   0   .   0   0
F37_1    0    0   0   0   0   0   0   0   0   0   0   0   0   0   0   0   .   0
F37_2    0    0   0   0   0   0   0   0   0   0   0   0   0   0   0   0   0   .
F37_3    0    0   0   0   0   0   0   0   0   0   0   0   0   0   0   0   0   0
F38      0    0   0   0   0   0   0   0   0   0   0   0   0   0   0   0   0   0
F38_1    0    0   0   0   0   0   0   0   0   0   0   0   0   0   0   0   0   0
F38_2    0    0   0   0   0   0   0   0   0   0   0   0   0   0   0   0   0   0
F38_3    0    0   0   0   0   0   0   0   0   0   0   0   0   0   0   0   0   0
F39      0    0   0   0   0   0   0   0   0   0   0   0   0   0   0   0   0   0
F39_1    0    0   0   0   0   0   0   0   0   0   0   0   0   0   0   0   0   0
F39_2    0    0   0   0   0   0   0   0   0   0   0   0   0   0   0   0   0   0
F39_3    0    0   0   0   0   0   0   0   0   0   0   0   0   0   0   0   0   0
F40      0    0   0   0   0   0   0   0   0   0   0   0   0   0   0   0   0   0
F40_1    0    0   0   0   0   0   0   0   0   0   0   0   0   0   0   0   0   0
F40_2    0    0   0   0   0   0   0   0   0   0   0   0   0   0   0   0   0   0
F40_3    0    0   0   0   0   0   0   0   0   0   0   0   0   0   0   0   0   0
F41      0    0   0   0   0   0   0   0   0   0   0   0   0   0   0   0   0   0
F41_1    0    0   0   0   0   0   0   0   0   0   0   0   0   0   0   0   0   0
F41_2    0    0   0   0   0   0   0   0   0   0   0   0   0   0   0   0   0   0
F41_3    0    0   0   0   0   0   0   0   0   0   0   0   0   0   0   0   0   0
F42      0    0   0   0   0   0   0   0   0   0   0   0   0   0   0   0   0   0
F42_1    0    0   0   0   0   0   0   0   0   0   0   0   0   0   0   0   0   0
F42_2    0    0   0   0   0   0   0   0   0   0   0   0   0   0   0   0   0   0
F42_3    0    0   0   0   0   0   0   0   0   0   0   0   0   0   0   0   0   0
F43      0    0   0   0   0   0   0   0   0   0   0   0   0   0   0   0   0   0
F43_1    0    0   0   0   0   0   0   0   0   0   0   0   0   0   0   0   0   0
F43_2    0    0   0   0   0   0   0   0   0   0   0   0   0   0   0   0   0   0
F43_3    0    0   0   0   0   0   0   0   0   0   0   0   0   0   0   0   0   0
F44      0    0   0   0   0   0   0   0   0   0   0   0   0   0   0   0   0   0
F44_1    0    0   0   0   0   0   0   0   0   0   0   0   0   0   0   0   0   0
F44_2    0    0   0   0   0   0   0   0   0   0   0   0   0   0   0   0   0   0
F44_3    0    0   0   0   0   0   0   0   0   0   0   0   0   0   0   0   0   0
F45      0    0   0   0   0   0   0   0   0   0   0   0   0   0   0   0   0   0
F45_1    0    0   0   0   0   0   0   0   0   0   0   0   0   0   0   0   0   0
F45_2    0    0   0   0   0   0   0   0   0   0   0   0   0   0   0   0   0   0
F45_3    0    0   0   0   0   0   0   0   0   0   0   0   0   0   0   0   0   0
F46      0    0   0   0   0   0   0   0   0   0   0   0   0   0   0   0   0   0
F46_1    0    0   0   0   0   0   0   0   0   0   0   0   0   0   0   0   0   0
F46_2    0    0   0   0   0   0   0   0   0   0   0   0   0   0   0   0   0   0
F46_3    0    0   0   0   0   0   0   0   0   0   0   0   0   0   0   0   0   0
N0       0    0   0   0   0   0   0   0   0   0   0   0   0   0   0   0   0   0
Nσ       0    0   0   0   0   0   0   0   0   0   0   0   0   0   0   0   0   0

# $3 = F38_1
# $4 = F38_2
# $5 = F38_3
# $7 = F39_1
# $8 = F39_2
# $9 = F39_3
# $11 = F40_1
# $12 = F40_2
# $13 = F40_3
# $15 = F41_1
# $16 = F41_2
# $17 = F41_3
:     F37_3 F38  $3  $4  $5 F39  $7  $8  $9 F40 $11 $12 $13 F41 $15 $16 $17 F42 :=
C1       0    0   0   0   0   0   0   0   0   0   0   0   0   0   0   0   0   0
C10      0    0   0   0   0   0   0   0   0   0   0   0   0   0   0   0   0   0
C11      0    0   0   0   0   0   0   0   0   0   0   0   0   0   0   0   0   0
C12      0    0   0   0   0   0   0   0   0   0   0   0   0   0   0   0   0   0
C13      0    0   0   0   0   0   0   0   0   0   0   0   0   0   0   0   0   0
C14      0    0   0   0   0   0   0   0   0   0   0   0   0   0   0   0   0   0
C15      0    0   0   0   0   0   0   0   0   0   0   0   0   0   0   0   0   0
C16      0    0   0   0   0   0   0   0   0   0   0   0   0   0   0   0   0   0
C17      0    0   0   0   0   0   0   0   0   0   0   0   0   0   0   0   0   0
C18      0    0   0   0   0   0   0   0   0   0   0   0   0   0   0   0   0   0
C19      0    0   0   0   0   0   0   0   0   0   0   0   0   0   0   0   0   0
C2       0    0   0   0   0   0   0   0   0   0   0   0   0   0   0   0   0   0
C20      0    0   0   0   0   0   0   0   0   0   0   0   0   0   0   0   0   0
C21      0    0   0   0   0   0   0   0   0   0   0   0   0   0   0   0   0   0
C22      0    0   0   0   0   0   0   0   0   0   0   0   0   0   0   0   0   0
C23      0    0   0   0   0   0   0   0   0   0   0   0   0   0   0   0   0   0
C24      0    0   0   0   0   0   0   0   0   0   0   0   0   0   0   0   0   0
C25      0    0   0   0   0   0   0   0   0   0   0   0   0   0   0   0   0   0
C3       0    0   0   0   0   0   0   0   0   0   0   0   0   0   0   0   0   0
C4       0    0   0   0   0   0   0   0   0   0   0   0   0   0   0   0   0   0
C5       0    0   0   0   0   0   0   0   0   0   0   0   0   0   0   0   0   0
C6       0    0   0   0   0   0   0   0   0   0   0   0   0   0   0   0   0   0
C7       0    0   0   0   0   0   0   0   0   0   0   0   0   0   0   0   0   0
C8       0    0   0   0   0   0   0   0   0   0   0   0   0   0   0   0   0   0
C9       0    0   0   0   0   0   0   0   0   0   0   0   0   0   0   0   0   0
F26      0    0   0   0   0   0   0   0   0   0   0   0   0   0   0   0   0   0
F26_1    0    0   0   0   0   0   0   0   0   0   0   0   0   0   0   0   0   0
F26_2    0    0   0   0   0   0   0   0   0   0   0   0   0   0   0   0   0   0
F26_3    0    0   0   0   0   0   0   0   0   0   0   0   0   0   0   0   0   0
F27      0    0   0   0   0   0   0   0   0   0   0   0   0   0   0   0   0   0
F27_1    0    0   0   0   0   0   0   0   0   0   0   0   0   0   0   0   0   0
F27_2    0    0   0   0   0   0   0   0   0   0   0   0   0   0   0   0   0   0
F27_3    0    0   0   0   0   0   0   0   0   0   0   0   0   0   0   0   0   0
F28      0    0   0   0   0   0   0   0   0   0   0   0   0   0   0   0   0   0
F28_1    0    0   0   0   0   0   0   0   0   0   0   0   0   0   0   0   0   0
F28_2    0    0   0   0   0   0   0   0   0   0   0   0   0   0   0   0   0   0
F28_3    0    0   0   0   0   0   0   0   0   0   0   0   0   0   0   0   0   0
F29      0    0   0   0   0   0   0   0   0   0   0   0   0   0   0   0   0   0
F29_1    0    0   0   0   0   0   0   0   0   0   0   0   0   0   0   0   0   0
F29_2    0    0   0   0   0   0   0   0   0   0   0   0   0   0   0   0   0   0
F29_3    0    0   0   0   0   0   0   0   0   0   0   0   0   0   0   0   0   0
F30      0    0   0   0   0   0   0   0   0   0   0   0   0   0   0   0   0   0
F30_1    0    0   0   0   0   0   0   0   0   0   0   0   0   0   0   0   0   0
F30_2    0    0   0   0   0   0   0   0   0   0   0   0   0   0   0   0   0   0
F30_3    0    0   0   0   0   0   0   0   0   0   0   0   0   0   0   0   0   0
F31      0    0   0   0   0   0   0   0   0   0   0   0   0   0   0   0   0   0
F31_1    0    0   0   0   0   0   0   0   0   0   0   0   0   0   0   0   0   0
F31_2    0    0   0   0   0   0   0   0   0   0   0   0   0   0   0   0   0   0
F31_3    0    0   0   0   0   0   0   0   0   0   0   0   0   0   0   0   0   0
F32      0    0   0   0   0   0   0   0   0   0   0   0   0   0   0   0   0   0
F32_1    0    0   0   0   0   0   0   0   0   0   0   0   0   0   0   0   0   0
F32_2    0    0   0   0   0   0   0   0   0   0   0   0   0   0   0   0   0   0
F32_3    0    0   0   0   0   0   0   0   0   0   0   0   0   0   0   0   0   0
F33      0    0   0   0   0   0   0   0   0   0   0   0   0   0   0   0   0   0
F33_1    0    0   0   0   0   0   0   0   0   0   0   0   0   0   0   0   0   0
F33_2    0    0   0   0   0   0   0   0   0   0   0   0   0   0   0   0   0   0
F33_3    0    0   0   0   0   0   0   0   0   0   0   0   0   0   0   0   0   0
F34      0    0   0   0   0   0   0   0   0   0   0   0   0   0   0   0   0   0
F34_1    0    0   0   0   0   0   0   0   0   0   0   0   0   0   0   0   0   0
F34_2    0    0   0   0   0   0   0   0   0   0   0   0   0   0   0   0   0   0
F34_3    0    0   0   0   0   0   0   0   0   0   0   0   0   0   0   0   0   0
F35      0    0   0   0   0   0   0   0   0   0   0   0   0   0   0   0   0   0
F35_1    0    0   0   0   0   0   0   0   0   0   0   0   0   0   0   0   0   0
F35_2    0    0   0   0   0   0   0   0   0   0   0   0   0   0   0   0   0   0
F35_3    0    0   0   0   0   0   0   0   0   0   0   0   0   0   0   0   0   0
F36      0    0   0   0   0   0   0   0   0   0   0   0   0   0   0   0   0   0
F36_1    0    0   0   0   0   0   0   0   0   0   0   0   0   0   0   0   0   0
F36_2    0    0   0   0   0   0   0   0   0   0   0   0   0   0   0   0   0   0
F36_3    0    0   0   0   0   0   0   0   0   0   0   0   0   0   0   0   0   0
F37      0    0   0   0   0   0   0   0   0   0   0   0   0   0   0   0   0   0
F37_1    0    0   0   0   0   0   0   0   0   0   0   0   0   0   0   0   0   0
F37_2    0    0   0   0   0   0   0   0   0   0   0   0   0   0   0   0   0   0
F37_3    .    0   0   0   0   0   0   0   0   0   0   0   0   0   0   0   0   0
F38      0    .   0   0   0   0   0   0   0   0   0   0   0   0   0   0   0   0
F38_1    0    0   .   0   0   0   0   0   0   0   0   0   0   0   0   0   0   0
F38_2    0    0   0   .   0   0   0   0   0   0   0   0   0   0   0   0   0   0
F38_3    0    0   0   0   .   0   0   0   0   0   0   0   0   0   0   0   0   0
F39      0    0   0   0   0   .   0   0   0   0   0   0   0   0   0   0   0   0
F39_1    0    0   0   0   0   0   .   0   0   0   0   0   0   0   0   0   0   0
F39_2    0    0   0   0   0   0   0   .   0   0   0   0   0   0   0   0   0   0
F39_3    0    0   0   0   0   0   0   0   .   0   0   0   0   0   0   0   0   0
F40      0    0   0   0   0   0   0   0   0   .   0   0   0   0   0   0   0   0
F40_1    0    0   0   0   0   0   0   0   0   0   .   0   0   0   0   0   0   0
F40_2    0    0   0   0   0   0   0   0   0   0   0   .   0   0   0   0   0   0
F40_3    0    0   0   0   0   0   0   0   0   0   0   0   .   0   0   0   0   0
F41      0    0   0   0   0   0   0   0   0   0   0   0   0   .   0   0   0   0
F41_1    0    0   0   0   0   0   0   0   0   0   0   0   0   0   .   0   0   0
F41_2    0    0   0   0   0   0   0   0   0   0   0   0   0   0   0   .   0   0
F41_3    0    0   0   0   0   0   0   0   0   0   0   0   0   0   0   0   .   0
F42      0    0   0   0   0   0   0   0   0   0   0   0   0   0   0   0   0   .
F42_1    0    0   0   0   0   0   0   0   0   0   0   0   0   0   0   0   0   0
F42_2    0    0   0   0   0   0   0   0   0   0   0   0   0   0   0   0   0   0
F42_3    0    0   0   0   0   0   0   0   0   0   0   0   0   0   0   0   0   0
F43      0    0   0   0   0   0   0   0   0   0   0   0   0   0   0   0   0   0
F43_1    0    0   0   0   0   0   0   0   0   0   0   0   0   0   0   0   0   0
F43_2    0    0   0   0   0   0   0   0   0   0   0   0   0   0   0   0   0   0
F43_3    0    0   0   0   0   0   0   0   0   0   0   0   0   0   0   0   0   0
F44      0    0   0   0   0   0   0   0   0   0   0   0   0   0   0   0   0   0
F44_1    0    0   0   0   0   0   0   0   0   0   0   0   0   0   0   0   0   0
F44_2    0    0   0   0   0   0   0   0   0   0   0   0   0   0   0   0   0   0
F44_3    0    0   0   0   0   0   0   0   0   0   0   0   0   0   0   0   0   0
F45      0    0   0   0   0   0   0   0   0   0   0   0   0   0   0   0   0   0
F45_1    0    0   0   0   0   0   0   0   0   0   0   0   0   0   0   0   0   0
F45_2    0    0   0   0   0   0   0   0   0   0   0   0   0   0   0   0   0   0
F45_3    0    0   0   0   0   0   0   0   0   0   0   0   0   0   0   0   0   0
F46      0    0   0   0   0   0   0   0   0   0   0   0   0   0   0   0   0   0
F46_1    0    0   0   0   0   0   0   0   0   0   0   0   0   0   0   0   0   0
F46_2    0    0   0   0   0   0   0   0   0   0   0   0   0   0   0   0   0   0
F46_3    0    0   0   0   0   0   0   0   0   0   0   0   0   0   0   0   0   0
N0       0    0   0   0   0   0   0   0   0   0   0   0   0   0   0   0   0   0
Nσ       0    0   0   0   0   0   0   0   0   0   0   0   0   0   0   0   0   0

# $2 = F42_2
# $3 = F42_3
# $5 = F43_1
# $6 = F43_2
# $7 = F43_3
# $9 = F44_1
# $10 = F44_2
# $11 = F44_3
# $13 = F45_1
# $14 = F45_2
# $15 = F45_3
# $17 = F46_1
# $18 = F46_2
:     F42_1  $2  $3 F43  $5  $6  $7 F44  $9 $10 $11 F45 $13 $14 $15 F46 $17 $18 :=
C1       0    0   0   0   0   0   0   0   0   0   0   0   0   0   0   0   0   0
C10      0    0   0   0   0   0   0   0   0   0   0   0   0   0   0   0   0   0
C11      0    0   0   0   0   0   0   0   0   0   0   0   0   0   0   0   0   0
C12      0    0   0   0   0   0   0   0   0   0   0   0   0   0   0   0   0   0
C13      0    0   0   0   0   0   0   0   0   0   0   0   0   0   0   0   0   0
C14      0    0   0   0   0   0   0   0   0   0   0   0   0   0   0   0   0   0
C15      0    0   0   0   0   0   0   0   0   0   0   0   0   0   0   0   0   0
C16      0    0   0   0   0   0   0   0   0   0   0   0   0   0   0   0   0   0
C17      0    0   0   0   0   0   0   0   0   0   0   0   0   0   0   0   0   0
C18      0    0   0   0   0   0   0   0   0   0   0   0   0   0   0   0   0   0
C19      0    0   0   0   0   0   0   0   0   0   0   0   0   0   0   0   0   0
C2       0    0   0   0   0   0   0   0   0   0   0   0   0   0   0   0   0   0
C20      0    0   0   0   0   0   0   0   0   0   0   0   0   0   0   0   0   0
C21      0    0   0   0   0   0   0   0   0   0   0   0   0   0   0   0   0   0
C22      0    0   0   0   0   0   0   0   0   0   0   0   0   0   0   0   0   0
C23      0    0   0   0   0   0   0   0   0   0   0   0   0   0   0   0   0   0
C24      0    0   0   0   0   0   0   0   0   0   0   0   0   0   0   0   0   0
C25      0    0   0   0   0   0   0   0   0   0   0   0   0   0   0   0   0   0
C3       0    0   0   0   0   0   0   0   0   0   0   0   0   0   0   0   0   0
C4       0    0   0   0   0   0   0   0   0   0   0   0   0   0   0   0   0   0
C5       0    0   0   0   0   0   0   0   0   0   0   0   0   0   0   0   0   0
C6       0    0   0   0   0   0   0   0   0   0   0   0   0   0   0   0   0   0
C7       0    0   0   0   0   0   0   0   0   0   0   0   0   0   0   0   0   0
C8       0    0   0   0   0   0   0   0   0   0   0   0   0   0   0   0   0   0
C9       0    0   0   0   0   0   0   0   0   0   0   0   0   0   0   0   0   0
F26      0    0   0   0   0   0   0   0   0   0   0   0   0   0   0   0   0   0
F26_1    0    0   0   0   0   0   0   0   0   0   0   0   0   0   0   0   0   0
F26_2    0    0   0   0   0   0   0   0   0   0   0   0   0   0   0   0   0   0
F26_3    0    0   0   0   0   0   0   0   0   0   0   0   0   0   0   0   0   0
F27      0    0   0   0   0   0   0   0   0   0   0   0   0   0   0   0   0   0
F27_1    0    0   0   0   0   0   0   0   0   0   0   0   0   0   0   0   0   0
F27_2    0    0   0   0   0   0   0   0   0   0   0   0   0   0   0   0   0   0
F27_3    0    0   0   0   0   0   0   0   0   0   0   0   0   0   0   0   0   0
F28      0    0   0   0   0   0   0   0   0   0   0   0   0   0   0   0   0   0
F28_1    0    0   0   0   0   0   0   0   0   0   0   0   0   0   0   0   0   0
F28_2    0    0   0   0   0   0   0   0   0   0   0   0   0   0   0   0   0   0
F28_3    0    0   0   0   0   0   0   0   0   0   0   0   0   0   0   0   0   0
F29      0    0   0   0   0   0   0   0   0   0   0   0   0   0   0   0   0   0
F29_1    0    0   0   0   0   0   0   0   0   0   0   0   0   0   0   0   0   0
F29_2    0    0   0   0   0   0   0   0   0   0   0   0   0   0   0   0   0   0
F29_3    0    0   0   0   0   0   0   0   0   0   0   0   0   0   0   0   0   0
F30      0    0   0   0   0   0   0   0   0   0   0   0   0   0   0   0   0   0
F30_1    0    0   0   0   0   0   0   0   0   0   0   0   0   0   0   0   0   0
F30_2    0    0   0   0   0   0   0   0   0   0   0   0   0   0   0   0   0   0
F30_3    0    0   0   0   0   0   0   0   0   0   0   0   0   0   0   0   0   0
F31      0    0   0   0   0   0   0   0   0   0   0   0   0   0   0   0   0   0
F31_1    0    0   0   0   0   0   0   0   0   0   0   0   0   0   0   0   0   0
F31_2    0    0   0   0   0   0   0   0   0   0   0   0   0   0   0   0   0   0
F31_3    0    0   0   0   0   0   0   0   0   0   0   0   0   0   0   0   0   0
F32      0    0   0   0   0   0   0   0   0   0   0   0   0   0   0   0   0   0
F32_1    0    0   0   0   0   0   0   0   0   0   0   0   0   0   0   0   0   0
F32_2    0    0   0   0   0   0   0   0   0   0   0   0   0   0   0   0   0   0
F32_3    0    0   0   0   0   0   0   0   0   0   0   0   0   0   0   0   0   0
F33      0    0   0   0   0   0   0   0   0   0   0   0   0   0   0   0   0   0
F33_1    0    0   0   0   0   0   0   0   0   0   0   0   0   0   0   0   0   0
F33_2    0    0   0   0   0   0   0   0   0   0   0   0   0   0   0   0   0   0
F33_3    0    0   0   0   0   0   0   0   0   0   0   0   0   0   0   0   0   0
F34      0    0   0   0   0   0   0   0   0   0   0   0   0   0   0   0   0   0
F34_1    0    0   0   0   0   0   0   0   0   0   0   0   0   0   0   0   0   0
F34_2    0    0   0   0   0   0   0   0   0   0   0   0   0   0   0   0   0   0
F34_3    0    0   0   0   0   0   0   0   0   0   0   0   0   0   0   0   0   0
F35      0    0   0   0   0   0   0   0   0   0   0   0   0   0   0   0   0   0
F35_1    0    0   0   0   0   0   0   0   0   0   0   0   0   0   0   0   0   0
F35_2    0    0   0   0   0   0   0   0   0   0   0   0   0   0   0   0   0   0
F35_3    0    0   0   0   0   0   0   0   0   0   0   0   0   0   0   0   0   0
F36      0    0   0   0   0   0   0   0   0   0   0   0   0   0   0   0   0   0
F36_1    0    0   0   0   0   0   0   0   0   0   0   0   0   0   0   0   0   0
F36_2    0    0   0   0   0   0   0   0   0   0   0   0   0   0   0   0   0   0
F36_3    0    0   0   0   0   0   0   0   0   0   0   0   0   0   0   0   0   0
F37      0    0   0   0   0   0   0   0   0   0   0   0   0   0   0   0   0   0
F37_1    0    0   0   0   0   0   0   0   0   0   0   0   0   0   0   0   0   0
F37_2    0    0   0   0   0   0   0   0   0   0   0   0   0   0   0   0   0   0
F37_3    0    0   0   0   0   0   0   0   0   0   0   0   0   0   0   0   0   0
F38      0    0   0   0   0   0   0   0   0   0   0   0   0   0   0   0   0   0
F38_1    0    0   0   0   0   0   0   0   0   0   0   0   0   0   0   0   0   0
F38_2    0    0   0   0   0   0   0   0   0   0   0   0   0   0   0   0   0   0
F38_3    0    0   0   0   0   0   0   0   0   0   0   0   0   0   0   0   0   0
F39      0    0   0   0   0   0   0   0   0   0   0   0   0   0   0   0   0   0
F39_1    0    0   0   0   0   0   0   0   0   0   0   0   0   0   0   0   0   0
F39_2    0    0   0   0   0   0   0   0   0   0   0   0   0   0   0   0   0   0
F39_3    0    0   0   0   0   0   0   0   0   0   0   0   0   0   0   0   0   0
F40      0    0   0   0   0   0   0   0   0   0   0   0   0   0   0   0   0   0
F40_1    0    0   0   0   0   0   0   0   0   0   0   0   0   0   0   0   0   0
F40_2    0    0   0   0   0   0   0   0   0   0   0   0   0   0   0   0   0   0
F40_3    0    0   0   0   0   0   0   0   0   0   0   0   0   0   0   0   0   0
F41      0    0   0   0   0   0   0   0   0   0   0   0   0   0   0   0   0   0
F41_1    0    0   0   0   0   0   0   0   0   0   0   0   0   0   0   0   0   0
F41_2    0    0   0   0   0   0   0   0   0   0   0   0   0   0   0   0   0   0
F41_3    0    0   0   0   0   0   0   0   0   0   0   0   0   0   0   0   0   0
F42      0    0   0   0   0   0   0   0   0   0   0   0   0   0   0   0   0   0
F42_1    .    0   0   0   0   0   0   0   0   0   0   0   0   0   0   0   0   0
F42_2    0    .   0   0   0   0   0   0   0   0   0   0   0   0   0   0   0   0
F42_3    0    0   .   0   0   0   0   0   0   0   0   0   0   0   0   0   0   0
F43      0    0   0   .   0   0   0   0   0   0   0   0   0   0   0   0   0   0
F43_1    0    0   0   0   .   0   0   0   0   0   0   0   0   0   0   0   0   0
F43_2    0    0   0   0   0   .   0   0   0   0   0   0   0   0   0   0   0   0
F43_3    0    0   0   0   0   0   .   0   0   0   0   0   0   0   0   0   0   0
F44      0    0   0   0   0   0   0   .   0   0   0   0   0   0   0   0   0   0
F44_1    0    0   0   0   0   0   0   0   .   0   0   0   0   0   0   0   0   0
F44_2    0    0   0   0   0   0   0   0   0   .   0   0   0   0   0   0   0   0
F44_3    0    0   0   0   0   0   0   0   0   0   .   0   0   0   0   0   0   0
F45      0    0   0   0   0   0   0   0   0   0   0   .   0   0   0   0   0   0
F45_1    0    0   0   0   0   0   0   0   0   0   0   0   .   0   0   0   0   0
F45_2    0    0   0   0   0   0   0   0   0   0   0   0   0   .   0   0   0   0
F45_3    0    0   0   0   0   0   0   0   0   0   0   0   0   0   .   0   0   0
F46      0    0   0   0   0   0   0   0   0   0   0   0   0   0   0   .   0   0
F46_1    0    0   0   0   0   0   0   0   0   0   0   0   0   0   0   0   .   0
F46_2    0    0   0   0   0   0   0   0   0   0   0   0   0   0   0   0   0   .
F46_3    0    0   0   0   0   0   0   0   0   0   0   0   0   0   0   0   0   0
N0       0    0   0   0   0   0   0   0   0   0   0   0   0   0   0   0   0   0
Nσ       0    0   0   0   0   0   0   0   0   0   0   0   0   0   0   0   0   0

:     F46_3  N0  Nσ    :=
C1       0    0   0
C10      0    0   1
C11      0    0   1
C12      0    0   0
C13      0    0   0
C14      0    0   1
C15      0    0   0
C16      0    0   0
C17      0    0   1
C18      0    0   1
C19      0    0   1
C2       0    0   0
C20      0    0   0
C21      0    0   0
C22      0    0   0
C23      0    0   0
C24      0    0   0
C25      0    0   1
C3       0    0   0
C4       0    0   0
C5       1    0   0
C6       0    0   0
C7       0    0   0
C8       0    0   0
C9       0    0   0
F26      0    0   0
F26_1    0    0   0
F26_2    0    0   0
F26_3    0    0   0
F27      0    0   0
F27_1    0    0   0
F27_2    0    0   0
F27_3    0    0   0
F28      0    0   0
F28_1    0    0   0
F28_2    0    0   0
F28_3    0    0   0
F29      0    0   0
F29_1    0    0   0
F29_2    0    0   0
F29_3    0    0   0
F30      0    0   0
F30_1    0    0   0
F30_2    0    0   0
F30_3    0    0   0
F31      0    0   0
F31_1    0    0   0
F31_2    0    0   0
F31_3    0    0   0
F32      0    0   0
F32_1    0    0   0
F32_2    0    0   0
F32_3    0    0   0
F33      0    0   0
F33_1    0    0   0
F33_2    0    0   0
F33_3    0    0   0
F34      0    0   0
F34_1    0    0   0
F34_2    0    0   0
F34_3    0    0   0
F35      0    0   0
F35_1    0    0   0
F35_2    0    0   0
F35_3    0    0   0
F36      0    0   0
F36_1    0    0   0
F36_2    0    0   0
F36_3    0    0   0
F37      0    0   0
F37_1    0    0   0
F37_2    0    0   0
F37_3    0    0   0
F38      0    0   0
F38_1    0    0   0
F38_2    0    0   0
F38_3    0    0   0
F39      0    0   0
F39_1    0    0   0
F39_2    0    0   0
F39_3    0    0   0
F40      0    0   0
F40_1    0    0   0
F40_2    0    0   0
F40_3    0    0   0
F41      0    0   0
F41_1    0    0   0
F41_2    0    0   0
F41_3    0    0   0
F42      0    0   0
F42_1    0    0   0
F42_2    0    0   0
F42_3    0    0   0
F43      0    0   0
F43_1    0    0   0
F43_2    0    0   0
F43_3    0    0   0
F44      0    0   0
F44_1    0    0   0
F44_2    0    0   0
F44_3    0    0   0
F45      0    0   0
F45_1    0    0   0
F45_2    0    0   0
F45_3    0    0   0
F46      0    0   0
F46_1    0    0   0
F46_2    0    0   0
F46_3    .    0   0
N0       0    .   0
Nσ       0    0   .
;

sum{i in D0, j in Vplun} x[i,j] = 7

sum{i in Vall, j in Vall: i != j} x[i,j]*t[i,j] = 585.724

sum{i in F} z[i]*R[i] = 0

sum{i in F, j in Vplunend: i != j} y[i]*x[i,j] = 3

a [*] :=
   C1  475        F26_3    0        F33_3 1236        F40_3    0
  C10 1135          F27    0          F34 1236          F41 1236
  C11  458        F27_1    0        F34_1 1236        F41_1 1236
  C12  453        F27_2    0        F34_2 1236        F41_2    0
  C13  100        F27_3 1236        F34_3 1236        F41_3 1236
  C14  345          F28    0          F35 1122.38       F42    0
  C15  383        F28_1    0        F35_1    0        F42_1    0
  C16  264        F28_2    0        F35_2  679.204    F42_2 1236
  C17  826        F28_3  953.296    F35_3    0        F42_3    0
  C18 1130          F29 1236          F36  132.85       F43    0
  C19  643        F29_1   15.5549   F36_1 1236        F43_1  886.296
   C2  570        F29_2 1236        F36_2 1236        F43_2  886.296
  C20  283        F29_3  667.81     F36_3    0        F43_3    0
  C21  293          F30    0          F37    0          F44    0
  C22  693        F30_1    0        F37_1    0        F44_1    0
  C23  567        F30_2    0        F37_2    0        F44_2    0
  C24   21.2132   F30_3    0        F37_3    0        F44_3    0
  C25  672.909      F31    0          F38    0          F45    0
   C3   73        F31_1 1236        F38_1 1236        F45_1    0
   C4  546        F31_2    0        F38_2 1236        F45_2    0
   C5  124        F31_3  886.296    F38_3    0        F45_3    0
   C6  883          F32    0          F39    0          F46 1236
   C7  171        F32_1    0        F39_1    0        F46_1 1185.64
   C8   79        F32_2 1236        F39_2    0        F46_2    0
   C9  250        F32_3    0        F39_3 1236        F46_3  224.296
  F26    0          F33    0          F40    0           N0    0
F26_1    0        F33_1    0        F40_1    0           Nσ 1236
F26_2    0        F33_2 1236        F40_2    0
;

u [*] :=
   C1 180      C4 180   F29_1 310     F34 110   F38_3 110   F43_2 200
  C10 110      C5 160   F29_2 110   F34_1 110     F39 110   F43_3 310
  C11 110      C6 160   F29_3 110   F34_2 110   F39_1 110     F44 110
  C12 190      C7 190     F30 110   F34_3 110   F39_2 110   F44_1 110
  C13 200      C8 200   F30_1 310     F35 110   F39_3 110   F44_2 110
  C14 110      C9 130   F30_2 110   F35_1 110     F40 200   F44_3 110
  C15 200     F26 200   F30_3 110   F35_2 140   F40_1 110     F45 110
  C16 130   F26_1 200     F31 310   F35_3 110   F40_2 110   F45_1 110
  C17 110   F26_2 110   F31_1 310     F36 110   F40_3 110   F45_2 110
  C18 110   F26_3 310   F31_2 110   F36_1 310     F41 110   F45_3 110
  C19 110     F27 310   F31_3 200   F36_2 310   F41_1 110     F46 110
   C2 140   F27_1 110     F32 110   F36_3 310   F41_2 110   F46_1 110
  C20 170   F27_2 130   F32_1 310     F37 110   F41_3 110   F46_2 110
  C21 130   F27_3 310   F32_2 110   F37_1 110     F42 110   F46_3 130
  C22 120     F28 110   F32_3 310   F37_2 110   F42_1 110      N0 200
  C23 160   F28_1 110     F33 110   F37_3 110   F42_2 110      Nσ   0
  C24 140   F28_2 110   F33_1 110     F38 110   F42_3 310
  C25 110   F28_3 110   F33_2 110   F38_1 110     F43 110
   C3 200     F29 110   F33_3 110   F38_2 110   F43_1 310
;

v [*] :=
   C1 33.4859      C8 66.8838   F31_1  0          F37  0        F42_3 79.69
  C10 10.198       C9 44.3347   F31_2  0        F37_1  0          F43 79.69
  C11 31.0483     F26 57.7298   F31_3 79.69     F37_2  0        F43_1 79.69
  C12 21.029    F26_1 42.2093     F32 79.69     F37_3 79.69     F43_2 79.69
  C13 48.0672   F26_2  0        F32_1 79.69       F38 79.69     F43_3 79.69
  C14 39.0512   F26_3  0        F32_2  0        F38_1  0          F44  0
  C15 35.4859     F27 79.69     F32_3 79.69     F38_2  0        F44_1  0
  C16 47.2965   F27_1  0          F33  0        F38_3 79.69     F44_2  0
  C17 29.1975   F27_2  0        F33_1  0          F39 79.69     F44_3  0
  C18 15.8114   F27_3  0        F33_2  0        F39_1  0          F45  0
  C19 52          F28  0        F33_3 79.69     F39_2  0        F45_1  0
   C2  7.8102   F28_1  0          F34 79.69     F39_3  0        F45_2  0
  C20 40.9961   F28_2 79.69     F34_1 79.69       F40 79.69     F45_3  0
  C21 69.3944   F28_3  0        F34_2 79.69     F40_1 79.69       F46  0
  C22 34.2965     F29 79.69     F34_3 79.69     F40_2 79.69     F46_1 79.69
  C23 22.2036   F29_1 79.69       F35  0        F40_3 79.69     F46_2  0
  C24 58.4768   F29_2 79.69     F35_1 79.69       F41  0        F46_3  0
  C25 74.591    F29_3  0        F35_2  0        F41_1  0           N0 79.69
   C3 32.2093     F30  0        F35_3 79.69     F41_2 79.69        Nσ  0
   C4 18.029    F30_1 79.69       F36  0        F41_3 79.69
   C5 10.2956   F30_2  0        F36_1 79.69       F42 79.69
   C6 12.198    F30_3  0        F36_2 79.69     F42_1  0
   C7 64.8838     F31  0        F36_3 79.69     F42_2  0
;

y [*] :=
  F26 0   F28_3 0   F31_2 0   F34_1 0     F37 0   F39_3 0   F42_2 0   F45_1 0
F26_1 0     F29 0   F31_3 0   F34_2 0   F37_1 0     F40 0   F42_3 0   F45_2 0
F26_2 0   F29_1 0     F32 0   F34_3 0   F37_2 0   F40_1 0     F43 0   F45_3 0
F26_3 0   F29_2 0   F32_1 0     F35 1   F37_3 0   F40_2 0   F43_1 0     F46 1
  F27 0   F29_3 1   F32_2 0   F35_1 0     F38 0   F40_3 0   F43_2 0   F46_1 0
F27_1 0     F30 0   F32_3 0   F35_2 0   F38_1 0     F41 0   F43_3 0   F46_2 0
F27_2 0   F30_1 0     F33 0   F35_3 0   F38_2 0   F41_1 0     F44 1   F46_3 1
F27_3 0   F30_2 0   F33_1 0     F36 0   F38_3 0   F41_2 0   F44_1 0
  F28 0   F30_3 0   F33_2 0   F36_1 0     F39 0   F41_3 0   F44_2 0
F28_1 0     F31 0   F33_3 0   F36_2 0   F39_1 0     F42 0   F44_3 0
F28_2 0   F31_1 0     F34 0   F36_3 0   F39_2 0   F42_1 0     F45 0
;

z [*] :=
  F26 1   F28_3 1   F31_2 1   F34_1 1     F37 1   F39_3 1   F42_2 1   F45_1 1
F26_1 1     F29 1   F31_3 1   F34_2 1   F37_1 1     F40 1   F42_3 1   F45_2 1
F26_2 1   F29_1 1     F32 1   F34_3 1   F37_2 1   F40_1 1     F43 1   F45_3 1
F26_3 1   F29_2 1   F32_1 1     F35 0   F37_3 1   F40_2 1   F43_1 1     F46 0
  F27 1   F29_3 0   F32_2 1   F35_1 1     F38 1   F40_3 1   F43_2 1   F46_1 1
F27_1 1     F30 1   F32_3 1   F35_2 1   F38_1 1     F41 1   F43_3 1   F46_2 1
F27_2 1   F30_1 1     F33 1   F35_3 1   F38_2 1   F41_1 1     F44 0   F46_3 0
F27_3 1   F30_2 1   F33_1 1     F36 1   F38_3 1   F41_2 1   F44_1 1
  F28 1   F30_3 1   F33_2 1   F36_1 1     F39 1   F41_3 1   F44_2 1
F28_1 1     F31 1   F33_3 1   F36_2 1   F39_1 1     F42 1   F44_3 1
F28_2 1   F31_1 1     F34 1   F36_3 1   F39_2 1   F42_1 1     F45 1
;

R [*] :=
  F26 0   F28_3 0   F31_2 0   F34_1 0     F37 0   F39_3 0   F42_2 0   F45_1 0
F26_1 0     F29 0   F31_3 0   F34_2 0   F37_1 0     F40 0   F42_3 0   F45_2 0
F26_2 0   F29_1 0     F32 0   F34_3 0   F37_2 0   F40_1 0     F43 0   F45_3 0
F26_3 0   F29_2 0   F32_1 0     F35 0   F37_3 0   F40_2 0   F43_1 0     F46 0
  F27 0   F29_3 0   F32_2 0   F35_1 0     F38 0   F40_3 0   F43_2 0   F46_1 0
F27_1 0     F30 0   F32_3 0   F35_2 0   F38_1 0     F41 0   F43_3 0   F46_2 0
F27_2 0   F30_1 0     F33 0   F35_3 0   F38_2 0   F41_1 0     F44 0   F46_3 0
F27_3 0   F30_2 0   F33_1 0     F36 0   F38_3 0   F41_2 0   F44_1 0
  F28 0   F30_3 0   F33_2 0   F36_1 0     F39 0   F41_3 0   F44_2 0
F28_1 0     F31 0   F33_3 0   F36_2 0   F39_1 0     F42 0   F44_3 0
F28_2 0   F31_1 0     F34 0   F36_3 0   F39_2 0   F42_1 0     F45 0
;

Y [*] :=
  F26 57.7298   F30_1 79.69     F34_2 79.69     F38_3 79.69       F43 79.69
F26_1 42.2093   F30_2  0        F34_3 79.69       F39 79.69     F43_1 79.69
F26_2  0        F30_3  0          F35 79.69     F39_1  0        F43_2 79.69
F26_3  0          F31  0        F35_1 79.69     F39_2  0        F43_3 79.69
  F27 79.69     F31_1  0        F35_2  0        F39_3  0          F44 79.69
F27_1  0        F31_2  0        F35_3 79.69       F40 79.69     F44_1  0
F27_2  0        F31_3 79.69       F36  0        F40_1 79.69     F44_2  0
F27_3  0          F32 79.69     F36_1 79.69     F40_2 79.69     F44_3  0
  F28  0        F32_1 79.69     F36_2 79.69     F40_3 79.69       F45  0
F28_1  0        F32_2  0        F36_3 79.69       F41  0        F45_1  0
F28_2 79.69     F32_3 79.69       F37  0        F41_1  0        F45_2  0
F28_3  0          F33  0        F37_1  0        F41_2 79.69     F45_3  0
  F29 79.69     F33_1  0        F37_2  0        F41_3 79.69       F46 79.69
F29_1 79.69     F33_2  0        F37_3 79.69       F42 79.69     F46_1 79.69
F29_2 79.69     F33_3 79.69       F38 79.69     F42_1  0        F46_2  0
F29_3 79.69       F34 79.69     F38_1  0        F42_2  0        F46_3 79.69
  F30  0        F34_1 79.69     F38_2  0        F42_3 79.69
;

