MIP Gap (%):  73.87680019767745
_solve_elapsed_time = 28843.2

TotalCost = 9930.17

x [*,*]
:      C1 C10 C11 C12 C13 C14 C15 C16 C17 C18 C19  C2 C20 C21 C22 C23 C24 C25 :=
C1      .   0   0   0   0   0   0   0   0   0   0   0   0   0   0   0   0   0
C10     0   .   0   0   0   0   0   0   0   0   0   0   0   0   0   1   0   0
C11     0   0   .   0   0   0   0   0   0   0   0   0   0   0   0   0   0   0
C12     0   0   0   .   0   0   0   0   0   0   0   0   0   0   0   0   0   0
C13     0   0   0   0   .   0   0   0   0   0   0   0   0   0   0   0   0   0
C14     0   0   0   0   0   .   0   0   0   0   0   0   0   0   0   0   0   0
C15     0   0   0   0   0   0   .   0   0   0   0   0   0   0   0   0   0   0
C16     0   0   0   0   0   0   0   .   0   0   0   0   0   0   0   0   0   0
C17     0   0   0   0   0   0   0   0   .   0   0   0   0   0   0   0   0   1
C18     0   0   0   0   0   0   0   0   0   .   0   0   0   0   0   0   0   0
C19     0   0   0   0   0   0   1   0   0   0   .   0   0   0   0   0   0   0
C2      0   1   0   0   0   0   0   0   0   0   0   .   0   0   0   0   0   0
C20     0   0   0   0   0   0   0   0   0   1   0   0   .   0   0   0   0   0
C21     0   0   0   0   0   0   0   0   0   0   1   0   0   .   0   0   0   0
C22     0   0   0   1   0   0   0   0   0   0   0   0   0   0   .   0   0   0
C23     0   0   0   0   1   0   0   0   0   0   0   0   0   0   0   .   0   0
C24     0   0   0   0   0   0   0   0   0   0   0   0   0   0   0   0   .   0
C25     0   0   0   0   0   0   0   0   0   0   0   0   0   0   0   0   0   .
C3      0   0   0   0   0   0   0   0   0   0   0   0   0   0   1   0   0   0
C4      0   0   0   0   0   0   0   0   0   0   0   0   0   0   0   0   1   0
C5      1   0   0   0   0   0   0   0   0   0   0   0   0   0   0   0   0   0
C6      0   0   0   0   0   0   0   0   0   0   0   0   0   0   0   0   0   0
C7      0   0   0   0   0   0   0   0   0   0   0   0   0   1   0   0   0   0
C8      0   0   0   0   0   0   0   0   0   0   0   0   1   0   0   0   0   0
C9      0   0   0   0   0   0   0   0   1   0   0   0   0   0   0   0   0   0
F26     0   0   0   0   0   0   0   0   0   0   0   0   0   0   0   0   0   0
F26_1   0   0   0   0   0   0   0   1   0   0   0   0   0   0   0   0   0   0
F26_2   0   0   0   0   0   0   0   0   0   0   0   0   0   0   0   0   0   0
F26_3   0   0   0   0   0   0   0   0   0   0   0   0   0   0   0   0   0   0
F27     0   0   0   0   0   0   0   0   0   0   0   0   0   0   0   0   0   0
F27_1   0   0   0   0   0   0   0   0   0   0   0   0   0   0   0   0   0   0
F27_2   0   0   1   0   0   0   0   0   0   0   0   0   0   0   0   0   0   0
F27_3   0   0   0   0   0   0   0   0   0   0   0   0   0   0   0   0   0   0
F28     0   0   0   0   0   0   0   0   0   0   0   0   0   0   0   0   0   0
F28_1   0   0   0   0   0   0   0   0   0   0   0   0   0   0   0   0   0   0
F28_2   0   0   0   0   0   0   0   0   0   0   0   0   0   0   0   0   0   0
F28_3   0   0   0   0   0   0   0   0   0   0   0   0   0   0   0   0   0   0
F29     0   0   0   0   0   0   0   0   0   0   0   0   0   0   0   0   0   0
F29_1   0   0   0   0   0   0   0   0   0   0   0   0   0   0   0   0   0   0
F29_2   0   0   0   0   0   0   0   0   0   0   0   0   0   0   0   0   0   0
F29_3   0   0   0   0   0   0   0   0   0   0   0   0   0   0   0   0   0   0
F30     0   0   0   0   0   0   0   0   0   0   0   0   0   0   0   0   0   0
F30_1   0   0   0   0   0   0   0   0   0   0   0   0   0   0   0   0   0   0
F30_2   0   0   0   0   0   0   0   0   0   0   0   0   0   0   0   0   0   0
F30_3   0   0   0   0   0   0   0   0   0   0   0   0   0   0   0   0   0   0
F31     0   0   0   0   0   0   0   0   0   0   0   0   0   0   0   0   0   0
F31_1   0   0   0   0   0   0   0   0   0   0   0   0   0   0   0   0   0   0
F31_2   0   0   0   0   0   0   0   0   0   0   0   0   0   0   0   0   0   0
F31_3   0   0   0   0   0   0   0   0   0   0   0   0   0   0   0   0   0   0
F32     0   0   0   0   0   0   0   0   0   0   0   0   0   0   0   0   0   0
F32_1   0   0   0   0   0   0   0   0   0   0   0   0   0   0   0   0   0   0
F32_2   0   0   0   0   0   0   0   0   0   0   0   0   0   0   0   0   0   0
F32_3   0   0   0   0   0   0   0   0   0   0   0   0   0   0   0   0   0   0
F33     0   0   0   0   0   0   0   0   0   0   0   0   0   0   0   0   0   0
F33_1   0   0   0   0   0   0   0   0   0   0   0   0   0   0   0   0   0   0
F33_2   0   0   0   0   0   0   0   0   0   0   0   0   0   0   0   0   0   0
F33_3   0   0   0   0   0   0   0   0   0   0   0   0   0   0   0   0   0   0
F34     0   0   0   0   0   0   0   0   0   0   0   0   0   0   0   0   0   0
F34_1   0   0   0   0   0   0   0   0   0   0   0   0   0   0   0   0   0   0
F34_2   0   0   0   0   0   0   0   0   0   0   0   0   0   0   0   0   0   0
F34_3   0   0   0   0   0   0   0   0   0   0   0   0   0   0   0   0   0   0
F35     0   0   0   0   0   0   0   0   0   0   0   0   0   0   0   0   0   0
F35_1   0   0   0   0   0   0   0   0   0   0   0   0   0   0   0   0   0   0
F35_2   0   0   0   0   0   0   0   0   0   0   0   0   0   0   0   0   0   0
F35_3   0   0   0   0   0   0   0   0   0   0   0   0   0   0   0   0   0   0
F36     0   0   0   0   0   0   0   0   0   0   0   0   0   0   0   0   0   0
F36_1   0   0   0   0   0   0   0   0   0   0   0   0   0   0   0   0   0   0
F36_2   0   0   0   0   0   0   0   0   0   0   0   0   0   0   0   0   0   0
F36_3   0   0   0   0   0   0   0   0   0   0   0   0   0   0   0   0   0   0
F37     0   0   0   0   0   0   0   0   0   0   0   0   0   0   0   0   0   0
F37_1   0   0   0   0   0   0   0   0   0   0   0   0   0   0   0   0   0   0
F37_2   0   0   0   0   0   0   0   0   0   0   0   0   0   0   0   0   0   0
F37_3   0   0   0   0   0   0   0   0   0   0   0   0   0   0   0   0   0   0
F38     0   0   0   0   0   0   0   0   0   0   0   0   0   0   0   0   0   0
F38_1   0   0   0   0   0   0   0   0   0   0   0   0   0   0   0   0   0   0
F38_2   0   0   0   0   0   0   0   0   0   0   0   0   0   0   0   0   0   0
F38_3   0   0   0   0   0   0   0   0   0   0   0   0   0   0   0   0   0   0
F39     0   0   0   0   0   0   0   0   0   0   0   0   0   0   0   0   0   0
F39_1   0   0   0   0   0   0   0   0   0   0   0   0   0   0   0   0   0   0
F39_2   0   0   0   0   0   0   0   0   0   0   0   0   0   0   0   0   0   0
F39_3   0   0   0   0   0   0   0   0   0   0   0   0   0   0   0   0   0   0
F40     0   0   0   0   0   0   0   0   0   0   0   0   0   0   0   0   0   0
F40_1   0   0   0   0   0   0   0   0   0   0   0   0   0   0   0   0   0   0
F40_2   0   0   0   0   0   0   0   0   0   0   0   0   0   0   0   0   0   0
F40_3   0   0   0   0   0   0   0   0   0   0   0   0   0   0   0   0   0   0
F41     0   0   0   0   0   0   0   0   0   0   0   0   0   0   0   0   0   0
F41_1   0   0   0   0   0   0   0   0   0   0   0   0   0   0   0   0   0   0
F41_2   0   0   0   0   0   0   0   0   0   0   0   0   0   0   0   0   0   0
F41_3   0   0   0   0   0   0   0   0   0   0   0   0   0   0   0   0   0   0
F42     0   0   0   0   0   0   0   0   0   0   0   0   0   0   0   0   0   0
F42_1   0   0   0   0   0   0   0   0   0   0   0   0   0   0   0   0   0   0
F42_2   0   0   0   0   0   0   0   0   0   0   0   0   0   0   0   0   0   0
F42_3   0   0   0   0   0   0   0   0   0   0   0   0   0   0   0   0   0   0
F43     0   0   0   0   0   0   0   0   0   0   0   0   0   0   0   0   0   0
F43_1   0   0   0   0   0   0   0   0   0   0   0   0   0   0   0   0   0   0
F43_2   0   0   0   0   0   0   0   0   0   0   0   0   0   0   0   0   0   0
F43_3   0   0   0   0   0   0   0   0   0   0   0   0   0   0   0   0   0   0
F44     0   0   0   0   0   0   0   0   0   0   0   0   0   0   0   0   0   0
F44_1   0   0   0   0   0   0   0   0   0   0   0   0   0   0   0   0   0   0
F44_2   0   0   0   0   0   0   0   0   0   0   0   0   0   0   0   0   0   0
F44_3   0   0   0   0   0   0   0   0   0   0   0   0   0   0   0   0   0   0
F45     0   0   0   0   0   0   0   0   0   0   0   0   0   0   0   0   0   0
F45_1   0   0   0   0   0   0   0   0   0   0   0   0   0   0   0   0   0   0
F45_2   0   0   0   0   0   0   0   0   0   0   0   0   0   0   0   0   0   0
F45_3   0   0   0   0   0   0   0   0   0   0   0   0   0   0   0   0   0   0
F46     0   0   0   0   0   0   0   0   0   0   0   0   0   0   0   0   0   0
F46_1   0   0   0   0   0   0   0   0   0   0   0   0   0   0   0   0   0   0
F46_2   0   0   0   0   0   0   0   0   0   0   0   0   0   0   0   0   0   0
F46_3   0   0   0   0   0   0   0   0   0   0   0   0   0   0   0   0   0   0
N0      0   0   0   0   0   1   0   0   0   0   0   1   0   0   0   0   0   0
Nσ      0   0   0   0   0   0   0   0   0   0   0   0   0   0   0   0   0   0

# $10 = F26_2
# $11 = F26_3
# $13 = F27_1
# $14 = F27_2
# $15 = F27_3
# $17 = F28_1
# $18 = F28_2
:      C3  C4  C5  C6  C7  C8  C9 F26 F26_1 $10 $11 F27 $13 $14 $15 F28 $17 $18 :=
C1      0   0   0   0   0   0   1   0    0    0   0   0   0   0   0   0   0   0
C10     0   0   0   0   0   0   0   0    0    0   0   0   0   0   0   0   0   0
C11     0   0   0   0   0   0   0   0    0    0   0   0   0   0   0   0   0   0
C12     0   0   0   0   0   0   0   0    0    0   0   0   0   0   0   0   0   0
C13     0   0   0   0   0   0   0   0    0    0   0   0   0   0   0   0   0   0
C14     0   0   0   0   0   0   0   0    0    0   0   0   0   1   0   0   0   0
C15     0   0   0   1   0   0   0   0    0    0   0   0   0   0   0   0   0   0
C16     0   0   0   0   0   0   0   0    0    0   0   0   0   0   0   0   0   0
C17     0   0   0   0   0   0   0   0    0    0   0   0   0   0   0   0   0   0
C18     0   1   0   0   0   0   0   0    0    0   0   0   0   0   0   0   0   0
C19     0   0   0   0   0   0   0   0    0    0   0   0   0   0   0   0   0   0
C2      0   0   0   0   0   0   0   0    0    0   0   0   0   0   0   0   0   0
C20     0   0   0   0   0   0   0   0    0    0   0   0   0   0   0   0   0   0
C21     0   0   0   0   0   0   0   0    0    0   0   0   0   0   0   0   0   0
C22     0   0   0   0   0   0   0   0    0    0   0   0   0   0   0   0   0   0
C23     0   0   0   0   0   0   0   0    0    0   0   0   0   0   0   0   0   0
C24     0   0   0   0   0   0   0   0    0    0   0   0   0   0   0   0   0   0
C25     0   0   0   0   0   0   0   0    0    0   0   0   0   0   0   0   0   0
C3      .   0   0   0   0   0   0   0    0    0   0   0   0   0   0   0   0   0
C4      0   .   0   0   0   0   0   0    0    0   0   0   0   0   0   0   0   0
C5      0   0   .   0   0   0   0   0    0    0   0   0   0   0   0   0   0   0
C6      0   0   0   .   0   0   0   0    0    0   0   0   0   0   0   0   0   0
C7      0   0   0   0   .   0   0   0    0    0   0   0   0   0   0   0   0   0
C8      0   0   0   0   0   .   0   0    0    0   0   0   0   0   0   0   0   0
C9      0   0   0   0   0   0   .   0    0    0   0   0   0   0   0   0   0   0
F26     0   0   0   0   0   0   0   .    0    0   0   0   0   0   0   0   0   0
F26_1   0   0   0   0   0   0   0   0    .    0   0   0   0   0   0   0   0   0
F26_2   0   0   0   0   0   1   0   0    0    .   0   0   0   0   0   0   0   0
F26_3   0   0   0   0   0   0   0   0    0    0   .   0   0   0   0   0   0   0
F27     0   0   0   0   0   0   0   0    0    0   0   .   0   0   0   0   0   0
F27_1   0   0   0   0   0   0   0   0    0    0   0   0   .   0   0   0   0   0
F27_2   0   0   0   0   0   0   0   0    0    0   0   0   0   .   0   0   0   0
F27_3   0   0   0   0   0   0   0   0    0    0   0   0   0   0   .   0   0   0
F28     0   0   0   0   0   0   0   0    0    0   0   0   0   0   0   .   0   0
F28_1   0   0   0   0   0   0   0   0    0    0   0   0   0   0   0   0   .   0
F28_2   0   0   0   0   0   0   0   0    0    0   0   0   0   0   0   0   0   .
F28_3   0   0   0   0   0   0   0   0    0    0   0   0   0   0   0   0   0   0
F29     0   0   0   0   0   0   0   0    0    0   0   0   0   0   0   0   0   0
F29_1   0   0   0   0   0   0   0   0    0    0   0   0   0   0   0   0   0   0
F29_2   0   0   0   0   0   0   0   0    0    0   0   0   0   0   0   0   0   0
F29_3   0   0   0   0   0   0   0   0    0    0   0   0   0   0   0   0   0   0
F30     0   0   0   0   0   0   0   0    0    0   0   0   0   0   0   0   0   0
F30_1   0   0   0   0   0   0   0   0    0    0   0   0   0   0   0   0   0   0
F30_2   0   0   0   0   0   0   0   0    0    0   0   0   0   0   0   0   0   0
F30_3   0   0   0   0   0   0   0   0    0    0   0   0   0   0   0   0   0   0
F31     0   0   0   0   0   0   0   0    0    0   0   0   0   0   0   0   0   0
F31_1   0   0   0   0   0   0   0   0    0    0   0   0   0   0   0   0   0   0
F31_2   0   0   0   0   0   0   0   0    0    0   0   0   0   0   0   0   0   0
F31_3   0   0   0   0   0   0   0   0    0    0   0   0   0   0   0   0   0   0
F32     0   0   0   0   0   0   0   0    0    0   0   0   0   0   0   0   0   0
F32_1   0   0   0   0   0   0   0   0    0    0   0   0   0   0   0   0   0   0
F32_2   0   0   0   0   0   0   0   0    0    0   0   0   0   0   0   0   0   0
F32_3   0   0   0   0   0   0   0   0    0    0   0   0   0   0   0   0   0   0
F33     0   0   0   0   0   0   0   0    0    0   0   0   0   0   0   0   0   0
F33_1   0   0   0   0   0   0   0   0    0    0   0   0   0   0   0   0   0   0
F33_2   0   0   0   0   0   0   0   0    0    0   0   0   0   0   0   0   0   0
F33_3   0   0   0   0   0   0   0   0    0    0   0   0   0   0   0   0   0   0
F34     0   0   0   0   0   0   0   0    0    0   0   0   0   0   0   0   0   0
F34_1   0   0   0   0   0   0   0   0    0    0   0   0   0   0   0   0   0   0
F34_2   0   0   0   0   0   0   0   0    0    0   0   0   0   0   0   0   0   0
F34_3   0   0   0   0   0   0   0   0    0    0   0   0   0   0   0   0   0   0
F35     0   0   0   0   0   0   0   0    0    0   0   0   0   0   0   0   0   0
F35_1   0   0   0   0   0   0   0   0    0    0   0   0   0   0   0   0   0   0
F35_2   0   0   0   0   0   0   0   0    0    0   0   0   0   0   0   0   0   0
F35_3   0   0   0   0   0   0   0   0    0    0   0   0   0   0   0   0   0   0
F36     0   0   0   0   0   0   0   0    0    0   0   0   0   0   0   0   0   0
F36_1   0   0   0   0   0   0   0   0    0    0   0   0   0   0   0   0   0   0
F36_2   0   0   0   0   0   0   0   0    0    0   0   0   0   0   0   0   0   0
F36_3   0   0   0   0   0   0   0   0    0    0   0   0   0   0   0   0   0   0
F37     0   0   1   0   0   0   0   0    0    0   0   0   0   0   0   0   0   0
F37_1   0   0   0   0   0   0   0   0    0    0   0   0   0   0   0   0   0   0
F37_2   0   0   0   0   0   0   0   0    0    0   0   0   0   0   0   0   0   0
F37_3   0   0   0   0   0   0   0   0    0    0   0   0   0   0   0   0   0   0
F38     0   0   0   0   0   0   0   0    0    0   0   0   0   0   0   0   0   0
F38_1   0   0   0   0   0   0   0   0    0    0   0   0   0   0   0   0   0   0
F38_2   0   0   0   0   0   0   0   0    0    0   0   0   0   0   0   0   0   0
F38_3   0   0   0   0   0   0   0   0    0    0   0   0   0   0   0   0   0   0
F39     0   0   0   0   0   0   0   0    0    0   0   0   0   0   0   0   0   0
F39_1   0   0   0   0   0   0   0   0    0    0   0   0   0   0   0   0   0   0
F39_2   0   0   0   0   0   0   0   0    0    0   0   0   0   0   0   0   0   0
F39_3   0   0   0   0   0   0   0   0    0    0   0   0   0   0   0   0   0   0
F40     0   0   0   0   0   0   0   0    0    0   0   0   0   0   0   0   0   0
F40_1   0   0   0   0   0   0   0   0    0    0   0   0   0   0   0   0   0   0
F40_2   0   0   0   0   0   0   0   0    0    0   0   0   0   0   0   0   0   0
F40_3   0   0   0   0   0   0   0   0    0    0   0   0   0   0   0   0   0   0
F41     0   0   0   0   0   0   0   0    0    0   0   0   0   0   0   0   0   0
F41_1   0   0   0   0   0   0   0   0    0    0   0   0   0   0   0   0   0   0
F41_2   0   0   0   0   0   0   0   0    0    0   0   0   0   0   0   0   0   0
F41_3   0   0   0   0   0   0   0   0    0    0   0   0   0   0   0   0   0   0
F42     0   0   0   0   0   0   0   0    0    0   0   0   0   0   0   0   0   0
F42_1   0   0   0   0   0   0   0   0    0    0   0   0   0   0   0   0   0   0
F42_2   0   0   0   0   0   0   0   0    0    0   0   0   0   0   0   0   0   0
F42_3   0   0   0   0   0   0   0   0    0    0   0   0   0   0   0   0   0   0
F43     0   0   0   0   0   0   0   0    0    0   0   0   0   0   0   0   0   0
F43_1   0   0   0   0   0   0   0   0    0    0   0   0   0   0   0   0   0   0
F43_2   0   0   0   0   0   0   0   0    0    0   0   0   0   0   0   0   0   0
F43_3   0   0   0   0   0   0   0   0    0    0   0   0   0   0   0   0   0   0
F44     0   0   0   0   0   0   0   0    0    0   0   0   0   0   0   0   0   0
F44_1   0   0   0   0   0   0   0   0    0    0   0   0   0   0   0   0   0   0
F44_2   0   0   0   0   0   0   0   0    0    0   0   0   0   0   0   0   0   0
F44_3   0   0   0   0   0   0   0   0    0    0   0   0   0   0   0   0   0   0
F45     0   0   0   0   0   0   0   0    0    0   0   0   0   0   0   0   0   0
F45_1   0   0   0   0   0   0   0   0    0    0   0   0   0   0   0   0   0   0
F45_2   0   0   0   0   0   0   0   0    0    0   0   0   0   0   0   0   0   0
F45_3   0   0   0   0   0   0   0   0    0    0   0   0   0   0   0   0   0   0
F46     0   0   0   0   0   0   0   0    0    0   0   0   0   0   0   0   0   0
F46_1   0   0   0   0   0   0   0   0    0    0   0   0   0   0   0   0   0   0
F46_2   0   0   0   0   0   0   0   0    0    0   0   0   0   0   0   0   0   0
F46_3   0   0   0   0   0   0   0   0    0    0   0   0   0   0   0   0   0   0
N0      1   0   0   0   1   0   0   0    1    1   0   0   0   0   0   0   0   0
Nσ      0   0   0   0   0   0   0   0    0    0   0   0   0   0   0   0   0   0

# $3 = F29_1
# $4 = F29_2
# $5 = F29_3
# $7 = F30_1
# $8 = F30_2
# $9 = F30_3
# $11 = F31_1
# $12 = F31_2
# $13 = F31_3
# $15 = F32_1
# $16 = F32_2
# $17 = F32_3
:     F28_3 F29  $3  $4  $5 F30  $7  $8  $9 F31 $11 $12 $13 F32 $15 $16 $17 F33 :=
C1       0    0   0   0   0   0   0   0   0   0   0   0   0   0   0   0   0   0
C10      0    0   0   0   0   0   0   0   0   0   0   0   0   0   0   0   0   0
C11      0    0   0   0   0   0   0   0   0   0   0   0   0   0   0   0   0   0
C12      0    0   1   0   0   0   0   0   0   0   0   0   0   0   0   0   0   0
C13      0    0   0   0   0   0   0   0   0   0   0   0   0   0   0   0   0   0
C14      0    0   0   0   0   0   0   0   0   0   0   0   0   0   0   0   0   0
C15      0    0   0   0   0   0   0   0   0   0   0   0   0   0   0   0   0   0
C16      0    0   0   0   0   0   0   0   0   0   0   0   0   0   0   0   0   0
C17      0    0   0   0   0   0   0   0   0   0   0   0   0   0   0   0   0   0
C18      0    0   0   0   0   0   0   0   0   0   0   0   0   0   0   0   0   0
C19      0    0   0   0   0   0   0   0   0   0   0   0   0   0   0   0   0   0
C2       0    0   0   0   0   0   0   0   0   0   0   0   0   0   0   0   0   0
C20      0    0   0   0   0   0   0   0   0   0   0   0   0   0   0   0   0   0
C21      0    0   0   0   0   0   0   0   0   0   0   0   0   0   0   0   0   0
C22      0    0   0   0   0   0   0   0   0   0   0   0   0   0   0   0   0   0
C23      0    0   0   0   0   0   0   0   0   0   0   0   0   0   0   0   0   0
C24      0    0   0   0   0   0   0   0   0   0   0   0   0   0   0   0   0   0
C25      0    0   0   0   0   0   0   0   0   0   0   0   0   0   0   0   0   0
C3       0    0   0   0   0   0   0   0   0   0   0   0   0   0   0   0   0   0
C4       0    0   0   0   0   0   0   0   0   0   0   0   0   0   0   0   0   0
C5       0    0   0   0   0   0   0   0   0   0   0   0   0   0   0   0   0   0
C6       0    0   0   0   0   0   0   0   0   0   0   0   0   0   0   0   0   0
C7       0    0   0   0   0   0   0   0   0   0   0   0   0   0   0   0   0   0
C8       0    0   0   0   0   0   0   0   0   0   0   0   0   0   0   0   0   0
C9       0    0   0   0   0   0   0   0   0   0   0   0   0   0   0   0   0   0
F26      0    0   0   0   0   0   0   0   0   0   0   0   0   0   0   0   0   0
F26_1    0    0   0   0   0   0   0   0   0   0   0   0   0   0   0   0   0   0
F26_2    0    0   0   0   0   0   0   0   0   0   0   0   0   0   0   0   0   0
F26_3    0    0   0   0   0   0   0   0   0   0   0   0   0   0   0   0   0   0
F27      0    0   0   0   0   0   0   0   0   0   0   0   0   0   0   0   0   0
F27_1    0    0   0   0   0   0   0   0   0   0   0   0   0   0   0   0   0   0
F27_2    0    0   0   0   0   0   0   0   0   0   0   0   0   0   0   0   0   0
F27_3    0    0   0   0   0   0   0   0   0   0   0   0   0   0   0   0   0   0
F28      0    0   0   0   0   0   0   0   0   0   0   0   0   0   0   0   0   0
F28_1    0    0   0   0   0   0   0   0   0   0   0   0   0   0   0   0   0   0
F28_2    0    0   0   0   0   0   0   0   0   0   0   0   0   0   0   0   0   0
F28_3    .    0   0   0   0   0   0   0   0   0   0   0   0   0   0   0   0   0
F29      0    .   0   0   1   0   0   0   0   0   0   0   0   0   0   0   0   0
F29_1    0    1   .   0   0   0   0   0   0   0   0   0   0   0   0   0   0   0
F29_2    0    0   0   .   0   0   0   0   0   0   0   0   0   0   0   0   0   0
F29_3    0    0   0   0   .   0   0   0   0   0   0   0   0   0   0   0   0   0
F30      0    0   0   0   0   .   0   0   0   0   0   0   0   0   0   0   0   0
F30_1    0    0   0   0   0   0   .   0   0   0   0   0   0   0   0   0   0   0
F30_2    0    0   0   0   0   0   0   .   0   0   0   0   0   0   0   0   0   0
F30_3    0    0   0   0   0   0   0   0   .   0   0   0   0   0   0   0   0   0
F31      0    0   0   0   0   0   0   0   0   .   0   0   0   0   0   0   0   0
F31_1    0    0   0   0   0   0   0   0   0   0   .   0   0   0   0   0   0   0
F31_2    0    0   0   0   0   0   0   0   0   0   0   .   0   0   0   0   0   0
F31_3    0    0   0   0   0   0   0   0   0   0   0   0   .   0   0   0   0   0
F32      0    0   0   0   0   0   0   0   0   0   0   0   0   .   0   0   0   0
F32_1    0    0   0   0   0   0   0   0   0   0   0   0   0   0   .   0   0   0
F32_2    0    0   0   0   0   0   0   0   0   0   0   0   0   0   0   .   0   0
F32_3    0    0   0   0   0   0   0   0   0   0   0   0   0   0   0   0   .   0
F33      0    0   0   0   0   0   0   0   0   0   0   0   0   0   0   0   0   .
F33_1    0    0   0   0   0   0   0   0   0   0   0   0   0   0   0   0   0   0
F33_2    0    0   0   0   0   0   0   0   0   0   0   0   0   0   0   0   0   0
F33_3    0    0   0   0   0   0   0   0   0   0   0   0   0   0   0   0   0   0
F34      0    0   0   0   0   0   0   0   0   0   0   0   0   0   0   0   0   0
F34_1    0    0   0   0   0   0   0   0   0   0   0   0   0   0   0   0   0   0
F34_2    0    0   0   0   0   0   0   0   0   0   0   0   0   0   0   0   0   0
F34_3    0    0   0   0   0   0   0   0   0   0   0   0   0   0   0   0   0   0
F35      0    0   0   0   0   0   0   0   0   0   0   0   0   0   0   0   0   0
F35_1    0    0   0   0   0   0   0   0   0   0   0   0   0   0   0   0   0   0
F35_2    0    0   0   0   0   0   0   0   0   0   0   0   0   0   0   0   0   0
F35_3    0    0   0   0   0   0   0   0   0   0   0   0   0   0   0   0   0   0
F36      0    0   0   0   0   0   0   0   0   0   0   0   0   0   0   0   0   0
F36_1    0    0   0   0   0   0   0   0   0   0   0   0   0   0   0   0   0   0
F36_2    0    0   0   0   0   0   0   0   0   0   0   0   0   0   0   0   0   0
F36_3    0    0   0   0   0   0   0   0   0   0   0   0   0   0   0   0   0   0
F37      0    0   0   0   0   0   0   0   0   0   0   0   0   0   0   0   0   0
F37_1    0    0   0   0   0   0   0   0   0   0   0   0   0   0   0   0   0   0
F37_2    0    0   0   0   0   0   0   0   0   0   0   0   0   0   0   0   0   0
F37_3    0    0   0   0   0   0   0   0   0   0   0   0   0   0   0   0   0   0
F38      0    0   0   0   0   0   0   0   0   0   0   0   0   0   0   0   0   0
F38_1    0    0   0   0   0   0   0   0   0   0   0   0   0   0   0   0   0   0
F38_2    0    0   0   0   0   0   0   0   0   0   0   0   0   0   0   0   0   0
F38_3    0    0   0   0   0   0   0   0   0   0   0   0   0   0   0   0   0   0
F39      0    0   0   0   0   0   0   0   0   0   0   0   0   0   0   0   0   0
F39_1    0    0   0   0   0   0   0   0   0   0   0   0   0   0   0   0   0   0
F39_2    0    0   0   0   0   0   0   0   0   0   0   0   0   0   0   0   0   0
F39_3    0    0   0   0   0   0   0   0   0   0   0   0   0   0   0   0   0   0
F40      0    0   0   0   0   0   0   0   0   0   0   0   0   0   0   0   0   0
F40_1    0    0   0   0   0   0   0   0   0   0   0   0   0   0   0   0   0   0
F40_2    0    0   0   0   0   0   0   0   0   0   0   0   0   0   0   0   0   0
F40_3    0    0   0   0   0   0   0   0   0   0   0   0   0   0   0   0   0   0
F41      0    0   0   0   0   0   0   0   0   0   0   0   0   0   0   0   0   0
F41_1    0    0   0   0   0   0   0   0   0   0   0   0   0   0   0   0   0   0
F41_2    0    0   0   0   0   0   0   0   0   0   0   0   0   0   0   0   0   0
F41_3    0    0   0   0   0   0   0   0   0   0   0   0   0   0   0   0   0   0
F42      0    0   0   0   0   0   0   0   0   0   0   0   0   0   0   0   0   0
F42_1    0    0   0   0   0   0   0   0   0   0   0   0   0   0   0   0   0   0
F42_2    0    0   0   0   0   0   0   0   0   0   0   0   0   0   0   0   0   0
F42_3    0    0   0   0   0   0   0   0   0   0   0   0   0   0   0   0   0   0
F43      0    0   0   0   0   0   0   0   0   0   0   0   0   0   0   0   0   0
F43_1    0    0   0   0   0   0   0   0   0   0   0   0   0   0   0   0   0   0
F43_2    0    0   0   0   0   0   0   0   0   0   0   0   0   0   0   0   0   0
F43_3    0    0   0   0   0   0   0   0   0   0   0   0   0   0   0   0   0   0
F44      0    0   0   0   0   0   0   0   0   0   0   0   0   0   0   0   0   0
F44_1    0    0   0   0   0   0   0   0   0   0   0   0   0   0   0   0   0   0
F44_2    0    0   0   0   0   0   0   0   0   0   0   0   0   0   0   0   0   0
F44_3    0    0   0   0   0   0   0   0   0   0   0   0   0   0   0   0   0   0
F45      0    0   0   0   0   0   0   0   0   0   0   0   0   0   0   0   0   0
F45_1    0    0   0   0   0   0   0   0   0   0   0   0   0   0   0   0   0   0
F45_2    0    0   0   0   0   0   0   0   0   0   0   0   0   0   0   0   0   0
F45_3    0    0   0   0   0   0   0   0   0   0   0   0   0   0   0   0   0   0
F46      0    0   0   0   0   0   0   0   0   0   0   0   0   0   0   0   0   0
F46_1    0    0   0   0   0   0   0   0   0   0   0   0   0   0   0   0   0   0
F46_2    0    0   0   0   0   0   0   0   0   0   0   0   0   0   0   0   0   0
F46_3    0    0   0   0   0   0   0   0   0   0   0   0   0   0   0   0   0   0
N0       0    0   0   0   0   0   0   0   0   0   0   0   0   0   0   0   0   0
Nσ       0    0   0   0   0   0   0   0   0   0   0   0   0   0   0   0   0   0

# $2 = F33_2
# $3 = F33_3
# $5 = F34_1
# $6 = F34_2
# $7 = F34_3
# $9 = F35_1
# $10 = F35_2
# $11 = F35_3
# $13 = F36_1
# $14 = F36_2
# $15 = F36_3
# $17 = F37_1
# $18 = F37_2
:     F33_1  $2  $3 F34  $5  $6  $7 F35  $9 $10 $11 F36 $13 $14 $15 F37 $17 $18 :=
C1       0    0   0   0   0   0   0   0   0   0   0   0   0   0   0   0   0   0
C10      0    0   0   0   0   0   0   0   0   0   0   0   0   0   0   0   0   0
C11      0    0   0   0   0   0   0   0   0   0   0   0   0   0   0   0   0   0
C12      0    0   0   0   0   0   0   0   0   0   0   0   0   0   0   0   0   0
C13      0    0   0   0   0   0   0   0   0   0   0   0   0   0   0   0   0   0
C14      0    0   0   0   0   0   0   0   0   0   0   0   0   0   0   0   0   0
C15      0    0   0   0   0   0   0   0   0   0   0   0   0   0   0   0   0   0
C16      0    0   0   0   0   0   0   0   0   0   0   0   0   0   0   0   0   0
C17      0    0   0   0   0   0   0   0   0   0   0   0   0   0   0   0   0   0
C18      0    0   0   0   0   0   0   0   0   0   0   0   0   0   0   0   0   0
C19      0    0   0   0   0   0   0   0   0   0   0   0   0   0   0   0   0   0
C2       0    0   0   0   0   0   0   0   0   0   0   0   0   0   0   0   0   0
C20      0    0   0   0   0   0   0   0   0   0   0   0   0   0   0   0   0   0
C21      0    0   0   0   0   0   0   0   0   0   0   0   0   0   0   0   0   0
C22      0    0   0   0   0   0   0   0   0   0   0   0   0   0   0   0   0   0
C23      0    0   0   0   0   0   0   0   0   0   0   0   0   0   0   0   0   0
C24      0    0   0   0   0   0   0   0   0   0   0   0   0   0   0   0   0   0
C25      0    0   0   0   0   0   0   0   0   0   0   0   0   0   0   0   0   0
C3       0    0   0   0   0   0   0   0   0   0   0   0   0   0   0   0   0   0
C4       0    0   0   0   0   0   0   0   0   0   0   0   0   0   0   0   0   0
C5       0    0   0   0   0   0   0   0   0   0   0   0   0   0   0   0   0   0
C6       0    0   0   0   0   0   0   0   0   0   0   0   0   0   0   0   0   0
C7       0    0   0   0   0   0   0   0   0   0   0   0   0   0   0   0   0   0
C8       0    0   0   0   0   0   0   0   0   0   0   0   0   0   0   0   0   0
C9       0    0   0   0   0   0   0   0   0   0   0   0   0   0   0   0   0   0
F26      0    0   0   0   0   0   0   0   0   0   0   0   0   0   0   0   0   0
F26_1    0    0   0   0   0   0   0   0   0   0   0   0   0   0   0   0   0   0
F26_2    0    0   0   0   0   0   0   0   0   0   0   0   0   0   0   0   0   0
F26_3    0    0   0   0   0   0   0   0   0   0   0   0   0   0   0   0   0   0
F27      0    0   0   0   0   0   0   0   0   0   0   0   0   0   0   0   0   0
F27_1    0    0   0   0   0   0   0   0   0   0   0   0   0   0   0   0   0   0
F27_2    0    0   0   0   0   0   0   0   0   0   0   0   0   0   0   0   0   0
F27_3    0    0   0   0   0   0   0   0   0   0   0   0   0   0   0   0   0   0
F28      0    0   0   0   0   0   0   0   0   0   0   0   0   0   0   0   0   0
F28_1    0    0   0   0   0   0   0   0   0   0   0   0   0   0   0   0   0   0
F28_2    0    0   0   0   0   0   0   0   0   0   0   0   0   0   0   0   0   0
F28_3    0    0   0   0   0   0   0   0   0   0   0   0   0   0   0   0   0   0
F29      0    0   0   0   0   0   0   0   0   0   0   0   0   0   0   0   0   0
F29_1    0    0   0   0   0   0   0   0   0   0   0   0   0   0   0   0   0   0
F29_2    0    0   0   0   0   0   0   0   0   0   0   0   0   0   0   0   0   0
F29_3    0    0   0   0   0   0   0   0   0   0   0   0   0   0   0   0   0   0
F30      0    0   0   0   0   0   0   0   0   0   0   0   0   0   0   0   0   0
F30_1    0    0   0   0   0   0   0   0   0   0   0   0   0   0   0   0   0   0
F30_2    0    0   0   0   0   0   0   0   0   0   0   0   0   0   0   0   0   0
F30_3    0    0   0   0   0   0   0   0   0   0   0   0   0   0   0   0   0   0
F31      0    0   0   0   0   0   0   0   0   0   0   0   0   0   0   0   0   0
F31_1    0    0   0   0   0   0   0   0   0   0   0   0   0   0   0   0   0   0
F31_2    0    0   0   0   0   0   0   0   0   0   0   0   0   0   0   0   0   0
F31_3    0    0   0   0   0   0   0   0   0   0   0   0   0   0   0   0   0   0
F32      0    0   0   0   0   0   0   0   0   0   0   0   0   0   0   0   0   0
F32_1    0    0   0   0   0   0   0   0   0   0   0   0   0   0   0   0   0   0
F32_2    0    0   0   0   0   0   0   0   0   0   0   0   0   0   0   0   0   0
F32_3    0    0   0   0   0   0   0   0   0   0   0   0   0   0   0   0   0   0
F33      0    0   0   0   0   0   0   0   0   0   0   0   0   0   0   0   0   0
F33_1    .    0   0   0   0   0   0   0   0   0   0   0   0   0   0   0   0   0
F33_2    0    .   0   0   0   0   0   0   0   0   0   0   0   0   0   0   0   0
F33_3    0    0   .   0   0   0   0   0   0   0   0   0   0   0   0   0   0   0
F34      0    0   0   .   0   0   0   0   0   0   0   0   0   0   0   0   0   0
F34_1    0    0   0   0   .   0   0   0   0   0   0   0   0   0   0   0   0   0
F34_2    0    0   0   0   0   .   0   0   0   0   0   0   0   0   0   0   0   0
F34_3    0    0   0   0   0   0   .   0   0   0   0   0   0   0   0   0   0   0
F35      0    0   0   0   0   0   0   .   0   0   0   0   0   0   0   0   0   0
F35_1    0    0   0   0   0   0   0   0   .   0   0   0   0   0   0   0   0   0
F35_2    0    0   0   0   0   0   0   0   0   .   0   0   0   0   0   0   0   0
F35_3    0    0   0   0   0   0   0   0   0   0   .   0   0   0   0   0   0   0
F36      0    0   0   0   0   0   0   0   0   0   0   .   0   0   0   0   0   0
F36_1    0    0   0   0   0   0   0   0   0   0   0   0   .   0   0   0   0   0
F36_2    0    0   0   0   0   0   0   0   0   0   0   0   0   .   0   0   0   0
F36_3    0    0   0   0   0   0   0   0   0   0   0   0   0   0   .   0   0   0
F37      0    0   0   0   0   0   0   0   0   0   0   0   0   0   0   .   0   0
F37_1    0    0   0   0   0   0   0   0   0   0   0   0   0   0   0   0   .   0
F37_2    0    0   0   0   0   0   0   0   0   0   0   0   0   0   0   1   0   .
F37_3    0    0   0   0   0   0   0   0   0   0   0   0   0   0   0   0   0   1
F38      0    0   0   0   0   0   0   0   0   0   0   0   0   0   0   0   0   0
F38_1    0    0   0   0   0   0   0   0   0   0   0   0   0   0   0   0   0   0
F38_2    0    0   0   0   0   0   0   0   0   0   0   0   0   0   0   0   0   0
F38_3    0    0   0   0   0   0   0   0   0   0   0   0   0   0   0   0   0   0
F39      0    0   0   0   0   0   0   0   0   0   0   0   0   0   0   0   0   0
F39_1    0    0   0   0   0   0   0   0   0   0   0   0   0   0   0   0   0   0
F39_2    0    0   0   0   0   0   0   0   0   0   0   0   0   0   0   0   0   0
F39_3    0    0   0   0   0   0   0   0   0   0   0   0   0   0   0   0   0   0
F40      0    0   0   0   0   0   0   0   0   0   0   0   0   0   0   0   0   0
F40_1    0    0   0   0   0   0   0   0   0   0   0   0   0   0   0   0   0   0
F40_2    0    0   0   0   0   0   0   0   0   0   0   0   0   0   0   0   0   0
F40_3    0    0   0   0   0   0   0   0   0   0   0   0   0   0   0   0   0   0
F41      0    0   0   0   0   0   0   0   0   0   0   0   0   0   0   0   0   0
F41_1    0    0   0   0   0   0   0   0   0   0   0   0   0   0   0   0   0   0
F41_2    0    0   0   0   0   0   0   0   0   0   0   0   0   0   0   0   0   0
F41_3    0    0   0   0   0   0   0   0   0   0   0   0   0   0   0   0   0   0
F42      0    0   0   0   0   0   0   0   0   0   0   0   0   0   0   0   0   0
F42_1    0    0   0   0   0   0   0   0   0   0   0   0   0   0   0   0   0   0
F42_2    0    0   0   0   0   0   0   0   0   0   0   0   0   0   0   0   0   0
F42_3    0    0   0   0   0   0   0   0   0   0   0   0   0   0   0   0   0   0
F43      0    0   0   0   0   0   0   0   0   0   0   0   0   0   0   0   0   0
F43_1    0    0   0   0   0   0   0   0   0   0   0   0   0   0   0   0   0   0
F43_2    0    0   0   0   0   0   0   0   0   0   0   0   0   0   0   0   0   0
F43_3    0    0   0   0   0   0   0   0   0   0   0   0   0   0   0   0   0   0
F44      0    0   0   0   0   0   0   0   0   0   0   0   0   0   0   0   0   0
F44_1    0    0   0   0   0   0   0   0   0   0   0   0   0   0   0   0   0   0
F44_2    0    0   0   0   0   0   0   0   0   0   0   0   0   0   0   0   0   0
F44_3    0    0   0   0   0   0   0   0   0   0   0   0   0   0   0   0   0   0
F45      0    0   0   0   0   0   0   0   0   0   0   0   0   0   0   0   0   0
F45_1    0    0   0   0   0   0   0   0   0   0   0   0   0   0   0   0   0   0
F45_2    0    0   0   0   0   0   0   0   0   0   0   0   0   0   0   0   0   0
F45_3    0    0   0   0   0   0   0   0   0   0   0   0   0   0   0   0   0   0
F46      0    0   0   0   0   0   0   0   0   0   0   0   0   0   0   0   0   0
F46_1    0    0   0   0   0   0   0   0   0   0   0   0   0   0   0   0   0   0
F46_2    0    0   0   0   0   0   0   0   0   0   0   0   0   0   0   0   0   0
F46_3    0    0   0   0   0   0   0   0   0   0   0   0   0   0   0   0   0   0
N0       0    0   0   0   0   0   0   0   0   0   0   0   0   0   0   0   1   0
Nσ       0    0   0   0   0   0   0   0   0   0   0   0   0   0   0   0   0   0

# $3 = F38_1
# $4 = F38_2
# $5 = F38_3
# $7 = F39_1
# $8 = F39_2
# $9 = F39_3
# $11 = F40_1
# $12 = F40_2
# $13 = F40_3
# $15 = F41_1
# $16 = F41_2
# $17 = F41_3
:     F37_3 F38  $3  $4  $5 F39  $7  $8  $9 F40 $11 $12 $13 F41 $15 $16 $17 F42 :=
C1       0    0   0   0   0   0   0   0   0   0   0   0   0   0   0   0   0   0
C10      0    0   0   0   0   0   0   0   0   0   0   0   0   0   0   0   0   0
C11      0    0   0   0   0   0   0   0   0   0   0   0   0   0   0   0   0   0
C12      0    0   0   0   0   0   0   0   0   0   0   0   0   0   0   0   0   0
C13      0    0   0   0   0   0   0   0   0   0   0   0   0   0   0   0   0   0
C14      0    0   0   0   0   0   0   0   0   0   0   0   0   0   0   0   0   0
C15      0    0   0   0   0   0   0   0   0   0   0   0   0   0   0   0   0   0
C16      0    0   0   0   0   0   0   0   0   0   0   0   0   0   0   0   0   0
C17      0    0   0   0   0   0   0   0   0   0   0   0   0   0   0   0   0   0
C18      0    0   0   0   0   0   0   0   0   0   0   0   0   0   0   0   0   0
C19      0    0   0   0   0   0   0   0   0   0   0   0   0   0   0   0   0   0
C2       0    0   0   0   0   0   0   0   0   0   0   0   0   0   0   0   0   0
C20      0    0   0   0   0   0   0   0   0   0   0   0   0   0   0   0   0   0
C21      0    0   0   0   0   0   0   0   0   0   0   0   0   0   0   0   0   0
C22      0    0   0   0   0   0   0   0   0   0   0   0   0   0   0   0   0   0
C23      0    0   0   0   0   0   0   0   0   0   0   0   0   0   0   0   0   0
C24      0    0   0   0   0   0   0   0   0   0   0   0   0   0   0   0   0   0
C25      0    0   0   0   0   0   0   0   0   0   0   0   0   0   0   0   0   0
C3       0    0   0   0   0   0   0   0   0   0   0   0   0   0   0   0   0   0
C4       0    0   0   0   0   0   0   0   0   0   0   0   0   0   0   0   0   0
C5       0    0   0   0   0   0   0   0   0   0   0   0   0   0   0   0   0   0
C6       0    0   0   0   0   0   0   0   0   0   0   0   0   0   0   0   0   0
C7       0    0   0   0   0   0   0   0   0   0   0   0   0   0   0   0   0   0
C8       0    0   0   0   0   0   0   0   0   0   0   0   0   0   0   0   0   0
C9       0    0   0   0   0   0   0   0   0   0   0   0   0   0   0   0   0   0
F26      0    0   0   0   0   0   0   0   0   0   0   0   0   0   0   0   0   0
F26_1    0    0   0   0   0   0   0   0   0   0   0   0   0   0   0   0   0   0
F26_2    0    0   0   0   0   0   0   0   0   0   0   0   0   0   0   0   0   0
F26_3    0    0   0   0   0   0   0   0   0   0   0   0   0   0   0   0   0   0
F27      0    0   0   0   0   0   0   0   0   0   0   0   0   0   0   0   0   0
F27_1    0    0   0   0   0   0   0   0   0   0   0   0   0   0   0   0   0   0
F27_2    0    0   0   0   0   0   0   0   0   0   0   0   0   0   0   0   0   0
F27_3    0    0   0   0   0   0   0   0   0   0   0   0   0   0   0   0   0   0
F28      0    0   0   0   0   0   0   0   0   0   0   0   0   0   0   0   0   0
F28_1    0    0   0   0   0   0   0   0   0   0   0   0   0   0   0   0   0   0
F28_2    0    0   0   0   0   0   0   0   0   0   0   0   0   0   0   0   0   0
F28_3    0    0   0   0   0   0   0   0   0   0   0   0   0   0   0   0   0   0
F29      0    0   0   0   0   0   0   0   0   0   0   0   0   0   0   0   0   0
F29_1    0    0   0   0   0   0   0   0   0   0   0   0   0   0   0   0   0   0
F29_2    0    0   0   0   0   0   0   0   0   0   0   0   0   0   0   0   0   0
F29_3    0    0   0   0   0   0   0   0   0   0   0   0   0   0   0   0   0   0
F30      0    0   0   0   0   0   0   0   0   0   0   0   0   0   0   0   0   0
F30_1    0    0   0   0   0   0   0   0   0   0   0   0   0   0   0   0   0   0
F30_2    0    0   0   0   0   0   0   0   0   0   0   0   0   0   0   0   0   0
F30_3    0    0   0   0   0   0   0   0   0   0   0   0   0   0   0   0   0   0
F31      0    0   0   0   0   0   0   0   0   0   0   0   0   0   0   0   0   0
F31_1    0    0   0   0   0   0   0   0   0   0   0   0   0   0   0   0   0   0
F31_2    0    0   0   0   0   0   0   0   0   0   0   0   0   0   0   0   0   0
F31_3    0    0   0   0   0   0   0   0   0   0   0   0   0   0   0   0   0   0
F32      0    0   0   0   0   0   0   0   0   0   0   0   0   0   0   0   0   0
F32_1    0    0   0   0   0   0   0   0   0   0   0   0   0   0   0   0   0   0
F32_2    0    0   0   0   0   0   0   0   0   0   0   0   0   0   0   0   0   0
F32_3    0    0   0   0   0   0   0   0   0   0   0   0   0   0   0   0   0   0
F33      0    0   0   0   0   0   0   0   0   0   0   0   0   0   0   0   0   0
F33_1    0    0   0   0   0   0   0   0   0   0   0   0   0   0   0   0   0   0
F33_2    0    0   0   0   0   0   0   0   0   0   0   0   0   0   0   0   0   0
F33_3    0    0   0   0   0   0   0   0   0   0   0   0   0   0   0   0   0   0
F34      0    0   0   0   0   0   0   0   0   0   0   0   0   0   0   0   0   0
F34_1    0    0   0   0   0   0   0   0   0   0   0   0   0   0   0   0   0   0
F34_2    0    0   0   0   0   0   0   0   0   0   0   0   0   0   0   0   0   0
F34_3    0    0   0   0   0   0   0   0   0   0   0   0   0   0   0   0   0   0
F35      0    0   0   0   0   0   0   0   0   0   0   0   0   0   0   0   0   0
F35_1    0    0   0   0   0   0   0   0   0   0   0   0   0   0   0   0   0   0
F35_2    0    0   0   0   0   0   0   0   0   0   0   0   0   0   0   0   0   0
F35_3    0    0   0   0   0   0   0   0   0   0   0   0   0   0   0   0   0   0
F36      0    0   0   0   0   0   0   0   0   0   0   0   0   0   0   0   0   0
F36_1    0    0   0   0   0   0   0   0   0   0   0   0   0   0   0   0   0   0
F36_2    0    0   0   0   0   0   0   0   0   0   0   0   0   0   0   0   0   0
F36_3    0    0   0   0   0   0   0   0   0   0   0   0   0   0   0   0   0   0
F37      0    0   0   0   0   0   0   0   0   0   0   0   0   0   0   0   0   0
F37_1    1    0   0   0   0   0   0   0   0   0   0   0   0   0   0   0   0   0
F37_2    0    0   0   0   0   0   0   0   0   0   0   0   0   0   0   0   0   0
F37_3    .    0   0   0   0   0   0   0   0   0   0   0   0   0   0   0   0   0
F38      0    .   0   0   0   0   0   0   0   0   0   0   0   0   0   0   0   0
F38_1    0    0   .   0   0   0   0   0   0   0   0   0   0   0   0   0   0   0
F38_2    0    0   0   .   0   0   0   0   0   0   0   0   0   0   0   0   0   0
F38_3    0    0   0   0   .   0   0   0   0   0   0   0   0   0   0   0   0   0
F39      0    0   0   0   0   .   0   0   0   0   0   0   0   0   0   0   0   0
F39_1    0    0   0   0   0   0   .   0   0   0   0   0   0   0   0   0   0   0
F39_2    0    0   0   0   0   0   0   .   0   0   0   0   0   0   0   0   0   0
F39_3    0    0   0   0   0   0   0   0   .   0   0   0   0   0   0   0   0   0
F40      0    0   0   0   0   0   0   0   0   .   0   0   0   0   0   0   0   0
F40_1    0    0   0   0   0   0   0   0   0   0   .   0   0   0   0   0   0   0
F40_2    0    0   0   0   0   0   0   0   0   0   0   .   0   0   0   0   0   0
F40_3    0    0   0   0   0   0   0   0   0   0   0   0   .   0   0   0   0   0
F41      0    0   0   0   0   0   0   0   0   0   0   0   0   .   0   0   0   0
F41_1    0    0   0   0   0   0   0   0   0   0   0   0   0   0   .   0   0   0
F41_2    0    0   0   0   0   0   0   0   0   0   0   0   0   0   0   .   0   0
F41_3    0    0   0   0   0   0   0   0   0   0   0   0   0   0   0   0   .   0
F42      0    0   0   0   0   0   0   0   0   0   0   0   0   0   0   0   0   .
F42_1    0    0   0   0   0   0   0   0   0   0   0   0   0   0   0   0   0   0
F42_2    0    0   0   0   0   0   0   0   0   0   0   0   0   0   0   0   0   0
F42_3    0    0   0   0   0   0   0   0   0   0   0   0   0   0   0   0   0   0
F43      0    0   0   0   0   0   0   0   0   0   0   0   0   0   0   0   0   0
F43_1    0    0   0   0   0   0   0   0   0   0   0   0   0   0   0   0   0   0
F43_2    0    0   0   0   0   0   0   0   0   0   0   0   0   0   0   0   0   0
F43_3    0    0   0   0   0   0   0   0   0   0   0   0   0   0   0   0   0   0
F44      0    0   0   0   0   0   0   0   0   0   0   0   0   0   0   0   0   0
F44_1    0    0   0   0   0   0   0   0   0   0   0   0   0   0   0   0   0   0
F44_2    0    0   0   0   0   0   0   0   0   0   0   0   0   0   0   0   0   0
F44_3    0    0   0   0   0   0   0   0   0   0   0   0   0   0   0   0   0   0
F45      0    0   0   0   0   0   0   0   0   0   0   0   0   0   0   0   0   0
F45_1    0    0   0   0   0   0   0   0   0   0   0   0   0   0   0   0   0   0
F45_2    0    0   0   0   0   0   0   0   0   0   0   0   0   0   0   0   0   0
F45_3    0    0   0   0   0   0   0   0   0   0   0   0   0   0   0   0   0   0
F46      0    0   0   0   0   0   0   0   0   0   0   0   0   0   0   0   0   0
F46_1    0    0   0   0   0   0   0   0   0   0   0   0   0   0   0   0   0   0
F46_2    0    0   0   0   0   0   0   0   0   0   0   0   0   0   0   0   0   0
F46_3    0    0   0   0   0   0   0   0   0   0   0   0   0   0   0   0   0   0
N0       0    0   0   0   0   0   0   0   0   0   0   0   0   0   0   0   0   0
Nσ       0    0   0   0   0   0   0   0   0   0   0   0   0   0   0   0   0   0

# $2 = F42_2
# $3 = F42_3
# $5 = F43_1
# $6 = F43_2
# $7 = F43_3
# $9 = F44_1
# $10 = F44_2
# $11 = F44_3
# $13 = F45_1
# $14 = F45_2
# $15 = F45_3
# $17 = F46_1
# $18 = F46_2
:     F42_1  $2  $3 F43  $5  $6  $7 F44  $9 $10 $11 F45 $13 $14 $15 F46 $17 $18 :=
C1       0    0   0   0   0   0   0   0   0   0   0   0   0   0   0   0   0   0
C10      0    0   0   0   0   0   0   0   0   0   0   0   0   0   0   0   0   0
C11      0    0   0   0   0   0   0   0   0   0   0   0   0   0   0   0   0   0
C12      0    0   0   0   0   0   0   0   0   0   0   0   0   0   0   0   0   0
C13      0    0   0   0   0   0   0   0   0   0   0   0   0   0   0   0   0   0
C14      0    0   0   0   0   0   0   0   0   0   0   0   0   0   0   0   0   0
C15      0    0   0   0   0   0   0   0   0   0   0   0   0   0   0   0   0   0
C16      0    0   0   0   0   0   0   0   0   0   0   0   0   0   0   0   0   0
C17      0    0   0   0   0   0   0   0   0   0   0   0   0   0   0   0   0   0
C18      0    0   0   0   0   0   0   0   0   0   0   0   0   0   0   0   0   0
C19      0    0   0   0   0   0   0   0   0   0   0   0   0   0   0   0   0   0
C2       0    0   0   0   0   0   0   0   0   0   0   0   0   0   0   0   0   0
C20      0    0   0   0   0   0   0   0   0   0   0   0   0   0   0   0   0   0
C21      0    0   0   0   0   0   0   0   0   0   0   0   0   0   0   0   0   0
C22      0    0   0   0   0   0   0   0   0   0   0   0   0   0   0   0   0   0
C23      0    0   0   0   0   0   0   0   0   0   0   0   0   0   0   0   0   0
C24      0    0   0   0   0   0   0   0   0   0   0   0   0   0   0   0   0   0
C25      0    0   0   0   0   0   0   0   0   0   0   0   0   0   0   0   0   0
C3       0    0   0   0   0   0   0   0   0   0   0   0   0   0   0   0   0   0
C4       0    0   0   0   0   0   0   0   0   0   0   0   0   0   0   0   0   0
C5       0    0   0   0   0   0   0   0   0   0   0   0   0   0   0   0   0   0
C6       0    0   0   0   0   0   0   0   0   0   0   0   0   0   0   0   0   0
C7       0    0   0   0   0   0   0   0   0   0   0   0   0   0   0   0   0   0
C8       0    0   0   0   0   0   0   0   0   0   0   0   0   0   0   0   0   0
C9       0    0   0   0   0   0   0   0   0   0   0   0   0   0   0   0   0   0
F26      0    0   0   0   0   0   0   0   0   0   0   0   0   0   0   0   0   0
F26_1    0    0   0   0   0   0   0   0   0   0   0   0   0   0   0   0   0   0
F26_2    0    0   0   0   0   0   0   0   0   0   0   0   0   0   0   0   0   0
F26_3    0    0   0   0   0   0   0   0   0   0   0   0   0   0   0   0   0   0
F27      0    0   0   0   0   0   0   0   0   0   0   0   0   0   0   0   0   0
F27_1    0    0   0   0   0   0   0   0   0   0   0   0   0   0   0   0   0   0
F27_2    0    0   0   0   0   0   0   0   0   0   0   0   0   0   0   0   0   0
F27_3    0    0   0   0   0   0   0   0   0   0   0   0   0   0   0   0   0   0
F28      0    0   0   0   0   0   0   0   0   0   0   0   0   0   0   0   0   0
F28_1    0    0   0   0   0   0   0   0   0   0   0   0   0   0   0   0   0   0
F28_2    0    0   0   0   0   0   0   0   0   0   0   0   0   0   0   0   0   0
F28_3    0    0   0   0   0   0   0   0   0   0   0   0   0   0   0   0   0   0
F29      0    0   0   0   0   0   0   0   0   0   0   0   0   0   0   0   0   0
F29_1    0    0   0   0   0   0   0   0   0   0   0   0   0   0   0   0   0   0
F29_2    0    0   0   0   0   0   0   0   0   0   0   0   0   0   0   0   0   0
F29_3    0    0   0   0   0   0   0   0   0   0   0   0   0   0   0   0   0   0
F30      0    0   0   0   0   0   0   0   0   0   0   0   0   0   0   0   0   0
F30_1    0    0   0   0   0   0   0   0   0   0   0   0   0   0   0   0   0   0
F30_2    0    0   0   0   0   0   0   0   0   0   0   0   0   0   0   0   0   0
F30_3    0    0   0   0   0   0   0   0   0   0   0   0   0   0   0   0   0   0
F31      0    0   0   0   0   0   0   0   0   0   0   0   0   0   0   0   0   0
F31_1    0    0   0   0   0   0   0   0   0   0   0   0   0   0   0   0   0   0
F31_2    0    0   0   0   0   0   0   0   0   0   0   0   0   0   0   0   0   0
F31_3    0    0   0   0   0   0   0   0   0   0   0   0   0   0   0   0   0   0
F32      0    0   0   0   0   0   0   0   0   0   0   0   0   0   0   0   0   0
F32_1    0    0   0   0   0   0   0   0   0   0   0   0   0   0   0   0   0   0
F32_2    0    0   0   0   0   0   0   0   0   0   0   0   0   0   0   0   0   0
F32_3    0    0   0   0   0   0   0   0   0   0   0   0   0   0   0   0   0   0
F33      0    0   0   0   0   0   0   0   0   0   0   0   0   0   0   0   0   0
F33_1    0    0   0   0   0   0   0   0   0   0   0   0   0   0   0   0   0   0
F33_2    0    0   0   0   0   0   0   0   0   0   0   0   0   0   0   0   0   0
F33_3    0    0   0   0   0   0   0   0   0   0   0   0   0   0   0   0   0   0
F34      0    0   0   0   0   0   0   0   0   0   0   0   0   0   0   0   0   0
F34_1    0    0   0   0   0   0   0   0   0   0   0   0   0   0   0   0   0   0
F34_2    0    0   0   0   0   0   0   0   0   0   0   0   0   0   0   0   0   0
F34_3    0    0   0   0   0   0   0   0   0   0   0   0   0   0   0   0   0   0
F35      0    0   0   0   0   0   0   0   0   0   0   0   0   0   0   0   0   0
F35_1    0    0   0   0   0   0   0   0   0   0   0   0   0   0   0   0   0   0
F35_2    0    0   0   0   0   0   0   0   0   0   0   0   0   0   0   0   0   0
F35_3    0    0   0   0   0   0   0   0   0   0   0   0   0   0   0   0   0   0
F36      0    0   0   0   0   0   0   0   0   0   0   0   0   0   0   0   0   0
F36_1    0    0   0   0   0   0   0   0   0   0   0   0   0   0   0   0   0   0
F36_2    0    0   0   0   0   0   0   0   0   0   0   0   0   0   0   0   0   0
F36_3    0    0   0   0   0   0   0   0   0   0   0   0   0   0   0   0   0   0
F37      0    0   0   0   0   0   0   0   0   0   0   0   0   0   0   0   0   0
F37_1    0    0   0   0   0   0   0   0   0   0   0   0   0   0   0   0   0   0
F37_2    0    0   0   0   0   0   0   0   0   0   0   0   0   0   0   0   0   0
F37_3    0    0   0   0   0   0   0   0   0   0   0   0   0   0   0   0   0   0
F38      0    0   0   0   0   0   0   0   0   0   0   0   0   0   0   0   0   0
F38_1    0    0   0   0   0   0   0   0   0   0   0   0   0   0   0   0   0   0
F38_2    0    0   0   0   0   0   0   0   0   0   0   0   0   0   0   0   0   0
F38_3    0    0   0   0   0   0   0   0   0   0   0   0   0   0   0   0   0   0
F39      0    0   0   0   0   0   0   0   0   0   0   0   0   0   0   0   0   0
F39_1    0    0   0   0   0   0   0   0   0   0   0   0   0   0   0   0   0   0
F39_2    0    0   0   0   0   0   0   0   0   0   0   0   0   0   0   0   0   0
F39_3    0    0   0   0   0   0   0   0   0   0   0   0   0   0   0   0   0   0
F40      0    0   0   0   0   0   0   0   0   0   0   0   0   0   0   0   0   0
F40_1    0    0   0   0   0   0   0   0   0   0   0   0   0   0   0   0   0   0
F40_2    0    0   0   0   0   0   0   0   0   0   0   0   0   0   0   0   0   0
F40_3    0    0   0   0   0   0   0   0   0   0   0   0   0   0   0   0   0   0
F41      0    0   0   0   0   0   0   0   0   0   0   0   0   0   0   0   0   0
F41_1    0    0   0   0   0   0   0   0   0   0   0   0   0   0   0   0   0   0
F41_2    0    0   0   0   0   0   0   0   0   0   0   0   0   0   0   0   0   0
F41_3    0    0   0   0   0   0   0   0   0   0   0   0   0   0   0   0   0   0
F42      0    0   0   0   0   0   0   0   0   0   0   0   0   0   0   0   0   0
F42_1    .    0   0   0   0   0   0   0   0   0   0   0   0   0   0   0   0   0
F42_2    0    .   0   0   0   0   0   0   0   0   0   0   0   0   0   0   0   0
F42_3    0    0   .   0   0   0   0   0   0   0   0   0   0   0   0   0   0   0
F43      0    0   0   .   0   0   0   0   0   0   0   0   0   0   0   0   0   0
F43_1    0    0   0   0   .   0   0   0   0   0   0   0   0   0   0   0   0   0
F43_2    0    0   0   0   0   .   0   0   0   0   0   0   0   0   0   0   0   0
F43_3    0    0   0   0   0   0   .   0   0   0   0   0   0   0   0   0   0   0
F44      0    0   0   0   0   0   0   .   0   0   0   0   0   0   0   0   0   0
F44_1    0    0   0   0   0   0   0   0   .   0   1   0   0   0   0   0   0   0
F44_2    0    0   0   0   0   0   0   0   1   .   0   0   0   0   0   0   0   0
F44_3    0    0   0   0   0   0   0   0   0   1   .   0   0   0   0   0   0   0
F45      0    0   0   0   0   0   0   0   0   0   0   .   0   0   0   0   0   0
F45_1    0    0   0   0   0   0   0   0   0   0   0   0   .   0   0   0   0   0
F45_2    0    0   0   0   0   0   0   0   0   0   0   0   0   .   0   0   0   0
F45_3    0    0   0   0   0   0   0   0   0   0   0   0   0   0   .   0   0   0
F46      0    0   0   0   0   0   0   0   0   0   0   0   0   0   0   .   0   0
F46_1    0    0   0   0   0   0   0   0   0   0   0   0   0   0   0   0   .   0
F46_2    0    0   0   0   0   0   0   0   0   0   0   0   0   0   0   0   0   .
F46_3    0    0   0   0   0   0   0   0   0   0   0   0   0   0   0   0   0   0
N0       0    0   0   0   0   0   0   0   0   0   0   0   0   0   0   0   0   0
Nσ       0    0   0   0   0   0   0   0   0   0   0   0   0   0   0   0   0   0

:     F46_3  N0  Nσ    :=
C1       0    0   0
C10      0    0   0
C11      0    0   1
C12      0    0   0
C13      0    0   1
C14      0    0   0
C15      0    0   0
C16      0    0   1
C17      0    0   0
C18      0    0   0
C19      0    0   0
C2       0    0   0
C20      0    0   0
C21      0    0   0
C22      0    0   0
C23      0    0   0
C24      0    0   1
C25      0    0   1
C3       0    0   0
C4       0    0   0
C5       0    0   0
C6       0    0   1
C7       0    0   0
C8       0    0   0
C9       0    0   0
F26      0    0   0
F26_1    0    0   0
F26_2    0    0   0
F26_3    0    0   0
F27      0    0   0
F27_1    0    0   0
F27_2    0    0   0
F27_3    0    0   0
F28      0    0   0
F28_1    0    0   0
F28_2    0    0   0
F28_3    0    0   0
F29      0    0   0
F29_1    0    0   0
F29_2    0    0   0
F29_3    0    0   1
F30      0    0   0
F30_1    0    0   0
F30_2    0    0   0
F30_3    0    0   0
F31      0    0   0
F31_1    0    0   0
F31_2    0    0   0
F31_3    0    0   0
F32      0    0   0
F32_1    0    0   0
F32_2    0    0   0
F32_3    0    0   0
F33      0    0   0
F33_1    0    0   0
F33_2    0    0   0
F33_3    0    0   0
F34      0    0   0
F34_1    0    0   0
F34_2    0    0   0
F34_3    0    0   0
F35      0    0   0
F35_1    0    0   0
F35_2    0    0   0
F35_3    0    0   0
F36      0    0   0
F36_1    0    0   0
F36_2    0    0   0
F36_3    0    0   0
F37      0    0   0
F37_1    0    0   0
F37_2    0    0   0
F37_3    0    0   0
F38      0    0   0
F38_1    0    0   0
F38_2    0    0   0
F38_3    0    0   0
F39      0    0   0
F39_1    0    0   0
F39_2    0    0   0
F39_3    0    0   0
F40      0    0   0
F40_1    0    0   0
F40_2    0    0   0
F40_3    0    0   0
F41      0    0   0
F41_1    0    0   0
F41_2    0    0   0
F41_3    0    0   0
F42      0    0   0
F42_1    0    0   0
F42_2    0    0   0
F42_3    0    0   0
F43      0    0   0
F43_1    0    0   0
F43_2    0    0   0
F43_3    0    0   0
F44      0    0   0
F44_1    0    0   0
F44_2    0    0   0
F44_3    0    0   0
F45      0    0   0
F45_1    0    0   0
F45_2    0    0   0
F45_3    0    0   0
F46      0    0   0
F46_1    0    0   0
F46_2    0    0   0
F46_3    .    0   0
N0       0    .   0
Nσ       0    0   .
;

sum{i in D0, j in Vplun} x[i,j] = 7

sum{i in Vall, j in Vall: i != j} x[i,j]*t[i,j] = 561.96

sum{i in F} z[i]*R[i] = 5.5984

sum{i in F, j in Vplunend: i != j} y[i]*x[i,j] = 2

a [*] :=
   C1  404               F29 1146.41          F38_1    0
  C10  124.806         F29_1 1146.41          F38_2    0
  C11  171.505         F29_2    4.01701e-07   F38_3 1236
  C12  692             F29_3 1146.41            F39    0
  C13  387               F30    0             F39_1    0
  C14   50.2892        F30_1    0             F39_2    0
  C15  572             F30_2    0             F39_3    0
  C16  504             F30_3    0               F40 1236
  C17  686               F31    0             F40_1    0
  C18  451.465         F31_1    0             F40_2    0
  C19  480             F31_2    0             F40_3 1236
   C2   30.8058        F31_3    0               F41    0
  C20  293               F32 1236             F41_1  550.52
  C21  379             F32_1 1236             F41_2    0
  C22  401             F32_2 1236             F41_3    0
  C23  217.806         F32_3 1236               F42 1236
  C24  853               F33    0             F42_1 1236
  C25  784             F33_1    0             F42_2 1236
   C3  216             F33_2    0             F42_3    0
   C4  666             F33_3    0               F43    0
   C5  309               F34    0             F43_1    0
   C6  665             F34_1    0             F43_2    0
   C7  287             F34_2    0             F43_3    0
   C8   13             F34_3    0               F44    0
   C9  591               F35    0             F44_1    0
  F26    0             F35_1    0             F44_2    0
F26_1    0             F35_2    0             F44_3    0
F26_2    0             F35_3    0               F45    0
F26_3 1236               F36 1236             F45_1    0
  F27    0             F36_1 1236             F45_2    0
F27_1    0             F36_2  694.489         F45_3    0
F27_2  162.961         F36_3 1236               F46    0
F27_3    0               F37  304             F46_1    0
  F28    0             F37_1   33.0151        F46_2    0
F28_1    0             F37_2  304             F46_3    0
F28_2    0             F37_3   33.0151           N0    0
F28_3    0               F38 1236                Nσ 1236
;

u [*] :=
   C1  80      C4 110   F29_1 120     F34   0   F38_3   0   F43_2 120
  C10 170      C5 100   F29_2 170   F34_1 120     F39  20   F43_3 120
  C11 180      C6 120   F29_3 120   F34_2   0   F39_1   0     F44 120
  C12 180      C7 200     F30 120   F34_3 200   F39_2   0   F44_1 120
  C13 100      C8 200   F30_1 120     F35  20   F39_3   0   F44_2 120
  C14 200      C9  70   F30_2 120   F35_1 120     F40  20   F44_3 120
  C15 130     F26   0   F30_3 120   F35_2  20   F40_1  20     F45 120
  C16 120   F26_1 120     F31  20   F35_3  20   F40_2  20   F45_1 120
  C17  40   F26_2 200   F31_1  20     F36 200   F40_3 120   F45_2 120
  C18 140   F26_3 110   F31_2 120   F36_1 200     F41 120   F45_3 120
  C19 150     F27 120   F31_3  20   F36_2 200   F41_1 120     F46   0
   C2 200   F27_1 120     F32  20   F36_3 200   F41_2 120   F46_1   0
  C20 190   F27_2 180   F32_1 200     F37 200   F41_3 120   F46_2 120
  C21 160   F27_3 200   F32_2  20   F37_1 200     F42 120   F46_3   0
  C22 190     F28  20   F32_3 200   F37_2 200   F42_1 120      N0 200
  C23 150   F28_1 120     F33  20   F37_3 200   F42_2 120      Nσ   0
  C24 100   F28_2 200   F33_1  20     F38 200   F42_3 120
  C25  20   F28_3  20   F33_2  20   F38_1  20     F43 120
   C3 200     F29 120   F33_3  20   F38_2 120   F43_1 120
;

v [*] :=
   C1 52.4594      C8 66.21     F31_1  0          F37 79.69     F42_3  0
  C10 43.5275      C9 45.3883   F31_2 79.69     F37_1  0          F43 79.69
  C11 71.146      F26 79.0162   F31_3  0        F37_2 79.69     F43_1 79.69
  C12 28.0513   F26_1 79.69       F32 79.69     F37_3  0        F43_2 79.69
  C13 19.6469   F26_2 79.69     F32_1 79.69       F38  0        F43_3  0
  C14 22.6716   F26_3  0        F32_2  0        F38_1 79.69       F44 79.69
  C15 57.5573     F27 79.69     F32_3 79.69     F38_2 79.69     F44_1 79.69
  C16 39.3573   F27_1  0          F33 79.69     F38_3 79.69     F44_2 79.69
  C17 40.3883   F27_2  0        F33_1 79.69       F39  0        F44_3 79.69
  C18 35.9441   F27_3  0        F33_2  0        F39_1  0          F45 79.69
  C19 59.5573     F28  0        F33_3 79.69     F39_2  0        F45_1  0
   C2 47.5275   F28_1 79.69       F34  0        F39_3  0        F45_2  0
  C20 59.1389   F28_2  0        F34_1 79.69       F40 79.69     F45_3 79.69
  C21 62.5573   F28_3 79.69     F34_2 79.69     F40_1 79.69       F46 79.69
  C22 38.2493     F29 27.0513   F34_3  0        F40_2 79.69     F46_1  0
  C23 40.5275   F29_1 27.0513     F35 79.69     F40_3 79.69     F46_2 79.69
  C24 15.8114   F29_2  0        F35_1 79.69       F41  0        F46_3  0
  C25 32.3883   F29_3 27.0513   F35_2 79.69     F41_1  0           N0 79.69
   C3 43.6345     F30  0        F35_3 79.69     F41_2  0           Nσ  0
   C4 20.8114   F30_1 79.69       F36  0        F41_3 79.69
   C5 74.69     F30_2  0        F36_1  0          F42 79.69
   C6 54.5573   F30_3  0        F36_2  0        F42_1 79.69
   C7 64.5573     F31 79.69     F36_3  0        F42_2 79.69
;

y [*] :=
  F26 0   F28_3 0   F31_2 0   F34_1 0     F37 0   F39_3 0   F42_2 0   F45_1 0
F26_1 0     F29 0   F31_3 0   F34_2 0   F37_1 0     F40 0   F42_3 0   F45_2 0
F26_2 0   F29_1 0     F32 0   F34_3 0   F37_2 0   F40_1 0     F43 0   F45_3 0
F26_3 0   F29_2 0   F32_1 0     F35 0   F37_3 1   F40_2 0   F43_1 0     F46 0
  F27 0   F29_3 0   F32_2 0   F35_1 0     F38 0   F40_3 0   F43_2 0   F46_1 0
F27_1 0     F30 0   F32_3 0   F35_2 0   F38_1 0     F41 0   F43_3 0   F46_2 0
F27_2 1   F30_1 0     F33 0   F35_3 0   F38_2 0   F41_1 0     F44 0   F46_3 0
F27_3 0   F30_2 0   F33_1 0     F36 0   F38_3 0   F41_2 0   F44_1 0
  F28 0   F30_3 0   F33_2 0   F36_1 0     F39 0   F41_3 0   F44_2 0
F28_1 0     F31 0   F33_3 0   F36_2 0   F39_1 0     F42 0   F44_3 0
F28_2 0   F31_1 0     F34 1   F36_3 0   F39_2 0   F42_1 0     F45 0
;

z [*] :=
  F26 1   F28_3 1   F31_2 1   F34_1 1     F37 1   F39_3 1   F42_2 1   F45_1 1
F26_1 1     F29 1   F31_3 1   F34_2 1   F37_1 1     F40 1   F42_3 1   F45_2 1
F26_2 1   F29_1 1     F32 1   F34_3 1   F37_2 1   F40_1 1     F43 1   F45_3 1
F26_3 1   F29_2 1   F32_1 1     F35 1   F37_3 0   F40_2 1   F43_1 1     F46 1
  F27 1   F29_3 1   F32_2 1   F35_1 1     F38 1   F40_3 1   F43_2 1   F46_1 1
F27_1 1     F30 1   F32_3 1   F35_2 1   F38_1 1     F41 1   F43_3 1   F46_2 1
F27_2 0   F30_1 1     F33 1   F35_3 1   F38_2 1   F41_1 1     F44 1   F46_3 1
F27_3 1   F30_2 1   F33_1 1     F36 1   F38_3 1   F41_2 1   F44_1 1
  F28 1   F30_3 1   F33_2 1   F36_1 1     F39 1   F41_3 1   F44_2 1
F28_1 1     F31 1   F33_3 1   F36_2 1   F39_1 1     F42 1   F44_3 1
F28_2 1   F31_1 1     F34 0   F36_3 1   F39_2 1   F42_1 1     F45 1
;

R [*] :=
  F26 0        F30_1 0        F34_2 0        F38_3 0          F43 0
F26_1 0        F30_2 0        F34_3 0          F39 0        F43_1 0
F26_2 0        F30_3 0          F35 0        F39_1 0        F43_2 0
F26_3 0          F31 0        F35_1 0        F39_2 0        F43_3 0
  F27 0        F31_1 0        F35_2 0        F39_3 0          F44 0
F27_1 0        F31_2 0        F35_3 0          F40 0        F44_1 0
F27_2 0        F31_3 0          F36 0        F40_1 0        F44_2 0
F27_3 0          F32 0        F36_1 0        F40_2 0        F44_3 0
  F28 0        F32_1 0        F36_2 0        F40_3 0          F45 0
F28_1 0        F32_2 0        F36_3 0          F41 0        F45_1 0
F28_2 0        F32_3 0          F37 0        F41_1 0        F45_2 0
F28_3 0          F33 0        F37_1 0        F41_2 0        F45_3 0
  F29 0        F33_1 0        F37_2 0        F41_3 0          F46 0
F29_1 0        F33_2 0        F37_3 0          F42 0        F46_1 0
F29_2 0        F33_3 0          F38 0        F42_1 0        F46_2 0
F29_3 5.5984     F34 0        F38_1 0        F42_2 0        F46_3 0
  F30 0        F34_1 0        F38_2 0        F42_3 0
;

Y [*] :=
  F26 79.0162   F30_1 79.69     F34_2 79.69     F38_3 79.69       F43 79.69
F26_1 79.69     F30_2  0        F34_3  0          F39  0        F43_1 79.69
F26_2 79.69     F30_3  0          F35 79.69     F39_1  0        F43_2 79.69
F26_3  0          F31 79.69     F35_1 79.69     F39_2  0        F43_3  0
  F27 79.69     F31_1  0        F35_2 79.69     F39_3  0          F44 79.69
F27_1  0        F31_2 79.69     F35_3 79.69       F40 79.69     F44_1 79.69
F27_2 79.69     F31_3  0          F36  0        F40_1 79.69     F44_2 79.69
F27_3  0          F32 79.69     F36_1  0        F40_2 79.69     F44_3 79.69
  F28  0        F32_1 79.69     F36_2  0        F40_3 79.69       F45 79.69
F28_1 79.69     F32_2  0        F36_3  0          F41  0        F45_1  0
F28_2  0        F32_3 79.69       F37 79.69     F41_1  0        F45_2  0
F28_3 79.69       F33 79.69     F37_1  0        F41_2  0        F45_3 79.69
  F29 27.0513   F33_1 79.69     F37_2 79.69     F41_3 79.69       F46 79.69
F29_1 27.0513   F33_2  0        F37_3 79.69       F42 79.69     F46_1  0
F29_2  0        F33_3 79.69       F38  0        F42_1 79.69     F46_2 79.69
F29_3 32.6497     F34 79.69     F38_1 79.69     F42_2 79.69     F46_3  0
  F30  0        F34_1 79.69     F38_2 79.69     F42_3  0
;

