MIP Gap (%):  48.52237780788061
_solve_elapsed_time = 28801.1

TotalCost = 5888.76

x [*,*]
:      C1 C10 C11 C12 C13 C14 C15 C16 C17 C18 C19  C2 C20 C21 C22 C23 C24 C25 :=
C1      .   1   0   0   0   0   0   0   0   0   0   0   0   0   0   0   0   0
C10     0   .   0   0   1   0   0   0   0   0   0   0   0   0   0   0   0   0
C11     0   0   .   0   0   0   0   0   0   0   0   0   0   0   0   0   0   0
C12     0   0   0   .   0   0   0   0   0   0   0   0   0   0   0   0   0   0
C13     0   0   0   0   .   0   0   0   0   1   0   0   0   0   0   0   0   0
C14     1   0   0   0   0   .   0   0   0   0   0   0   0   0   0   0   0   0
C15     0   0   0   0   0   0   .   0   0   0   0   0   0   0   1   0   0   0
C16     0   0   0   0   0   0   0   .   0   0   0   0   0   0   0   0   0   0
C17     0   0   0   0   0   0   0   0   .   0   0   0   0   0   0   0   0   0
C18     0   0   0   0   0   0   0   0   0   .   1   0   0   0   0   0   0   0
C19     0   0   0   0   0   0   0   0   0   0   .   0   0   0   0   0   0   0
C2      0   0   0   0   0   0   0   0   0   0   0   .   0   1   0   0   0   0
C20     0   0   0   0   0   0   0   0   0   0   0   0   .   0   0   1   0   0
C21     0   0   0   0   0   0   0   1   0   0   0   0   0   .   0   0   0   0
C22     0   0   0   0   0   0   0   0   0   0   0   0   0   0   .   0   0   0
C23     0   0   1   0   0   0   0   0   0   0   0   0   0   0   0   .   0   0
C24     0   0   0   0   0   0   0   0   0   0   0   0   0   0   0   0   .   0
C25     0   0   0   0   0   0   0   0   0   0   0   0   0   0   0   0   0   .
C3      0   0   0   0   0   0   0   0   0   0   0   1   0   0   0   0   0   0
C4      0   0   0   0   0   0   0   0   0   0   0   0   1   0   0   0   0   0
C5      0   0   0   1   0   0   0   0   0   0   0   0   0   0   0   0   0   0
C6      0   0   0   0   0   0   0   0   0   0   0   0   0   0   0   0   0   0
C7      0   0   0   0   0   1   0   0   0   0   0   0   0   0   0   0   0   0
C8      0   0   0   0   0   0   1   0   0   0   0   0   0   0   0   0   0   0
C9      0   0   0   0   0   0   0   0   0   0   0   0   0   0   0   0   1   0
F26     0   0   0   0   0   0   0   0   0   0   0   0   0   0   0   0   0   0
F26_1   0   0   0   0   0   0   0   0   0   0   0   0   0   0   0   0   0   0
F26_2   0   0   0   0   0   0   0   0   0   0   0   0   0   0   0   0   0   0
F26_3   0   0   0   0   0   0   0   0   0   0   0   0   0   0   0   0   0   0
F27     0   0   0   0   0   0   0   0   0   0   0   0   0   0   0   0   0   0
F27_1   0   0   0   0   0   0   0   0   0   0   0   0   0   0   0   0   0   0
F27_2   0   0   0   0   0   0   0   0   0   0   0   0   0   0   0   0   0   0
F27_3   0   0   0   0   0   0   0   0   1   0   0   0   0   0   0   0   0   0
F28     0   0   0   0   0   0   0   0   0   0   0   0   0   0   0   0   0   0
F28_1   0   0   0   0   0   0   0   0   0   0   0   0   0   0   0   0   0   0
F28_2   0   0   0   0   0   0   0   0   0   0   0   0   0   0   0   0   0   0
F28_3   0   0   0   0   0   0   0   0   0   0   0   0   0   0   0   0   0   0
F29     0   0   0   0   0   0   0   0   0   0   0   0   0   0   0   0   0   0
F29_1   0   0   0   0   0   0   0   0   0   0   0   0   0   0   0   0   0   0
F29_2   0   0   0   0   0   0   0   0   0   0   0   0   0   0   0   0   0   0
F29_3   0   0   0   0   0   0   0   0   0   0   0   0   0   0   0   0   0   0
F30     0   0   0   0   0   0   0   0   0   0   0   0   0   0   0   0   0   0
F30_1   0   0   0   0   0   0   0   0   0   0   0   0   0   0   0   0   0   0
F30_2   0   0   0   0   0   0   0   0   0   0   0   0   0   0   0   0   0   0
F30_3   0   0   0   0   0   0   0   0   0   0   0   0   0   0   0   0   0   0
F31     0   0   0   0   0   0   0   0   0   0   0   0   0   0   0   0   0   0
F31_1   0   0   0   0   0   0   0   0   0   0   0   0   0   0   0   0   0   0
F31_2   0   0   0   0   0   0   0   0   0   0   0   0   0   0   0   0   0   0
F31_3   0   0   0   0   0   0   0   0   0   0   0   0   0   0   0   0   0   0
F32     0   0   0   0   0   0   0   0   0   0   0   0   0   0   0   0   0   0
F32_1   0   0   0   0   0   0   0   0   0   0   0   0   0   0   0   0   0   0
F32_2   0   0   0   0   0   0   0   0   0   0   0   0   0   0   0   0   0   0
F32_3   0   0   0   0   0   0   0   0   0   0   0   0   0   0   0   0   0   0
F33     0   0   0   0   0   0   0   0   0   0   0   0   0   0   0   0   0   0
F33_1   0   0   0   0   0   0   0   0   0   0   0   0   0   0   0   0   0   0
F33_2   0   0   0   0   0   0   0   0   0   0   0   0   0   0   0   0   0   0
F33_3   0   0   0   0   0   0   0   0   0   0   0   0   0   0   0   0   0   1
F34     0   0   0   0   0   0   0   0   0   0   0   0   0   0   0   0   0   0
F34_1   0   0   0   0   0   0   0   0   0   0   0   0   0   0   0   0   0   0
F34_2   0   0   0   0   0   0   0   0   0   0   0   0   0   0   0   0   0   0
F34_3   0   0   0   0   0   0   0   0   0   0   0   0   0   0   0   0   0   0
F35     0   0   0   0   0   0   0   0   0   0   0   0   0   0   0   0   0   0
F35_1   0   0   0   0   0   0   0   0   0   0   0   0   0   0   0   0   0   0
F35_2   0   0   0   0   0   0   0   0   0   0   0   0   0   0   0   0   0   0
F35_3   0   0   0   0   0   0   0   0   0   0   0   0   0   0   0   0   0   0
F36     0   0   0   0   0   0   0   0   0   0   0   0   0   0   0   0   0   0
F36_1   0   0   0   0   0   0   0   0   0   0   0   0   0   0   0   0   0   0
F36_2   0   0   0   0   0   0   0   0   0   0   0   0   0   0   0   0   0   0
F36_3   0   0   0   0   0   0   0   0   0   0   0   0   0   0   0   0   0   0
F37     0   0   0   0   0   0   0   0   0   0   0   0   0   0   0   0   0   0
F37_1   0   0   0   0   0   0   0   0   0   0   0   0   0   0   0   0   0   0
F37_2   0   0   0   0   0   0   0   0   0   0   0   0   0   0   0   0   0   0
F37_3   0   0   0   0   0   0   0   0   0   0   0   0   0   0   0   0   0   0
F38     0   0   0   0   0   0   0   0   0   0   0   0   0   0   0   0   0   0
F38_1   0   0   0   0   0   0   0   0   0   0   0   0   0   0   0   0   0   0
F38_2   0   0   0   0   0   0   0   0   0   0   0   0   0   0   0   0   0   0
F38_3   0   0   0   0   0   0   0   0   0   0   0   0   0   0   0   0   0   0
F39     0   0   0   0   0   0   0   0   0   0   0   0   0   0   0   0   0   0
F39_1   0   0   0   0   0   0   0   0   0   0   0   0   0   0   0   0   0   0
F39_2   0   0   0   0   0   0   0   0   0   0   0   0   0   0   0   0   0   0
F39_3   0   0   0   0   0   0   0   0   0   0   0   0   0   0   0   0   0   0
F40     0   0   0   0   0   0   0   0   0   0   0   0   0   0   0   0   0   0
F40_1   0   0   0   0   0   0   0   0   0   0   0   0   0   0   0   0   0   0
F40_2   0   0   0   0   0   0   0   0   0   0   0   0   0   0   0   0   0   0
F40_3   0   0   0   0   0   0   0   0   0   0   0   0   0   0   0   0   0   0
F41     0   0   0   0   0   0   0   0   0   0   0   0   0   0   0   0   0   0
F41_1   0   0   0   0   0   0   0   0   0   0   0   0   0   0   0   0   0   0
F41_2   0   0   0   0   0   0   0   0   0   0   0   0   0   0   0   0   0   0
F41_3   0   0   0   0   0   0   0   0   0   0   0   0   0   0   0   0   0   0
F42     0   0   0   0   0   0   0   0   0   0   0   0   0   0   0   0   0   0
F42_1   0   0   0   0   0   0   0   0   0   0   0   0   0   0   0   0   0   0
F42_2   0   0   0   0   0   0   0   0   0   0   0   0   0   0   0   0   0   0
F42_3   0   0   0   0   0   0   0   0   0   0   0   0   0   0   0   0   0   0
F43     0   0   0   0   0   0   0   0   0   0   0   0   0   0   0   0   0   0
F43_1   0   0   0   0   0   0   0   0   0   0   0   0   0   0   0   0   0   0
F43_2   0   0   0   0   0   0   0   0   0   0   0   0   0   0   0   0   0   0
F43_3   0   0   0   0   0   0   0   0   0   0   0   0   0   0   0   0   0   0
F44     0   0   0   0   0   0   0   0   0   0   0   0   0   0   0   0   0   0
F44_1   0   0   0   0   0   0   0   0   0   0   0   0   0   0   0   0   0   0
F44_2   0   0   0   0   0   0   0   0   0   0   0   0   0   0   0   0   0   0
F44_3   0   0   0   0   0   0   0   0   0   0   0   0   0   0   0   0   0   0
F45     0   0   0   0   0   0   0   0   0   0   0   0   0   0   0   0   0   0
F45_1   0   0   0   0   0   0   0   0   0   0   0   0   0   0   0   0   0   0
F45_2   0   0   0   0   0   0   0   0   0   0   0   0   0   0   0   0   0   0
F45_3   0   0   0   0   0   0   0   0   0   0   0   0   0   0   0   0   0   0
F46     0   0   0   0   0   0   0   0   0   0   0   0   0   0   0   0   0   0
F46_1   0   0   0   0   0   0   0   0   0   0   0   0   0   0   0   0   0   0
F46_2   0   0   0   0   0   0   0   0   0   0   0   0   0   0   0   0   0   0
F46_3   0   0   0   0   0   0   0   0   0   0   0   0   0   0   0   0   0   0
N0      0   0   0   0   0   0   0   0   0   0   0   0   0   0   0   0   0   0
Nσ      0   0   0   0   0   0   0   0   0   0   0   0   0   0   0   0   0   0

# $14 = F27_2
:      C3  C4  C5  C6  C7  C8  C9 F26 F26_1 F26_2 F26_3      F27     F27_1 $14 :=
C1      0   0   0   0   0   0   0   0    0     0     0    0             0    0
C10     0   0   0   0   0   0   0   0    0     0     0    0             0    0
C11     0   0   0   0   0   0   0   0    0     0     0    0             0    0
C12     1   0   0   0   0   0   0   0    0     0     0    0             0    0
C13     0   0   0   0   0   0   0   0    0     0     0    0             0    0
C14     0   0   0   0   0   0   0   0    0     0     0    0             0    0
C15     0   0   0   0   0   0   0   0    0     0     0    0             0    0
C16     0   1   0   0   0   0   0   0    0     0     0    0             0    0
C17     0   0   0   0   0   1   0   0    0     0     0    0             0    0
C18     0   0   0   0   0   0   0   0    0     0     0    0             0    0
C19     0   0   0   0   0   0   0   0    0     0     0    0             0    0
C2      0   0   0   0   0   0   0   0    0     0     0    0             0    0
C20     0   0   0   0   0   0   0   0    0     0     0    0             0    0
C21     0   0   0   0   0   0   0   0    0     0     0    0             0    0
C22     0   0   0   0   0   0   0   0    0     0     0    0             0    0
C23     0   0   0   0   0   0   0   0    0     0     0    0             0    0
C24     0   0   0   1   0   0   0   0    0     0     0    0             0    0
C25     0   0   0   0   0   0   0   0    0     0     0    0             0    0
C3      .   0   0   0   0   0   0   0    0     0     0    0             0    0
C4      0   .   0   0   0   0   0   0    0     0     0    0             0    0
C5      0   0   .   0   0   0   0   0    0     0     0    0             0    0
C6      0   0   0   .   0   0   0   0    0     0     0    0             0    0
C7      0   0   0   0   .   0   0   0    0     0     0    0             0    0
C8      0   0   0   0   0   .   0   0    0     0     0    0             0    0
C9      0   0   0   0   0   0   .   0    0     0     0    0             0    0
F26     0   0   0   0   0   0   0   .    0     0     0    0             0    0
F26_1   0   0   0   0   0   0   0   0    .     0     0    0             0    0
F26_2   0   0   0   0   0   0   0   0    0     .     0    0             0    0
F26_3   0   0   1   0   0   0   0   0    0     0     .    0             0    0
F27     0   0   0   0   0   0   0   0    0     0     0     .            0    0
F27_1   0   0   0   0   0   0   0   0    0     0     0    1.4307e-06    .    0
F27_2   0   0   0   0   0   0   0   0    0     0     0    0             0    .
F27_3   0   0   0   0   0   0   0   0    0     0     0    0             0    0
F28     0   0   0   0   0   0   0   0    0     0     0    0             0    0
F28_1   0   0   0   0   0   0   0   0    0     0     0    0             0    0
F28_2   0   0   0   0   0   0   0   0    0     0     0    0             0    0
F28_3   0   0   0   0   0   0   0   0    0     0     0    0             0    0
F29     0   0   0   0   0   0   0   0    0     0     0    0             0    0
F29_1   0   0   0   0   0   0   0   0    0     0     0    0             0    0
F29_2   0   0   0   0   0   0   0   0    0     0     0    0             0    0
F29_3   0   0   0   0   0   0   0   0    0     0     0    0             0    0
F30     0   0   0   0   0   0   0   0    0     0     0    0             0    0
F30_1   0   0   0   0   0   0   0   0    0     0     0    0             0    0
F30_2   0   0   0   0   0   0   0   0    0     0     0    0             0    0
F30_3   0   0   0   0   0   0   0   0    0     0     0    0             0    0
F31     0   0   0   0   0   0   0   0    0     0     0    0             0    0
F31_1   0   0   0   0   0   0   0   0    0     0     0    0             0    0
F31_2   0   0   0   0   0   0   0   0    0     0     0    0             0    0
F31_3   0   0   0   0   0   0   0   0    0     0     0    0             0    0
F32     0   0   0   0   0   0   0   0    0     0     0    0             0    0
F32_1   0   0   0   0   0   0   0   0    0     0     0    0             0    0
F32_2   0   0   0   0   0   0   0   0    0     0     0    0             0    0
F32_3   0   0   0   0   0   0   0   0    0     0     0    0             0    0
F33     0   0   0   0   0   0   0   0    0     0     0    0             0    0
F33_1   0   0   0   0   0   0   0   0    0     0     0    0             0    0
F33_2   0   0   0   0   0   0   0   0    0     0     0    0             0    0
F33_3   0   0   0   0   0   0   0   0    0     0     0    0             0    0
F34     0   0   0   0   0   0   0   0    0     0     0    0             0    0
F34_1   0   0   0   0   0   0   0   0    0     0     0    0             0    0
F34_2   0   0   0   0   0   0   0   0    0     0     0    0             0    0
F34_3   0   0   0   0   0   0   0   0    0     0     0    0             0    0
F35     0   0   0   0   0   0   0   0    0     0     0    0             0    0
F35_1   0   0   0   0   0   0   0   0    0     0     0    0             0    0
F35_2   0   0   0   0   0   0   0   0    0     0     0    0             0    0
F35_3   0   0   0   0   0   0   0   0    0     0     0    0             0    0
F36     0   0   0   0   0   0   0   0    0     0     0    0             0    0
F36_1   0   0   0   0   0   0   0   0    0     0     0    0             0    0
F36_2   0   0   0   0   0   0   0   0    0     0     0    0             0    0
F36_3   0   0   0   0   0   0   0   0    0     0     0    0             0    0
F37     0   0   0   0   0   0   0   0    0     0     0    0             0    0
F37_1   0   0   0   0   0   0   0   0    0     0     0    0             0    0
F37_2   0   0   0   0   0   0   0   0    0     0     0    0             0    0
F37_3   0   0   0   0   0   0   0   0    0     0     0    0             0    0
F38     0   0   0   0   0   0   0   0    0     0     0    0             0    0
F38_1   0   0   0   0   0   0   0   0    0     0     0    0             0    0
F38_2   0   0   0   0   0   0   0   0    0     0     0    0             0    0
F38_3   0   0   0   0   0   0   0   0    0     0     0    0             0    0
F39     0   0   0   0   0   0   0   0    0     0     0    0             0    0
F39_1   0   0   0   0   0   0   0   0    0     0     0    0             0    0
F39_2   0   0   0   0   0   0   0   0    0     0     0    0             0    0
F39_3   0   0   0   0   0   0   0   0    0     0     0    0             0    0
F40     0   0   0   0   0   0   0   0    0     0     0    0             0    0
F40_1   0   0   0   0   0   0   0   0    0     0     0    0             0    0
F40_2   0   0   0   0   0   0   0   0    0     0     0    0             0    0
F40_3   0   0   0   0   0   0   0   0    0     0     0    0             0    0
F41     0   0   0   0   0   0   0   0    0     0     0    0             0    0
F41_1   0   0   0   0   0   0   0   0    0     0     0    0             0    0
F41_2   0   0   0   0   0   0   0   0    0     0     0    0             0    0
F41_3   0   0   0   0   0   0   0   0    0     0     0    0             0    0
F42     0   0   0   0   0   0   0   0    0     0     0    0             0    0
F42_1   0   0   0   0   0   0   0   0    0     0     0    0             0    0
F42_2   0   0   0   0   0   0   0   0    0     0     0    0             0    0
F42_3   0   0   0   0   0   0   0   0    0     0     0    0             0    0
F43     0   0   0   0   0   0   0   0    0     0     0    0             0    0
F43_1   0   0   0   0   0   0   0   0    0     0     0    0             0    0
F43_2   0   0   0   0   0   0   0   0    0     0     0    0             0    0
F43_3   0   0   0   0   0   0   0   0    0     0     0    0             0    0
F44     0   0   0   0   0   0   0   0    0     0     0    0             0    0
F44_1   0   0   0   0   0   0   0   0    0     0     0    0             0    0
F44_2   0   0   0   0   0   0   0   0    0     0     0    0             0    0
F44_3   0   0   0   0   0   0   0   0    0     0     0    0             0    0
F45     0   0   0   0   0   0   0   0    0     0     0    0             0    0
F45_1   0   0   0   0   0   0   0   0    0     0     0    0             0    0
F45_2   0   0   0   0   0   0   0   0    0     0     0    0             0    0
F45_3   0   0   0   0   0   0   0   0    0     0     0    0             0    0
F46     0   0   0   0   0   0   0   0    0     0     0    0             0    0
F46_1   0   0   0   0   0   0   0   0    0     0     0    0             0    0
F46_2   0   0   0   0   0   0   0   0    0     0     0    0             0    0
F46_3   0   0   0   0   0   0   0   0    0     0     0    0             0    0
N0      0   0   0   0   1   0   1   0    0     0     1    0             1    0
Nσ      0   0   0   0   0   0   0   0    0     0     0    0             0    0

# $3 = F28_1
# $4 = F28_2
# $5 = F28_3
# $7 = F29_1
# $8 = F29_2
# $9 = F29_3
# $11 = F30_1
# $12 = F30_2
# $13 = F30_3
# $15 = F31_1
# $16 = F31_2
:          F27_3    F28  $3  $4  $5 F29  $7  $8  $9 F30 $11 $12 $13 F31 $15 $16 :=
C1      0             0   0   0   0   0   0   0   0   0   0   0   0   0   0   0
C10     0             0   0   0   0   0   0   0   0   0   0   0   0   0   0   0
C11     0             0   0   0   0   0   0   0   0   0   0   0   0   0   0   0
C12     0             0   0   0   0   0   0   0   0   0   0   0   0   0   0   0
C13     0             0   0   0   0   0   0   0   0   0   0   0   0   0   0   0
C14     0             0   0   0   0   0   0   0   0   0   0   0   0   0   0   0
C15     0             0   0   0   0   0   0   0   0   0   0   0   0   0   0   0
C16     0             0   0   0   0   0   0   0   0   0   0   0   0   0   0   0
C17     0             0   0   0   0   0   0   0   0   0   0   0   0   0   0   0
C18     0             0   0   0   0   0   0   0   0   0   0   0   0   0   0   0
C19     0             0   0   0   0   0   0   0   0   0   0   0   0   0   0   0
C2      0             0   0   0   0   0   0   0   0   0   0   0   0   0   0   0
C20     0             0   0   0   0   0   0   0   0   0   0   0   0   0   0   0
C21     0             0   0   0   0   0   0   0   0   0   0   0   0   0   0   0
C22     0             0   0   0   0   0   0   0   0   0   0   0   0   0   0   0
C23     0             0   0   0   0   0   0   0   0   0   0   0   0   0   0   0
C24     0             0   0   0   0   0   0   0   0   0   0   0   0   0   0   0
C25     0             0   0   0   0   0   0   0   0   0   0   0   0   0   0   0
C3      0             0   0   0   0   0   0   0   0   0   0   0   0   0   0   0
C4      0             0   0   0   0   0   0   0   0   0   0   0   0   0   0   0
C5      0             0   0   0   0   0   0   0   0   0   0   0   0   0   0   0
C6      0             0   0   0   0   0   0   0   0   0   0   0   0   0   0   0
C7      0             0   0   0   0   0   0   0   0   0   0   0   0   0   0   0
C8      0             0   0   0   0   0   0   0   0   0   0   0   0   0   0   0
C9      0             0   0   0   0   0   0   0   0   0   0   0   0   0   0   0
F26     0             0   0   0   0   0   0   0   0   0   0   0   0   0   0   0
F26_1   0             0   0   0   0   0   0   0   0   0   0   0   0   0   0   0
F26_2   0             0   0   0   0   0   0   0   0   0   0   0   0   0   0   0
F26_3   0             0   0   0   0   0   0   0   0   0   0   0   0   0   0   0
F27     1.42963e-06   0   0   0   0   0   0   0   0   0   0   0   0   0   0   0
F27_1   0.999999      0   0   0   0   0   0   0   0   0   0   0   0   0   0   0
F27_2   0             0   0   0   0   0   0   0   0   0   0   0   0   0   0   0
F27_3    .            0   0   0   0   0   0   0   0   0   0   0   0   0   0   0
F28     0             .   0   0   0   0   0   0   0   0   0   0   0   0   0   0
F28_1   0             0   .   0   0   0   0   0   0   0   0   0   0   0   0   0
F28_2   0             0   0   .   0   0   0   0   0   0   0   0   0   0   0   0
F28_3   0             0   0   0   .   0   0   0   0   0   0   0   0   0   0   0
F29     0             0   0   0   0   .   0   0   0   0   0   0   0   0   0   0
F29_1   0             0   0   0   0   0   .   0   0   0   0   0   0   0   0   0
F29_2   0             0   0   0   0   0   0   .   0   0   0   0   0   0   0   0
F29_3   0             0   0   0   0   0   0   0   .   0   0   0   0   0   0   0
F30     0             0   0   0   0   0   0   0   0   .   0   0   0   0   0   0
F30_1   0             0   0   0   0   0   0   0   0   0   .   0   0   0   0   0
F30_2   0             0   0   0   0   0   0   0   0   0   0   .   0   0   0   0
F30_3   0             0   0   0   0   0   0   0   0   0   0   0   .   0   0   0
F31     0             0   0   0   0   0   0   0   0   0   0   0   0   .   0   0
F31_1   0             0   0   0   0   0   0   0   0   0   0   0   0   0   .   0
F31_2   0             0   0   0   0   0   0   0   0   0   0   0   0   0   0   .
F31_3   0             0   0   0   0   0   0   0   0   0   0   0   0   0   0   0
F32     0             0   0   0   0   0   0   0   0   0   0   0   0   0   0   0
F32_1   0             0   0   0   0   0   0   0   0   0   0   0   0   0   0   0
F32_2   0             0   0   0   0   0   0   0   0   0   0   0   0   0   0   0
F32_3   0             0   0   0   0   0   0   0   0   0   0   0   0   0   0   0
F33     0             0   0   0   0   0   0   0   0   0   0   0   0   0   0   0
F33_1   0             0   0   0   0   0   0   0   0   0   0   0   0   0   0   0
F33_2   0             0   0   0   0   0   0   0   0   0   0   0   0   0   0   0
F33_3   0             0   0   0   0   0   0   0   0   0   0   0   0   0   0   0
F34     0             0   0   0   0   0   0   0   0   0   0   0   0   0   0   0
F34_1   0             0   0   0   0   0   0   0   0   0   0   0   0   0   0   0
F34_2   0             0   0   0   0   0   0   0   0   0   0   0   0   0   0   0
F34_3   0             0   0   0   0   0   0   0   0   0   0   0   0   0   0   0
F35     0             0   0   0   0   0   0   0   0   0   0   0   0   0   0   0
F35_1   0             0   0   0   0   0   0   0   0   0   0   0   0   0   0   0
F35_2   0             0   0   0   0   0   0   0   0   0   0   0   0   0   0   0
F35_3   0             0   0   0   0   0   0   0   0   0   0   0   0   0   0   0
F36     0             0   0   0   0   0   0   0   0   0   0   0   0   0   0   0
F36_1   0             0   0   0   0   0   0   0   0   0   0   0   0   0   0   0
F36_2   0             0   0   0   0   0   0   0   0   0   0   0   0   0   0   0
F36_3   0             0   0   0   0   0   0   0   0   0   0   0   0   0   0   0
F37     0             0   0   0   0   0   0   0   0   0   0   0   0   0   0   0
F37_1   0             0   0   0   0   0   0   0   0   0   0   0   0   0   0   0
F37_2   0             0   0   0   0   0   0   0   0   0   0   0   0   0   0   0
F37_3   0             0   0   0   0   0   0   0   0   0   0   0   0   0   0   0
F38     0             0   0   0   0   0   0   0   0   0   0   0   0   0   0   0
F38_1   0             0   0   0   0   0   0   0   0   0   0   0   0   0   0   0
F38_2   0             0   0   0   0   0   0   0   0   0   0   0   0   0   0   0
F38_3   0             0   0   0   0   0   0   0   0   0   0   0   0   0   0   0
F39     0             0   0   0   0   0   0   0   0   0   0   0   0   0   0   0
F39_1   0             0   0   0   0   0   0   0   0   0   0   0   0   0   0   0
F39_2   0             0   0   0   0   0   0   0   0   0   0   0   0   0   0   0
F39_3   0             0   0   0   0   0   0   0   0   0   0   0   0   0   0   0
F40     0             0   0   0   0   0   0   0   0   0   0   0   0   0   0   0
F40_1   0             0   0   0   0   0   0   0   0   0   0   0   0   0   0   0
F40_2   0             0   0   0   0   0   0   0   0   0   0   0   0   0   0   0
F40_3   0             0   0   0   0   0   0   0   0   0   0   0   0   0   0   0
F41     0             0   0   0   0   0   0   0   0   0   0   0   0   0   0   0
F41_1   0             0   0   0   0   0   0   0   0   0   0   0   0   0   0   0
F41_2   0             0   0   0   0   0   0   0   0   0   0   0   0   0   0   0
F41_3   0             0   0   0   0   0   0   0   0   0   0   0   0   0   0   0
F42     0             0   0   0   0   0   0   0   0   0   0   0   0   0   0   0
F42_1   0             0   0   0   0   0   0   0   0   0   0   0   0   0   0   0
F42_2   0             0   0   0   0   0   0   0   0   0   0   0   0   0   0   0
F42_3   0             0   0   0   0   0   0   0   0   0   0   0   0   0   0   0
F43     0             0   0   0   0   0   0   0   0   0   0   0   0   0   0   0
F43_1   0             0   0   0   0   0   0   0   0   0   0   0   0   0   0   0
F43_2   0             0   0   0   0   0   0   0   0   0   0   0   0   0   0   0
F43_3   0             0   0   0   0   0   0   0   0   0   0   0   0   0   0   0
F44     0             0   0   0   0   0   0   0   0   0   0   0   0   0   0   0
F44_1   0             0   0   0   0   0   0   0   0   0   0   0   0   0   0   0
F44_2   0             0   0   0   0   0   0   0   0   0   0   0   0   0   0   0
F44_3   0             0   0   0   0   0   0   0   0   0   0   0   0   0   0   0
F45     0             0   0   0   0   0   0   0   0   0   0   0   0   0   0   0
F45_1   0             0   0   0   0   0   0   0   0   0   0   0   0   0   0   0
F45_2   0             0   0   0   0   0   0   0   0   0   0   0   0   0   0   0
F45_3   0             0   0   0   0   0   0   0   0   0   0   0   0   0   0   0
F46     0             0   0   0   0   0   0   0   0   0   0   0   0   0   0   0
F46_1   0             0   0   0   0   0   0   0   0   0   0   0   0   0   0   0
F46_2   0             0   0   0   0   0   0   0   0   0   0   0   0   0   0   0
F46_3   0             0   0   0   0   0   0   0   0   0   0   0   0   0   0   0
N0      0             0   0   0   0   0   0   0   0   0   0   0   0   0   0   0
Nσ      0             0   0   0   0   0   0   0   0   0   0   0   0   0   0   0

# $3 = F32_1
# $4 = F32_2
# $5 = F32_3
# $7 = F33_1
# $8 = F33_2
# $9 = F33_3
# $11 = F34_1
# $12 = F34_2
# $13 = F34_3
# $15 = F35_1
# $16 = F35_2
# $17 = F35_3
:     F31_3 F32  $3  $4  $5 F33  $7  $8  $9 F34 $11 $12 $13 F35 $15 $16 $17 F36 :=
C1       0    0   0   0   0   0   0   0   0   0   0   0   0   0   0   0   0   0
C10      0    0   0   0   0   0   0   0   0   0   0   0   0   0   0   0   0   0
C11      0    0   0   0   0   0   0   0   0   0   0   0   0   0   0   0   0   0
C12      0    0   0   0   0   0   0   0   0   0   0   0   0   0   0   0   0   0
C13      0    0   0   0   0   0   0   0   0   0   0   0   0   0   0   0   0   0
C14      0    0   0   0   0   0   0   0   0   0   0   0   0   0   0   0   0   0
C15      0    0   0   0   0   0   0   0   0   0   0   0   0   0   0   0   0   0
C16      0    0   0   0   0   0   0   0   0   0   0   0   0   0   0   0   0   0
C17      0    0   0   0   0   0   0   0   0   0   0   0   0   0   0   0   0   0
C18      0    0   0   0   0   0   0   0   0   0   0   0   0   0   0   0   0   0
C19      0    0   0   0   0   0   0   0   0   0   0   0   0   0   0   0   0   0
C2       0    0   0   0   0   0   0   0   0   0   0   0   0   0   0   0   0   0
C20      0    0   0   0   0   0   0   0   0   0   0   0   0   0   0   0   0   0
C21      0    0   0   0   0   0   0   0   0   0   0   0   0   0   0   0   0   0
C22      0    0   0   0   0   0   0   0   0   0   0   0   0   0   0   0   0   0
C23      0    0   0   0   0   0   0   0   0   0   0   0   0   0   0   0   0   0
C24      0    0   0   0   0   0   0   0   0   0   0   0   0   0   0   0   0   0
C25      0    0   0   0   0   0   0   0   0   0   0   0   0   0   0   0   0   0
C3       0    0   0   0   0   0   0   0   0   0   0   0   0   0   0   0   0   0
C4       0    0   0   0   0   0   0   0   0   0   0   0   0   0   0   0   0   0
C5       0    0   0   0   0   0   0   0   0   0   0   0   0   0   0   0   0   0
C6       0    0   0   0   0   0   1   0   0   0   0   0   0   0   0   0   0   0
C7       0    0   0   0   0   0   0   0   0   0   0   0   0   0   0   0   0   0
C8       0    0   0   0   0   0   0   0   0   0   0   0   0   0   0   0   0   0
C9       0    0   0   0   0   0   0   0   0   0   0   0   0   0   0   0   0   0
F26      0    0   0   0   0   0   0   0   0   0   0   0   0   0   0   0   0   0
F26_1    0    0   0   0   0   0   0   0   0   0   0   0   0   0   0   0   0   0
F26_2    0    0   0   0   0   0   0   0   0   0   0   0   0   0   0   0   0   0
F26_3    0    0   0   0   0   0   0   0   0   0   0   0   0   0   0   0   0   0
F27      0    0   0   0   0   0   0   0   0   0   0   0   0   0   0   0   0   0
F27_1    0    0   0   0   0   0   0   0   0   0   0   0   0   0   0   0   0   0
F27_2    0    0   0   0   0   0   0   0   0   0   0   0   0   0   0   0   0   0
F27_3    0    0   0   0   0   0   0   0   0   0   0   0   0   0   0   0   0   0
F28      0    0   0   0   0   0   0   0   0   0   0   0   0   0   0   0   0   0
F28_1    0    0   0   0   0   0   0   0   0   0   0   0   0   0   0   0   0   0
F28_2    0    0   0   0   0   0   0   0   0   0   0   0   0   0   0   0   0   0
F28_3    0    0   0   0   0   0   0   0   0   0   0   0   0   0   0   0   0   0
F29      0    0   0   0   0   0   0   0   0   0   0   0   0   0   0   0   0   0
F29_1    0    0   0   0   0   0   0   0   0   0   0   0   0   0   0   0   0   0
F29_2    0    0   0   0   0   0   0   0   0   0   0   0   0   0   0   0   0   0
F29_3    0    0   0   0   0   0   0   0   0   0   0   0   0   0   0   0   0   0
F30      0    0   0   0   0   0   0   0   0   0   0   0   0   0   0   0   0   0
F30_1    0    0   0   0   0   0   0   0   0   0   0   0   0   0   0   0   0   0
F30_2    0    0   0   0   0   0   0   0   0   0   0   0   0   0   0   0   0   0
F30_3    0    0   0   0   0   0   0   0   0   0   0   0   0   0   0   0   0   0
F31      0    0   0   0   0   0   0   0   0   0   0   0   0   0   0   0   0   0
F31_1    0    0   0   0   0   0   0   0   0   0   0   0   0   0   0   0   0   0
F31_2    0    0   0   0   0   0   0   0   0   0   0   0   0   0   0   0   0   0
F31_3    .    0   0   0   0   0   0   0   0   0   0   0   0   0   0   0   0   0
F32      0    .   0   0   0   0   0   0   0   0   0   0   0   0   0   0   0   0
F32_1    0    0   .   0   0   0   0   0   0   0   0   0   0   0   0   0   0   0
F32_2    0    0   0   .   0   0   0   0   0   0   0   0   0   0   0   0   0   0
F32_3    0    0   0   0   .   0   0   0   0   0   0   0   0   0   0   0   0   0
F33      0    0   0   0   0   .   0   0   0   0   0   0   0   0   0   0   0   0
F33_1    0    0   0   0   0   0   .   0   1   0   0   0   0   0   0   0   0   0
F33_2    0    0   0   0   0   0   0   .   0   0   0   0   0   0   0   0   0   0
F33_3    0    0   0   0   0   0   0   0   .   0   0   0   0   0   0   0   0   0
F34      0    0   0   0   0   0   0   0   0   .   0   0   0   0   0   0   0   0
F34_1    0    0   0   0   0   0   0   0   0   0   .   0   0   0   0   0   0   0
F34_2    0    0   0   0   0   0   0   0   0   0   0   .   0   0   0   0   0   0
F34_3    0    0   0   0   0   0   0   0   0   0   0   0   .   0   0   0   0   0
F35      0    0   0   0   0   0   0   0   0   0   0   0   0   .   0   0   0   0
F35_1    0    0   0   0   0   0   0   0   0   0   0   0   0   0   .   0   0   0
F35_2    0    0   0   0   0   0   0   0   0   0   0   0   0   0   0   .   0   0
F35_3    0    0   0   0   0   0   0   0   0   0   0   0   0   0   0   0   .   0
F36      0    0   0   0   0   0   0   0   0   0   0   0   0   0   0   0   0   .
F36_1    0    0   0   0   0   0   0   0   0   0   0   0   0   0   0   0   0   0
F36_2    0    0   0   0   0   0   0   0   0   0   0   0   0   0   0   0   0   0
F36_3    0    0   0   0   0   0   0   0   0   0   0   0   0   0   0   0   0   0
F37      0    0   0   0   0   0   0   0   0   0   0   0   0   0   0   0   0   0
F37_1    0    0   0   0   0   0   0   0   0   0   0   0   0   0   0   0   0   0
F37_2    0    0   0   0   0   0   0   0   0   0   0   0   0   0   0   0   0   0
F37_3    0    0   0   0   0   0   0   0   0   0   0   0   0   0   0   0   0   0
F38      0    0   0   0   0   0   0   0   0   0   0   0   0   0   0   0   0   0
F38_1    0    0   0   0   0   0   0   0   0   0   0   0   0   0   0   0   0   0
F38_2    0    0   0   0   0   0   0   0   0   0   0   0   0   0   0   0   0   0
F38_3    0    0   0   0   0   0   0   0   0   0   0   0   0   0   0   0   0   0
F39      0    0   0   0   0   0   0   0   0   0   0   0   0   0   0   0   0   0
F39_1    0    0   0   0   0   0   0   0   0   0   0   0   0   0   0   0   0   0
F39_2    0    0   0   0   0   0   0   0   0   0   0   0   0   0   0   0   0   0
F39_3    0    0   0   0   0   0   0   0   0   0   0   0   0   0   0   0   0   0
F40      0    0   0   0   0   0   0   0   0   0   0   0   0   0   0   0   0   0
F40_1    0    0   0   0   0   0   0   0   0   0   0   0   0   0   0   0   0   0
F40_2    0    0   0   0   0   0   0   0   0   0   0   0   0   0   0   0   0   0
F40_3    0    0   0   0   0   0   0   0   0   0   0   0   0   0   0   0   0   0
F41      0    0   0   0   0   0   0   0   0   0   0   0   0   0   0   0   0   0
F41_1    0    0   0   0   0   0   0   0   0   0   0   0   0   0   0   0   0   0
F41_2    0    0   0   0   0   0   0   0   0   0   0   0   0   0   0   0   0   0
F41_3    0    0   0   0   0   0   0   0   0   0   0   0   0   0   0   0   0   0
F42      0    0   0   0   0   0   0   0   0   0   0   0   0   0   0   0   0   0
F42_1    0    0   0   0   0   0   0   0   0   0   0   0   0   0   0   0   0   0
F42_2    0    0   0   0   0   0   0   0   0   0   0   0   0   0   0   0   0   0
F42_3    0    0   0   0   0   0   0   0   0   0   0   0   0   0   0   0   0   0
F43      0    0   0   0   0   0   0   0   0   0   0   0   0   0   0   0   0   0
F43_1    0    0   0   0   0   0   0   0   0   0   0   0   0   0   0   0   0   0
F43_2    0    0   0   0   0   0   0   0   0   0   0   0   0   0   0   0   0   0
F43_3    0    0   0   0   0   0   0   0   0   0   0   0   0   0   0   0   0   0
F44      0    0   0   0   0   0   0   0   0   0   0   0   0   0   0   0   0   0
F44_1    0    0   0   0   0   0   0   0   0   0   0   0   0   0   0   0   0   0
F44_2    0    0   0   0   0   0   0   0   0   0   0   0   0   0   0   0   0   0
F44_3    0    0   0   0   0   0   0   0   0   0   0   0   0   0   0   0   0   0
F45      0    0   0   0   0   0   0   0   0   0   0   0   0   0   0   0   0   0
F45_1    0    0   0   0   0   0   0   0   0   0   0   0   0   0   0   0   0   0
F45_2    0    0   0   0   0   0   0   0   0   0   0   0   0   0   0   0   0   0
F45_3    0    0   0   0   0   0   0   0   0   0   0   0   0   0   0   0   0   0
F46      0    0   0   0   0   0   0   0   0   0   0   0   0   0   0   0   0   0
F46_1    0    0   0   0   0   0   0   0   0   0   0   0   0   0   0   0   0   0
F46_2    0    0   0   0   0   0   0   0   0   0   0   0   0   0   0   0   0   0
F46_3    0    0   0   0   0   0   0   0   0   0   0   0   0   0   0   0   0   0
N0       0    0   0   0   0   0   0   0   0   0   0   0   0   0   0   0   0   0
Nσ       0    0   0   0   0   0   0   0   0   0   0   0   0   0   0   0   0   0

# $2 = F36_2
# $3 = F36_3
# $5 = F37_1
# $6 = F37_2
# $7 = F37_3
# $9 = F38_1
# $10 = F38_2
# $11 = F38_3
# $13 = F39_1
# $14 = F39_2
# $15 = F39_3
# $17 = F40_1
# $18 = F40_2
:     F36_1  $2  $3 F37  $5  $6  $7 F38  $9 $10 $11 F39 $13 $14 $15 F40 $17 $18 :=
C1       0    0   0   0   0   0   0   0   0   0   0   0   0   0   0   0   0   0
C10      0    0   0   0   0   0   0   0   0   0   0   0   0   0   0   0   0   0
C11      0    0   0   0   0   0   0   0   0   0   0   0   0   0   0   0   0   0
C12      0    0   0   0   0   0   0   0   0   0   0   0   0   0   0   0   0   0
C13      0    0   0   0   0   0   0   0   0   0   0   0   0   0   0   0   0   0
C14      0    0   0   0   0   0   0   0   0   0   0   0   0   0   0   0   0   0
C15      0    0   0   0   0   0   0   0   0   0   0   0   0   0   0   0   0   0
C16      0    0   0   0   0   0   0   0   0   0   0   0   0   0   0   0   0   0
C17      0    0   0   0   0   0   0   0   0   0   0   0   0   0   0   0   0   0
C18      0    0   0   0   0   0   0   0   0   0   0   0   0   0   0   0   0   0
C19      0    0   0   0   0   0   0   0   0   0   0   0   0   0   0   0   0   0
C2       0    0   0   0   0   0   0   0   0   0   0   0   0   0   0   0   0   0
C20      0    0   0   0   0   0   0   0   0   0   0   0   0   0   0   0   0   0
C21      0    0   0   0   0   0   0   0   0   0   0   0   0   0   0   0   0   0
C22      0    0   0   0   0   0   0   0   0   0   0   0   0   0   0   0   0   0
C23      0    0   0   0   0   0   0   0   0   0   0   0   0   0   0   0   0   0
C24      0    0   0   0   0   0   0   0   0   0   0   0   0   0   0   0   0   0
C25      0    0   0   0   0   0   0   0   0   0   0   0   0   0   0   0   0   0
C3       0    0   0   0   0   0   0   0   0   0   0   0   0   0   0   0   0   0
C4       0    0   0   0   0   0   0   0   0   0   0   0   0   0   0   0   0   0
C5       0    0   0   0   0   0   0   0   0   0   0   0   0   0   0   0   0   0
C6       0    0   0   0   0   0   0   0   0   0   0   0   0   0   0   0   0   0
C7       0    0   0   0   0   0   0   0   0   0   0   0   0   0   0   0   0   0
C8       0    0   0   0   0   0   0   0   0   0   0   0   0   0   0   0   0   0
C9       0    0   0   0   0   0   0   0   0   0   0   0   0   0   0   0   0   0
F26      0    0   0   0   0   0   0   0   0   0   0   0   0   0   0   0   0   0
F26_1    0    0   0   0   0   0   0   0   0   0   0   0   0   0   0   0   0   0
F26_2    0    0   0   0   0   0   0   0   0   0   0   0   0   0   0   0   0   0
F26_3    0    0   0   0   0   0   0   0   0   0   0   0   0   0   0   0   0   0
F27      0    0   0   0   0   0   0   0   0   0   0   0   0   0   0   0   0   0
F27_1    0    0   0   0   0   0   0   0   0   0   0   0   0   0   0   0   0   0
F27_2    0    0   0   0   0   0   0   0   0   0   0   0   0   0   0   0   0   0
F27_3    0    0   0   0   0   0   0   0   0   0   0   0   0   0   0   0   0   0
F28      0    0   0   0   0   0   0   0   0   0   0   0   0   0   0   0   0   0
F28_1    0    0   0   0   0   0   0   0   0   0   0   0   0   0   0   0   0   0
F28_2    0    0   0   0   0   0   0   0   0   0   0   0   0   0   0   0   0   0
F28_3    0    0   0   0   0   0   0   0   0   0   0   0   0   0   0   0   0   0
F29      0    0   0   0   0   0   0   0   0   0   0   0   0   0   0   0   0   0
F29_1    0    0   0   0   0   0   0   0   0   0   0   0   0   0   0   0   0   0
F29_2    0    0   0   0   0   0   0   0   0   0   0   0   0   0   0   0   0   0
F29_3    0    0   0   0   0   0   0   0   0   0   0   0   0   0   0   0   0   0
F30      0    0   0   0   0   0   0   0   0   0   0   0   0   0   0   0   0   0
F30_1    0    0   0   0   0   0   0   0   0   0   0   0   0   0   0   0   0   0
F30_2    0    0   0   0   0   0   0   0   0   0   0   0   0   0   0   0   0   0
F30_3    0    0   0   0   0   0   0   0   0   0   0   0   0   0   0   0   0   0
F31      0    0   0   0   0   0   0   0   0   0   0   0   0   0   0   0   0   0
F31_1    0    0   0   0   0   0   0   0   0   0   0   0   0   0   0   0   0   0
F31_2    0    0   0   0   0   0   0   0   0   0   0   0   0   0   0   0   0   0
F31_3    0    0   0   0   0   0   0   0   0   0   0   0   0   0   0   0   0   0
F32      0    0   0   0   0   0   0   0   0   0   0   0   0   0   0   0   0   0
F32_1    0    0   0   0   0   0   0   0   0   0   0   0   0   0   0   0   0   0
F32_2    0    0   0   0   0   0   0   0   0   0   0   0   0   0   0   0   0   0
F32_3    0    0   0   0   0   0   0   0   0   0   0   0   0   0   0   0   0   0
F33      0    0   0   0   0   0   0   0   0   0   0   0   0   0   0   0   0   0
F33_1    0    0   0   0   0   0   0   0   0   0   0   0   0   0   0   0   0   0
F33_2    0    0   0   0   0   0   0   0   0   0   0   0   0   0   0   0   0   0
F33_3    0    0   0   0   0   0   0   0   0   0   0   0   0   0   0   0   0   0
F34      0    0   0   0   0   0   0   0   0   0   0   0   0   0   0   0   0   0
F34_1    0    0   0   0   0   0   0   0   0   0   0   0   0   0   0   0   0   0
F34_2    0    0   0   0   0   0   0   0   0   0   0   0   0   0   0   0   0   0
F34_3    0    0   0   0   0   0   0   0   0   0   0   0   0   0   0   0   0   0
F35      0    0   0   0   0   0   0   0   0   0   0   0   0   0   0   0   0   0
F35_1    0    0   0   0   0   0   0   0   0   0   0   0   0   0   0   0   0   0
F35_2    0    0   0   0   0   0   0   0   0   0   0   0   0   0   0   0   0   0
F35_3    0    0   0   0   0   0   0   0   0   0   0   0   0   0   0   0   0   0
F36      0    0   0   0   0   0   0   0   0   0   0   0   0   0   0   0   0   0
F36_1    .    0   0   0   0   0   0   0   0   0   0   0   0   0   0   0   0   0
F36_2    0    .   0   0   0   0   0   0   0   0   0   0   0   0   0   0   0   0
F36_3    0    0   .   0   0   0   0   0   0   0   0   0   0   0   0   0   0   0
F37      0    0   0   .   0   0   0   0   0   0   0   0   0   0   0   0   0   0
F37_1    0    0   0   0   .   0   0   0   0   0   0   0   0   0   0   0   0   0
F37_2    0    0   0   0   0   .   0   0   0   0   0   0   0   0   0   0   0   0
F37_3    0    0   0   0   0   0   .   0   0   0   0   0   0   0   0   0   0   0
F38      0    0   0   0   0   0   0   .   0   0   0   0   0   0   0   0   0   0
F38_1    0    0   0   0   0   0   0   0   .   0   0   0   0   0   0   0   0   0
F38_2    0    0   0   0   0   0   0   0   0   .   0   0   0   0   0   0   0   0
F38_3    0    0   0   0   0   0   0   0   0   0   .   0   0   0   0   0   0   0
F39      0    0   0   0   0   0   0   0   0   0   0   .   0   0   0   0   0   0
F39_1    0    0   0   0   0   0   0   0   0   0   0   0   .   0   0   0   0   0
F39_2    0    0   0   0   0   0   0   0   0   0   0   0   0   .   0   0   0   0
F39_3    0    0   0   0   0   0   0   0   0   0   0   0   0   0   .   0   0   0
F40      0    0   0   0   0   0   0   0   0   0   0   0   0   0   0   .   0   0
F40_1    0    0   0   0   0   0   0   0   0   0   0   0   0   0   0   0   .   0
F40_2    0    0   0   0   0   0   0   0   0   0   0   0   0   0   0   0   0   .
F40_3    0    0   0   0   0   0   0   0   0   0   0   0   0   0   0   0   0   0
F41      0    0   0   0   0   0   0   0   0   0   0   0   0   0   0   0   0   0
F41_1    0    0   0   0   0   0   0   0   0   0   0   0   0   0   0   0   0   0
F41_2    0    0   0   0   0   0   0   0   0   0   0   0   0   0   0   0   0   0
F41_3    0    0   0   0   0   0   0   0   0   0   0   0   0   0   0   0   0   0
F42      0    0   0   0   0   0   0   0   0   0   0   0   0   0   0   0   0   0
F42_1    0    0   0   0   0   0   0   0   0   0   0   0   0   0   0   0   0   0
F42_2    0    0   0   0   0   0   0   0   0   0   0   0   0   0   0   0   0   0
F42_3    0    0   0   0   0   0   0   0   0   0   0   0   0   0   0   0   0   0
F43      0    0   0   0   0   0   0   0   0   0   0   0   0   0   0   0   0   0
F43_1    0    0   0   0   0   0   0   0   0   0   0   0   0   0   0   0   0   0
F43_2    0    0   0   0   0   0   0   0   0   0   0   0   0   0   0   0   0   0
F43_3    0    0   0   0   0   0   0   0   0   0   0   0   0   0   0   0   0   0
F44      0    0   0   0   0   0   0   0   0   0   0   0   0   0   0   0   0   0
F44_1    0    0   0   0   0   0   0   0   0   0   0   0   0   0   0   0   0   0
F44_2    0    0   0   0   0   0   0   0   0   0   0   0   0   0   0   0   0   0
F44_3    0    0   0   0   0   0   0   0   0   0   0   0   0   0   0   0   0   0
F45      0    0   0   0   0   0   0   0   0   0   0   0   0   0   0   0   0   0
F45_1    0    0   0   0   0   0   0   0   0   0   0   0   0   0   0   0   0   0
F45_2    0    0   0   0   0   0   0   0   0   0   0   0   0   0   0   0   0   0
F45_3    0    0   0   0   0   0   0   0   0   0   0   0   0   0   0   0   0   0
F46      0    0   0   0   0   0   0   0   0   0   0   0   0   0   0   0   0   0
F46_1    0    0   0   0   0   0   0   0   0   0   0   0   0   0   0   0   0   0
F46_2    0    0   0   0   0   0   0   0   0   0   0   0   0   0   0   0   0   0
F46_3    0    0   0   0   0   0   0   0   0   0   0   0   0   0   0   0   0   0
N0       0    0   0   0   0   0   0   0   0   0   0   0   0   0   0   0   0   0
Nσ       0    0   0   0   0   0   0   0   0   0   0   0   0   0   0   0   0   0

# $3 = F41_1
# $4 = F41_2
# $5 = F41_3
# $7 = F42_1
# $8 = F42_2
# $9 = F42_3
# $11 = F43_1
# $12 = F43_2
# $13 = F43_3
# $15 = F44_1
# $16 = F44_2
# $17 = F44_3
:     F40_3 F41  $3  $4  $5 F42  $7  $8  $9 F43 $11 $12 $13 F44 $15 $16 $17 F45 :=
C1       0    0   0   0   0   0   0   0   0   0   0   0   0   0   0   0   0   0
C10      0    0   0   0   0   0   0   0   0   0   0   0   0   0   0   0   0   0
C11      0    0   0   0   0   0   0   0   0   0   0   0   0   0   0   0   0   0
C12      0    0   0   0   0   0   0   0   0   0   0   0   0   0   0   0   0   0
C13      0    0   0   0   0   0   0   0   0   0   0   0   0   0   0   0   0   0
C14      0    0   0   0   0   0   0   0   0   0   0   0   0   0   0   0   0   0
C15      0    0   0   0   0   0   0   0   0   0   0   0   0   0   0   0   0   0
C16      0    0   0   0   0   0   0   0   0   0   0   0   0   0   0   0   0   0
C17      0    0   0   0   0   0   0   0   0   0   0   0   0   0   0   0   0   0
C18      0    0   0   0   0   0   0   0   0   0   0   0   0   0   0   0   0   0
C19      0    0   0   0   0   0   0   0   0   0   0   0   0   0   0   0   0   0
C2       0    0   0   0   0   0   0   0   0   0   0   0   0   0   0   0   0   0
C20      0    0   0   0   0   0   0   0   0   0   0   0   0   0   0   0   0   0
C21      0    0   0   0   0   0   0   0   0   0   0   0   0   0   0   0   0   0
C22      0    0   0   0   0   0   0   0   0   0   0   0   0   0   0   0   0   0
C23      0    0   0   0   0   0   0   0   0   0   0   0   0   0   0   0   0   0
C24      0    0   0   0   0   0   0   0   0   0   0   0   0   0   0   0   0   0
C25      0    0   0   0   0   0   0   0   0   0   0   0   0   0   0   0   0   0
C3       0    0   0   0   0   0   0   0   0   0   0   0   0   0   0   0   0   0
C4       0    0   0   0   0   0   0   0   0   0   0   0   0   0   0   0   0   0
C5       0    0   0   0   0   0   0   0   0   0   0   0   0   0   0   0   0   0
C6       0    0   0   0   0   0   0   0   0   0   0   0   0   0   0   0   0   0
C7       0    0   0   0   0   0   0   0   0   0   0   0   0   0   0   0   0   0
C8       0    0   0   0   0   0   0   0   0   0   0   0   0   0   0   0   0   0
C9       0    0   0   0   0   0   0   0   0   0   0   0   0   0   0   0   0   0
F26      0    0   0   0   0   0   0   0   0   0   0   0   0   0   0   0   0   0
F26_1    0    0   0   0   0   0   0   0   0   0   0   0   0   0   0   0   0   0
F26_2    0    0   0   0   0   0   0   0   0   0   0   0   0   0   0   0   0   0
F26_3    0    0   0   0   0   0   0   0   0   0   0   0   0   0   0   0   0   0
F27      0    0   0   0   0   0   0   0   0   0   0   0   0   0   0   0   0   0
F27_1    0    0   0   0   0   0   0   0   0   0   0   0   0   0   0   0   0   0
F27_2    0    0   0   0   0   0   0   0   0   0   0   0   0   0   0   0   0   0
F27_3    0    0   0   0   0   0   0   0   0   0   0   0   0   0   0   0   0   0
F28      0    0   0   0   0   0   0   0   0   0   0   0   0   0   0   0   0   0
F28_1    0    0   0   0   0   0   0   0   0   0   0   0   0   0   0   0   0   0
F28_2    0    0   0   0   0   0   0   0   0   0   0   0   0   0   0   0   0   0
F28_3    0    0   0   0   0   0   0   0   0   0   0   0   0   0   0   0   0   0
F29      0    0   0   0   0   0   0   0   0   0   0   0   0   0   0   0   0   0
F29_1    0    0   0   0   0   0   0   0   0   0   0   0   0   0   0   0   0   0
F29_2    0    0   0   0   0   0   0   0   0   0   0   0   0   0   0   0   0   0
F29_3    0    0   0   0   0   0   0   0   0   0   0   0   0   0   0   0   0   0
F30      0    0   0   0   0   0   0   0   0   0   0   0   0   0   0   0   0   0
F30_1    0    0   0   0   0   0   0   0   0   0   0   0   0   0   0   0   0   0
F30_2    0    0   0   0   0   0   0   0   0   0   0   0   0   0   0   0   0   0
F30_3    0    0   0   0   0   0   0   0   0   0   0   0   0   0   0   0   0   0
F31      0    0   0   0   0   0   0   0   0   0   0   0   0   0   0   0   0   0
F31_1    0    0   0   0   0   0   0   0   0   0   0   0   0   0   0   0   0   0
F31_2    0    0   0   0   0   0   0   0   0   0   0   0   0   0   0   0   0   0
F31_3    0    0   0   0   0   0   0   0   0   0   0   0   0   0   0   0   0   0
F32      0    0   0   0   0   0   0   0   0   0   0   0   0   0   0   0   0   0
F32_1    0    0   0   0   0   0   0   0   0   0   0   0   0   0   0   0   0   0
F32_2    0    0   0   0   0   0   0   0   0   0   0   0   0   0   0   0   0   0
F32_3    0    0   0   0   0   0   0   0   0   0   0   0   0   0   0   0   0   0
F33      0    0   0   0   0   0   0   0   0   0   0   0   0   0   0   0   0   0
F33_1    0    0   0   0   0   0   0   0   0   0   0   0   0   0   0   0   0   0
F33_2    0    0   0   0   0   0   0   0   0   0   0   0   0   0   0   0   0   0
F33_3    0    0   0   0   0   0   0   0   0   0   0   0   0   0   0   0   0   0
F34      0    0   0   0   0   0   0   0   0   0   0   0   0   0   0   0   0   0
F34_1    0    0   0   0   0   0   0   0   0   0   0   0   0   0   0   0   0   0
F34_2    0    0   0   0   0   0   0   0   0   0   0   0   0   0   0   0   0   0
F34_3    0    0   0   0   0   0   0   0   0   0   0   0   0   0   0   0   0   0
F35      0    0   0   0   0   0   0   0   0   0   0   0   0   0   0   0   0   0
F35_1    0    0   0   0   0   0   0   0   0   0   0   0   0   0   0   0   0   0
F35_2    0    0   0   0   0   0   0   0   0   0   0   0   0   0   0   0   0   0
F35_3    0    0   0   0   0   0   0   0   0   0   0   0   0   0   0   0   0   0
F36      0    0   0   0   0   0   0   0   0   0   0   0   0   0   0   0   0   0
F36_1    0    0   0   0   0   0   0   0   0   0   0   0   0   0   0   0   0   0
F36_2    0    0   0   0   0   0   0   0   0   0   0   0   0   0   0   0   0   0
F36_3    0    0   0   0   0   0   0   0   0   0   0   0   0   0   0   0   0   0
F37      0    0   0   0   0   0   0   0   0   0   0   0   0   0   0   0   0   0
F37_1    0    0   0   0   0   0   0   0   0   0   0   0   0   0   0   0   0   0
F37_2    0    0   0   0   0   0   0   0   0   0   0   0   0   0   0   0   0   0
F37_3    0    0   0   0   0   0   0   0   0   0   0   0   0   0   0   0   0   0
F38      0    0   0   0   0   0   0   0   0   0   0   0   0   0   0   0   0   0
F38_1    0    0   0   0   0   0   0   0   0   0   0   0   0   0   0   0   0   0
F38_2    0    0   0   0   0   0   0   0   0   0   0   0   0   0   0   0   0   0
F38_3    0    0   0   0   0   0   0   0   0   0   0   0   0   0   0   0   0   0
F39      0    0   0   0   0   0   0   0   0   0   0   0   0   0   0   0   0   0
F39_1    0    0   0   0   0   0   0   0   0   0   0   0   0   0   0   0   0   0
F39_2    0    0   0   0   0   0   0   0   0   0   0   0   0   0   0   0   0   0
F39_3    0    0   0   0   0   0   0   0   0   0   0   0   0   0   0   0   0   0
F40      0    0   0   0   0   0   0   0   0   0   0   0   0   0   0   0   0   0
F40_1    0    0   0   0   0   0   0   0   0   0   0   0   0   0   0   0   0   0
F40_2    0    0   0   0   0   0   0   0   0   0   0   0   0   0   0   0   0   0
F40_3    .    0   0   0   0   0   0   0   0   0   0   0   0   0   0   0   0   0
F41      0    .   0   0   0   0   0   0   0   0   0   0   0   0   0   0   0   0
F41_1    0    0   .   0   0   0   0   0   0   0   0   0   0   0   0   0   0   0
F41_2    0    0   0   .   0   0   0   0   0   0   0   0   0   0   0   0   0   0
F41_3    0    0   0   0   .   0   0   0   0   0   0   0   0   0   0   0   0   0
F42      0    0   0   0   0   .   0   0   0   0   0   0   0   0   0   0   0   0
F42_1    0    0   0   0   0   0   .   0   0   0   0   0   0   0   0   0   0   0
F42_2    0    0   0   0   0   0   0   .   0   0   0   0   0   0   0   0   0   0
F42_3    0    0   0   0   0   0   0   0   .   0   0   0   0   0   0   0   0   0
F43      0    0   0   0   0   0   0   0   0   .   0   0   0   0   0   0   0   0
F43_1    0    0   0   0   0   0   0   0   0   0   .   0   0   0   0   0   0   0
F43_2    0    0   0   0   0   0   0   0   0   0   0   .   0   0   0   0   0   0
F43_3    0    0   0   0   0   0   0   0   0   0   0   0   .   0   0   0   0   0
F44      0    0   0   0   0   0   0   0   0   0   0   0   0   .   0   0   0   0
F44_1    0    0   0   0   0   0   0   0   0   0   0   0   0   0   .   0   0   0
F44_2    0    0   0   0   0   0   0   0   0   0   0   0   0   0   0   .   0   0
F44_3    0    0   0   0   0   0   0   0   0   0   0   0   0   0   0   0   .   0
F45      0    0   0   0   0   0   0   0   0   0   0   0   0   0   0   0   0   .
F45_1    0    0   0   0   0   0   0   0   0   0   0   0   0   0   0   0   0   0
F45_2    0    0   0   0   0   0   0   0   0   0   0   0   0   0   0   0   0   0
F45_3    0    0   0   0   0   0   0   0   0   0   0   0   0   0   0   0   0   0
F46      0    0   0   0   0   0   0   0   0   0   0   0   0   0   0   0   0   0
F46_1    0    0   0   0   0   0   0   0   0   0   0   0   0   0   0   0   0   0
F46_2    0    0   0   0   0   0   0   0   0   0   0   0   0   0   0   0   0   0
F46_3    0    0   0   0   0   0   0   0   0   0   0   0   0   0   0   0   0   0
N0       0    0   0   0   0   0   0   0   0   0   0   0   0   0   0   0   0   0
Nσ       0    0   0   0   0   0   0   0   0   0   0   0   0   0   0   0   0   0

:     F45_1 F45_2 F45_3 F46 F46_1 F46_2 F46_3  N0  Nσ    :=
C1       0     0     0    0    0     0     0    0   0
C10      0     0     0    0    0     0     0    0   0
C11      0     0     0    0    0     0     0    0   1
C12      0     0     0    0    0     0     0    0   0
C13      0     0     0    0    0     0     0    0   0
C14      0     0     0    0    0     0     0    0   0
C15      0     0     0    0    0     0     0    0   0
C16      0     0     0    0    0     0     0    0   0
C17      0     0     0    0    0     0     0    0   0
C18      0     0     0    0    0     0     0    0   0
C19      0     0     0    0    0     0     0    0   1
C2       0     0     0    0    0     0     0    0   0
C20      0     0     0    0    0     0     0    0   0
C21      0     0     0    0    0     0     0    0   0
C22      0     0     0    0    0     0     0    0   1
C23      0     0     0    0    0     0     0    0   0
C24      0     0     0    0    0     0     0    0   0
C25      0     0     0    0    0     0     0    0   1
C3       0     0     0    0    0     0     0    0   0
C4       0     0     0    0    0     0     0    0   0
C5       0     0     0    0    0     0     0    0   0
C6       0     0     0    0    0     0     0    0   0
C7       0     0     0    0    0     0     0    0   0
C8       0     0     0    0    0     0     0    0   0
C9       0     0     0    0    0     0     0    0   0
F26      0     0     0    0    0     0     0    0   0
F26_1    0     0     0    0    0     0     0    0   0
F26_2    0     0     0    0    0     0     0    0   0
F26_3    0     0     0    0    0     0     0    0   0
F27      0     0     0    0    0     0     0    0   0
F27_1    0     0     0    0    0     0     0    0   0
F27_2    0     0     0    0    0     0     0    0   0
F27_3    0     0     0    0    0     0     0    0   0
F28      0     0     0    0    0     0     0    0   0
F28_1    0     0     0    0    0     0     0    0   0
F28_2    0     0     0    0    0     0     0    0   0
F28_3    0     0     0    0    0     0     0    0   0
F29      0     0     0    0    0     0     0    0   0
F29_1    0     0     0    0    0     0     0    0   0
F29_2    0     0     0    0    0     0     0    0   0
F29_3    0     0     0    0    0     0     0    0   0
F30      0     0     0    0    0     0     0    0   0
F30_1    0     0     0    0    0     0     0    0   0
F30_2    0     0     0    0    0     0     0    0   0
F30_3    0     0     0    0    0     0     0    0   0
F31      0     0     0    0    0     0     0    0   0
F31_1    0     0     0    0    0     0     0    0   0
F31_2    0     0     0    0    0     0     0    0   0
F31_3    0     0     0    0    0     0     0    0   0
F32      0     0     0    0    0     0     0    0   0
F32_1    0     0     0    0    0     0     0    0   0
F32_2    0     0     0    0    0     0     0    0   0
F32_3    0     0     0    0    0     0     0    0   0
F33      0     0     0    0    0     0     0    0   0
F33_1    0     0     0    0    0     0     0    0   0
F33_2    0     0     0    0    0     0     0    0   0
F33_3    0     0     0    0    0     0     0    0   0
F34      0     0     0    0    0     0     0    0   0
F34_1    0     0     0    0    0     0     0    0   0
F34_2    0     0     0    0    0     0     0    0   0
F34_3    0     0     0    0    0     0     0    0   0
F35      0     0     0    0    0     0     0    0   0
F35_1    0     0     0    0    0     0     0    0   0
F35_2    0     0     0    0    0     0     0    0   0
F35_3    0     0     0    0    0     0     0    0   0
F36      0     0     0    0    0     0     0    0   0
F36_1    0     0     0    0    0     0     0    0   0
F36_2    0     0     0    0    0     0     0    0   0
F36_3    0     0     0    0    0     0     0    0   0
F37      0     0     0    0    0     0     0    0   0
F37_1    0     0     0    0    0     0     0    0   0
F37_2    0     0     0    0    0     0     0    0   0
F37_3    0     0     0    0    0     0     0    0   0
F38      0     0     0    0    0     0     0    0   0
F38_1    0     0     0    0    0     0     0    0   0
F38_2    0     0     0    0    0     0     0    0   0
F38_3    0     0     0    0    0     0     0    0   0
F39      0     0     0    0    0     0     0    0   0
F39_1    0     0     0    0    0     0     0    0   0
F39_2    0     0     0    0    0     0     0    0   0
F39_3    0     0     0    0    0     0     0    0   0
F40      0     0     0    0    0     0     0    0   0
F40_1    0     0     0    0    0     0     0    0   0
F40_2    0     0     0    0    0     0     0    0   0
F40_3    0     0     0    0    0     0     0    0   0
F41      0     0     0    0    0     0     0    0   0
F41_1    0     0     0    0    0     0     0    0   0
F41_2    0     0     0    0    0     0     0    0   0
F41_3    0     0     0    0    0     0     0    0   0
F42      0     0     0    0    0     0     0    0   0
F42_1    0     0     0    0    0     0     0    0   0
F42_2    0     0     0    0    0     0     0    0   0
F42_3    0     0     0    0    0     0     0    0   0
F43      0     0     0    0    0     0     0    0   0
F43_1    0     0     0    0    0     0     0    0   0
F43_2    0     0     0    0    0     0     0    0   0
F43_3    0     0     0    0    0     0     0    0   0
F44      0     0     0    0    0     0     0    0   0
F44_1    0     0     0    0    0     0     0    0   0
F44_2    0     0     0    0    0     0     0    0   0
F44_3    0     0     0    0    0     0     0    0   0
F45      0     0     0    0    0     0     0    0   0
F45_1    .     0     0    0    0     0     0    0   0
F45_2    0     .     0    0    0     0     0    0   0
F45_3    0     0     .    0    0     0     0    0   0
F46      0     0     0    .    0     0     0    0   0
F46_1    0     0     0    0    .     0     0    0   0
F46_2    0     0     0    0    0     .     0    0   0
F46_3    0     0     0    0    0     0     .    0   0
N0       0     0     0    0    0     0     0    .   0
Nσ       0     0     0    0    0     0     0    0   .
;

sum{i in D0, j in Vplun} x[i,j] = 4

sum{i in Vall, j in Vall: i != j} x[i,j]*t[i,j] = 471.813

sum{i in F} z[i]*R[i] = 3.70636

sum{i in F, j in Vplunend: i != j} y[i]*x[i,j] = 0

a [*] :=
   C1  638.591    F26_3    0        F33_3 2408.07     F40_3    0
  C10  739.031      F27    0          F34    0          F41  937.406
  C11 2740.52     F27_1   33.0606   F34_1    0        F41_1    0
  C12  280        F27_2 2452.59     F34_2 3294.74     F41_2    0
  C13  834.031    F27_3   49.9003   F34_3    0        F41_3    0
  C14  486.168      F28 3390          F35 3390          F42    0
  C15 2839.59     F28_1    0        F35_1 3390        F42_1    0
  C16 1602        F28_2    0        F35_2    0        F42_2    0
  C17 2466.91     F28_3    0        F35_3 3390        F42_3    0
  C18 1546          F29 3390          F36 3390          F43 3390
  C19 3257        F29_1    0        F36_1    0        F43_1    0
   C2 1416        F29_2 3390        F36_2 1306.03     F43_2 3390
  C20 2099.7      F29_3 3390        F36_3    0        F43_3  145.429
  C21 1510          F30 3390          F37    0          F44  937.406
  C22 2953.13     F30_1 3161.11     F37_1    0        F44_1  937.406
  C23 2200        F30_2 3390        F37_2    0        F44_2  937.406
  C24 2204.6      F30_3 3275.55     F37_3    0        F44_3  937.406
  C25 2421.97       F31    0          F38 3253.08       F45    0
   C3 1065        F31_1    0        F38_1    0        F45_1    0
   C4 1994.18     F31_2    0        F38_2    0        F45_2    0
   C5  172        F31_3    0        F38_3    0        F45_3    0
   C6 2311          F32    0          F39    0          F46    0
   C7  361.512    F32_1    0        F39_1    0        F46_1    0
   C8 2574        F32_2    0        F39_2    0        F46_2 3390
   C9 1413        F32_3    0        F39_3    0        F46_3 3390
  F26    0          F33    0          F40    0           N0    0
F26_1    0        F33_1 2408.07     F40_1 3390           Nσ 3390
F26_2    0        F33_2 3390        F40_2    0
;

u [*] :=
   C1 670      C4 580   F29_1 700     F34 700   F38_3 700   F43_2 700
  C10 650      C5 700   F29_2 610   F34_1 700     F39 700   F43_3 700
  C11 530      C6 680   F29_3 670   F34_2 700   F39_1 700     F44 700
  C12 690      C7 700     F30 610   F34_3 700   F39_2 700   F44_1 660
  C13 630      C8 650   F30_1 700     F35 700   F39_3 700   F44_2 660
  C14 680      C9 700   F30_2 700   F35_1 610     F40 700   F44_3 700
  C15 640     F26 700   F30_3 700   F35_2 700   F40_1 700     F45 700
  C16 610   F26_1 700     F31 700   F35_3 700   F40_2 700   F45_1 700
  C17 680   F26_2 700   F31_1 700     F36 610   F40_3 700   F45_2 700
  C18 610   F26_3 700   F31_2 700   F36_1 700     F41   0   F45_3 700
  C19 580     F27 630   F31_3 700   F36_2 700   F41_1   0     F46 630
   C2 660   F27_1 700     F32 700   F36_3 700   F41_2 530   F46_1 630
  C20 570   F27_2 700   F32_1 700     F37 700   F41_3   0   F46_2 630
  C21 640   F27_3 700   F32_2 700   F37_1 700     F42 700   F46_3 610
  C22 610     F28 610   F32_3 700   F37_2 700   F42_1 700      N0 700
  C23 540   F28_1 700     F33 700   F37_3 700   F42_2 700      Nσ   0
  C24 690   F28_2 630   F33_1 660     F38 610   F42_3 700
  C25 640   F28_3 700   F33_2 660   F38_1 700     F43 700
   C3 670     F29 700   F33_3 660   F38_2 700   F43_1 700
;

v [*] :=
   C1  66.9927          F29   0             F38_1   0
  C10  56.5524        F29_1 118.31          F38_2   0
  C11  19.3132        F29_2 118.31          F38_3   0
  C12 100.272         F29_3 118.31            F39   0
  C13  51.5524          F30 118.31          F39_1   0
  C14  71.9927        F30_1   0             F39_2   0
  C15  47.7033        F30_2 118.31          F39_3   0
  C16  58.3792        F30_3   0               F40   0
  C17  73.3936          F31   0             F40_1   0
  C18  39.3458        F31_1 118.31          F40_2   0
  C19  24.3311        F31_2   0             F40_3   0
   C2  64.3792        F31_3   0               F41   0
  C20  37.855           F32 118.31          F41_1   0
  C21  60.3792        F32_1   0             F41_2 118.31
  C22  24.1661        F32_2   0             F41_3  25.6133
  C23  27.5594        F32_3   0               F42 118.31
  C24  65.692           F33 118.31          F42_1   0
  C25  38.0789        F33_1  42.2197        F42_2   0
   C3  78.7317        F33_2  43.0972        F42_3   0
   C4  53.3792        F33_3  42.2197          F43   0
   C5 106.103           F34   0             F43_1 118.31
   C6  49.2908        F34_1   0             F43_2 118.31
   C7 106.648         F34_2   0             F43_3   0
   C8  56.3056        F34_3   0               F44   0
   C9  82.9547          F35   0             F44_1 118.31
  F26   0             F35_1 118.31          F44_2 118.31
F26_1 118.31          F35_2   0             F44_3 118.31
F26_2 118.31          F35_3   0               F45   0
F26_3 118.31            F36   0             F45_1   0
  F27   0.000169569   F36_1 118.31          F45_2   0
F27_1  85.2494        F36_2   0             F45_3 118.31
F27_2   0             F36_3 118.31            F46   0
F27_3  87.7114          F37   0             F46_1   0
  F28 118.31          F37_1   0             F46_2 118.31
F28_1   0             F37_2   0             F46_3   0
F28_2   0             F37_3   0                N0 118.31
F28_3 118.31            F38 118.31             Nσ   0
;

y [*] :=
  F26 0   F28_3 0   F31_2 0   F34_1 0     F37 0   F39_3 0   F42_2 0   F45_1 0
F26_1 0     F29 0   F31_3 0   F34_2 0   F37_1 0     F40 0   F42_3 0   F45_2 0
F26_2 0   F29_1 0     F32 0   F34_3 0   F37_2 0   F40_1 0     F43 0   F45_3 0
F26_3 0   F29_2 0   F32_1 0     F35 0   F37_3 0   F40_2 0   F43_1 0     F46 0
  F27 0   F29_3 0   F32_2 0   F35_1 0     F38 0   F40_3 0   F43_2 0   F46_1 0
F27_1 0     F30 0   F32_3 0   F35_2 0   F38_1 0     F41 0   F43_3 0   F46_2 0
F27_2 0   F30_1 0     F33 0   F35_3 0   F38_2 0   F41_1 0     F44 0   F46_3 0
F27_3 0   F30_2 0   F33_1 0     F36 0   F38_3 0   F41_2 0   F44_1 0
  F28 0   F30_3 0   F33_2 0   F36_1 0     F39 0   F41_3 0   F44_2 0
F28_1 0     F31 0   F33_3 0   F36_2 0   F39_1 0     F42 0   F44_3 0
F28_2 0   F31_1 0     F34 0   F36_3 0   F39_2 0   F42_1 0     F45 0
;

z [*] :=
  F26 1   F28_3 1   F31_2 1   F34_1 1     F37 1   F39_3 1   F42_2 1   F45_1 1
F26_1 1     F29 1   F31_3 1   F34_2 1   F37_1 1     F40 1   F42_3 1   F45_2 1
F26_2 1   F29_1 1     F32 1   F34_3 1   F37_2 1   F40_1 1     F43 1   F45_3 1
F26_3 1   F29_2 1   F32_1 1     F35 1   F37_3 1   F40_2 1   F43_1 1     F46 1
  F27 1   F29_3 1   F32_2 1   F35_1 1     F38 1   F40_3 1   F43_2 1   F46_1 1
F27_1 1     F30 1   F32_3 1   F35_2 1   F38_1 1     F41 1   F43_3 1   F46_2 1
F27_2 1   F30_1 1     F33 1   F35_3 1   F38_2 1   F41_1 1     F44 1   F46_3 1
F27_3 1   F30_2 1   F33_1 1     F36 1   F38_3 1   F41_2 1   F44_1 1
  F28 1   F30_3 1   F33_2 1   F36_1 1     F39 1   F41_3 1   F44_2 1
F28_1 1     F31 1   F33_3 1   F36_2 1   F39_1 1     F42 1   F44_3 1
F28_2 1   F31_1 1     F34 1   F36_3 1   F39_2 1   F42_1 1     F45 1
;

R [*] :=
  F26 0         F30_1 0         F34_2 0         F38_3 0           F43 0
F26_1 0         F30_2 0         F34_3 0           F39 0         F43_1 0
F26_2 0         F30_3 0           F35 0         F39_1 0         F43_2 0
F26_3 0           F31 0         F35_1 0         F39_2 0         F43_3 0
  F27 0         F31_1 0         F35_2 0         F39_3 0           F44 0
F27_1 2.46196   F31_2 0         F35_3 0           F40 0         F44_1 0
F27_2 0         F31_3 0           F36 0         F40_1 0         F44_2 0
F27_3 0           F32 0         F36_1 0         F40_2 0         F44_3 0
  F28 0         F32_1 0         F36_2 0         F40_3 0           F45 0
F28_1 0         F32_2 0         F36_3 0           F41 0         F45_1 0
F28_2 0         F32_3 0           F37 0         F41_1 0         F45_2 0
F28_3 0           F33 0         F37_1 0         F41_2 0         F45_3 0
  F29 0         F33_1 0         F37_2 0         F41_3 0           F46 0
F29_1 0         F33_2 0         F37_3 0           F42 0         F46_1 0
F29_2 0         F33_3 1.2444      F38 0         F42_1 0         F46_2 0
F29_3 0           F34 0         F38_1 0         F42_2 0         F46_3 0
  F30 0         F34_1 0         F38_2 0         F42_3 0
;

Y [*] :=
  F26   0               F33 118.31            F40   0
F26_1 118.31          F33_1  42.2197        F40_1   0
F26_2 118.31          F33_2  43.0972        F40_2   0
F26_3 118.31          F33_3  43.4641        F40_3   0
  F27   0.000169569     F34   0               F41   0
F27_1  87.7114        F34_1   0             F41_1   0
F27_2   0             F34_2   0             F41_2 118.31
F27_3  87.7114        F34_3   0             F41_3  25.6133
  F28 118.31            F35   0               F42 118.31
F28_1   0             F35_1 118.31          F42_1   0
F28_2   0             F35_2   0             F42_2   0
F28_3 118.31          F35_3   0             F42_3   0
  F29   0               F36   0               F43   0
F29_1 118.31          F36_1 118.31          F43_1 118.31
F29_2 118.31          F36_2   0             F43_2 118.31
F29_3 118.31          F36_3 118.31          F43_3   0
  F30 118.31            F37   0               F44   0
F30_1   0             F37_1   0             F44_1 118.31
F30_2 118.31          F37_2   0             F44_2 118.31
F30_3   0             F37_3   0             F44_3 118.31
  F31   0               F38 118.31            F45   0
F31_1 118.31          F38_1   0             F45_1   0
F31_2   0             F38_2   0             F45_2   0
F31_3   0             F38_3   0             F45_3 118.31
  F32 118.31            F39   0               F46   0
F32_1   0             F39_1   0             F46_1   0
F32_2   0             F39_2   0             F46_2 118.31
F32_3   0             F39_3   0             F46_3   0
;

