MIP Gap (%):  53.230795596136446
_solve_elapsed_time = 28800.6

TotalCost = 5079.68

x [*,*]
:      C1 C10 C11 C12 C13 C14 C15 C16 C17 C18 C19  C2 C20 C21 C22 C23 C24 C25 :=
C1      .   0   0   0   0   0   0   0   0   0   0   0   0   0   1   0   0   0
C10     0   .   0   0   0   0   0   0   0   0   0   0   0   0   0   0   1   0
C11     0   0   .   0   0   0   0   0   0   0   0   0   0   0   0   0   0   0
C12     0   0   0   .   0   0   0   0   0   0   0   0   0   0   0   0   0   0
C13     0   0   0   0   .   1   0   0   0   0   0   0   0   0   0   0   0   0
C14     0   0   0   0   0   .   0   0   0   0   0   0   0   0   0   0   0   0
C15     0   0   1   0   0   0   .   0   0   0   0   0   0   0   0   0   0   0
C16     0   0   0   0   0   0   0   .   0   0   0   0   0   0   0   0   0   0
C17     0   0   0   0   0   0   0   0   .   0   0   0   0   0   0   0   0   0
C18     0   0   0   0   0   0   0   0   0   .   0   0   0   0   0   1   0   0
C19     0   0   0   0   0   0   0   0   0   0   .   0   0   0   0   0   0   0
C2      0   0   0   0   0   0   0   0   0   0   0   .   0   0   0   0   0   1
C20     0   0   0   0   0   0   0   0   0   0   0   1   .   0   0   0   0   0
C21     0   1   0   0   0   0   0   0   0   0   0   0   0   .   0   0   0   0
C22     0   0   0   0   0   0   0   0   1   0   0   0   0   0   .   0   0   0
C23     0   0   0   0   0   0   0   0   0   0   0   0   0   1   0   .   0   0
C24     0   0   0   0   0   0   0   0   0   0   0   0   0   0   0   0   .   0
C25     0   0   0   0   0   0   0   0   0   0   0   0   0   0   0   0   0   .
C3      0   0   0   0   0   0   0   0   0   0   0   0   0   0   0   0   0   0
C4      1   0   0   0   0   0   0   0   0   0   0   0   0   0   0   0   0   0
C5      0   0   0   0   0   0   0   0   0   0   0   0   0   0   0   0   0   0
C6      0   0   0   0   0   0   0   1   0   0   0   0   0   0   0   0   0   0
C7      0   0   0   0   0   0   0   0   0   0   0   0   0   0   0   0   0   0
C8      0   0   0   0   0   0   0   0   0   1   0   0   0   0   0   0   0   0
C9      0   0   0   0   0   0   0   0   0   0   1   0   0   0   0   0   0   0
F26     0   0   0   0   0   0   0   0   0   0   0   0   0   0   0   0   0   0
F26_1   0   0   0   0   0   0   0   0   0   0   0   0   0   0   0   0   0   0
F26_2   0   0   0   0   0   0   0   0   0   0   0   0   0   0   0   0   0   0
F26_3   0   0   0   0   0   0   0   0   0   0   0   0   0   0   0   0   0   0
F27     0   0   0   0   0   0   0   0   0   0   0   0   0   0   0   0   0   0
F27_1   0   0   0   0   0   0   0   0   0   0   0   0   0   0   0   0   0   0
F27_2   0   0   0   0   0   0   0   0   0   0   0   0   0   0   0   0   0   0
F27_3   0   0   0   0   0   0   0   0   0   0   0   0   0   0   0   0   0   0
F28     0   0   0   0   0   0   0   0   0   0   0   0   0   0   0   0   0   0
F28_1   0   0   0   0   0   0   0   0   0   0   0   0   0   0   0   0   0   0
F28_2   0   0   0   0   0   0   0   0   0   0   0   0   0   0   0   0   0   0
F28_3   0   0   0   0   0   0   0   0   0   0   0   0   0   0   0   0   0   0
F29     0   0   0   1   0   0   0   0   0   0   0   0   0   0   0   0   0   0
F29_1   0   0   0   0   0   0   0   0   0   0   0   0   0   0   0   0   0   0
F29_2   0   0   0   0   0   0   0   0   0   0   0   0   0   0   0   0   0   0
F29_3   0   0   0   0   0   0   0   0   0   0   0   0   0   0   0   0   0   0
F30     0   0   0   0   0   0   0   0   0   0   0   0   0   0   0   0   0   0
F30_1   0   0   0   0   0   0   0   0   0   0   0   0   0   0   0   0   0   0
F30_2   0   0   0   0   0   0   0   0   0   0   0   0   0   0   0   0   0   0
F30_3   0   0   0   0   0   0   0   0   0   0   0   0   0   0   0   0   0   0
F31     0   0   0   0   0   0   0   0   0   0   0   0   0   0   0   0   0   0
F31_1   0   0   0   0   0   0   0   0   0   0   0   0   0   0   0   0   0   0
F31_2   0   0   0   0   0   0   0   0   0   0   0   0   0   0   0   0   0   0
F31_3   0   0   0   0   0   0   0   0   0   0   0   0   0   0   0   0   0   0
F32     0   0   0   0   0   0   0   0   0   0   0   0   0   0   0   0   0   0
F32_1   0   0   0   0   0   0   0   0   0   0   0   0   0   0   0   0   0   0
F32_2   0   0   0   0   0   0   0   0   0   0   0   0   0   0   0   0   0   0
F32_3   0   0   0   0   0   0   0   0   0   0   0   0   0   0   0   0   0   0
F33     0   0   0   0   0   0   0   0   0   0   0   0   0   0   0   0   0   0
F33_1   0   0   0   0   0   0   0   0   0   0   0   0   0   0   0   0   0   0
F33_2   0   0   0   0   0   0   0   0   0   0   0   0   0   0   0   0   0   0
F33_3   0   0   0   0   0   0   0   0   0   0   0   0   0   0   0   0   0   0
F34     0   0   0   0   0   0   0   0   0   0   0   0   0   0   0   0   0   0
F34_1   0   0   0   0   0   0   0   0   0   0   0   0   0   0   0   0   0   0
F34_2   0   0   0   0   0   0   0   0   0   0   0   0   0   0   0   0   0   0
F34_3   0   0   0   0   0   0   0   0   0   0   0   0   0   0   0   0   0   0
F35     0   0   0   0   0   0   0   0   0   0   0   0   0   0   0   0   0   0
F35_1   0   0   0   0   0   0   0   0   0   0   0   0   0   0   0   0   0   0
F35_2   0   0   0   0   0   0   0   0   0   0   0   0   0   0   0   0   0   0
F35_3   0   0   0   0   0   0   0   0   0   0   0   0   0   0   0   0   0   0
F36     0   0   0   0   0   0   0   0   0   0   0   0   0   0   0   0   0   0
F36_1   0   0   0   0   0   0   0   0   0   0   0   0   0   0   0   0   0   0
F36_2   0   0   0   0   0   0   0   0   0   0   0   0   0   0   0   0   0   0
F36_3   0   0   0   0   0   0   0   0   0   0   0   0   0   0   0   0   0   0
F37     0   0   0   0   0   0   0   0   0   0   0   0   0   0   0   0   0   0
F37_1   0   0   0   0   0   0   0   0   0   0   0   0   0   0   0   0   0   0
F37_2   0   0   0   0   0   0   0   0   0   0   0   0   0   0   0   0   0   0
F37_3   0   0   0   0   0   0   0   0   0   0   0   0   0   0   0   0   0   0
F38     0   0   0   0   0   0   0   0   0   0   0   0   0   0   0   0   0   0
F38_1   0   0   0   0   0   0   0   0   0   0   0   0   0   0   0   0   0   0
F38_2   0   0   0   0   0   0   0   0   0   0   0   0   0   0   0   0   0   0
F38_3   0   0   0   0   0   0   0   0   0   0   0   0   0   0   0   0   0   0
F39     0   0   0   0   0   0   0   0   0   0   0   0   0   0   0   0   0   0
F39_1   0   0   0   0   0   0   0   0   0   0   0   0   0   0   0   0   0   0
F39_2   0   0   0   0   0   0   0   0   0   0   0   0   0   0   0   0   0   0
F39_3   0   0   0   0   0   0   0   0   0   0   0   0   0   0   0   0   0   0
F40     0   0   0   0   0   0   0   0   0   0   0   0   0   0   0   0   0   0
F40_1   0   0   0   0   0   0   0   0   0   0   0   0   0   0   0   0   0   0
F40_2   0   0   0   0   0   0   0   0   0   0   0   0   0   0   0   0   0   0
F40_3   0   0   0   0   0   0   0   0   0   0   0   0   0   0   0   0   0   0
F41     0   0   0   0   0   0   0   0   0   0   0   0   0   0   0   0   0   0
F41_1   0   0   0   0   0   0   0   0   0   0   0   0   0   0   0   0   0   0
F41_2   0   0   0   0   0   0   0   0   0   0   0   0   0   0   0   0   0   0
F41_3   0   0   0   0   0   0   0   0   0   0   0   0   0   0   0   0   0   0
F42     0   0   0   0   0   0   0   0   0   0   0   0   0   0   0   0   0   0
F42_1   0   0   0   0   0   0   0   0   0   0   0   0   0   0   0   0   0   0
F42_2   0   0   0   0   0   0   0   0   0   0   0   0   0   0   0   0   0   0
F42_3   0   0   0   0   0   0   0   0   0   0   0   0   0   0   0   0   0   0
F43     0   0   0   0   0   0   0   0   0   0   0   0   0   0   0   0   0   0
F43_1   0   0   0   0   0   0   0   0   0   0   0   0   0   0   0   0   0   0
F43_2   0   0   0   0   0   0   0   0   0   0   0   0   0   0   0   0   0   0
F43_3   0   0   0   0   0   0   0   0   0   0   0   0   0   0   0   0   0   0
F44     0   0   0   0   0   0   0   0   0   0   0   0   0   0   0   0   0   0
F44_1   0   0   0   0   0   0   0   0   0   0   0   0   0   0   0   0   0   0
F44_2   0   0   0   0   0   0   0   0   0   0   0   0   0   0   0   0   0   0
F44_3   0   0   0   0   0   0   0   0   0   0   0   0   0   0   0   0   0   0
F45     0   0   0   0   0   0   0   0   0   0   0   0   0   0   0   0   0   0
F45_1   0   0   0   0   0   0   0   0   0   0   0   0   0   0   0   0   0   0
F45_2   0   0   0   0   0   0   0   0   0   0   0   0   0   0   0   0   0   0
F45_3   0   0   0   0   0   0   0   0   0   0   0   0   0   0   0   0   0   0
F46     0   0   0   0   0   0   0   0   0   0   0   0   0   0   0   0   0   0
F46_1   0   0   0   0   0   0   0   0   0   0   0   0   0   0   0   0   0   0
F46_2   0   0   0   0   0   0   0   0   0   0   0   0   0   0   0   0   0   0
F46_3   0   0   0   0   0   0   0   0   0   0   0   0   0   0   0   0   0   0
N0      0   0   0   0   1   0   1   0   0   0   0   0   1   0   0   0   0   0
Nσ      0   0   0   0   0   0   0   0   0   0   0   0   0   0   0   0   0   0

# $10 = F26_2
# $11 = F26_3
# $13 = F27_1
# $14 = F27_2
# $15 = F27_3
# $17 = F28_1
# $18 = F28_2
:      C3  C4  C5  C6  C7  C8  C9 F26 F26_1 $10 $11 F27 $13 $14 $15 F28 $17 $18 :=
C1      0   0   0   0   0   0   0   0    0    0   0   0   0   0   0   0   0   0
C10     0   0   0   0   0   0   0   0    0    0   0   0   0   0   0   0   0   0
C11     0   0   0   1   0   0   0   0    0    0   0   0   0   0   0   0   0   0
C12     0   0   0   0   0   0   0   0    0    0   0   0   0   0   0   0   0   0
C13     0   0   0   0   0   0   0   0    0    0   0   0   0   0   0   0   0   0
C14     1   0   0   0   0   0   0   0    0    0   0   0   0   0   0   0   0   0
C15     0   0   0   0   0   0   0   0    0    0   0   0   0   0   0   0   0   0
C16     0   0   0   0   0   0   0   0    0    0   0   0   0   0   0   0   0   0
C17     0   0   0   0   0   0   0   0    0    0   1   0   0   0   0   0   0   0
C18     0   0   0   0   0   0   0   0    0    0   0   0   0   0   0   0   0   0
C19     0   0   0   0   1   0   0   0    0    0   0   0   0   0   0   0   0   0
C2      0   0   0   0   0   0   0   0    0    0   0   0   0   0   0   0   0   0
C20     0   0   0   0   0   0   0   0    0    0   0   0   0   0   0   0   0   0
C21     0   0   0   0   0   0   0   0    0    0   0   0   0   0   0   0   0   0
C22     0   0   0   0   0   0   0   0    0    0   0   0   0   0   0   0   0   0
C23     0   0   0   0   0   0   0   0    0    0   0   0   0   0   0   0   0   0
C24     0   0   1   0   0   0   0   0    0    0   0   0   0   0   0   0   0   0
C25     0   1   0   0   0   0   0   0    0    0   0   0   0   0   0   0   0   0
C3      .   0   0   0   0   0   1   0    0    0   0   0   0   0   0   0   0   0
C4      0   .   0   0   0   0   0   0    0    0   0   0   0   0   0   0   0   0
C5      0   0   .   0   0   0   0   0    0    0   0   0   0   0   0   0   0   0
C6      0   0   0   .   0   0   0   0    0    0   0   0   0   0   0   0   0   0
C7      0   0   0   0   .   0   0   0    0    0   0   0   0   0   0   0   0   0
C8      0   0   0   0   0   .   0   0    0    0   0   0   0   0   0   0   0   0
C9      0   0   0   0   0   0   .   0    0    0   0   0   0   0   0   0   0   0
F26     0   0   0   0   0   0   0   .    0    0   0   0   0   0   0   0   0   0
F26_1   0   0   0   0   0   0   0   0    .    0   0   0   0   0   0   0   0   0
F26_2   0   0   0   0   0   0   0   0    0    .   0   0   0   0   0   0   0   0
F26_3   0   0   0   0   0   0   0   0    0    0   .   0   0   0   0   0   0   0
F27     0   0   0   0   0   0   0   0    0    0   0   .   0   0   0   0   0   0
F27_1   0   0   0   0   0   0   0   0    0    0   0   0   .   0   0   0   0   0
F27_2   0   0   0   0   0   0   0   0    0    0   0   0   0   .   0   0   0   0
F27_3   0   0   0   0   0   0   0   0    0    0   0   0   0   0   .   0   0   0
F28     0   0   0   0   0   0   0   0    0    0   0   0   0   0   0   .   0   0
F28_1   0   0   0   0   0   0   0   0    0    0   0   0   0   0   0   0   .   0
F28_2   0   0   0   0   0   0   0   0    0    0   0   0   0   0   0   0   0   .
F28_3   0   0   0   0   0   0   0   0    0    0   0   0   0   0   0   0   0   0
F29     0   0   0   0   0   0   0   0    0    0   0   0   0   0   0   0   0   0
F29_1   0   0   0   0   0   0   0   0    0    0   0   0   0   0   0   0   0   0
F29_2   0   0   0   0   0   0   0   0    0    0   0   0   0   0   0   0   0   0
F29_3   0   0   0   0   0   0   0   0    0    0   0   0   0   0   0   0   0   0
F30     0   0   0   0   0   0   0   0    0    0   0   0   0   0   0   0   0   0
F30_1   0   0   0   0   0   0   0   0    0    0   0   0   0   0   0   0   0   0
F30_2   0   0   0   0   0   0   0   0    0    0   0   0   0   0   0   0   0   0
F30_3   0   0   0   0   0   0   0   0    0    0   0   0   0   0   0   0   0   0
F31     0   0   0   0   0   0   0   0    0    0   0   0   0   0   0   0   0   0
F31_1   0   0   0   0   0   0   0   0    0    0   0   0   0   0   0   0   0   0
F31_2   0   0   0   0   0   0   0   0    0    0   0   0   0   0   0   0   0   0
F31_3   0   0   0   0   0   0   0   0    0    0   0   0   0   0   0   0   0   0
F32     0   0   0   0   0   0   0   0    0    0   0   0   0   0   0   0   0   0
F32_1   0   0   0   0   0   0   0   0    0    0   0   0   0   0   0   0   0   0
F32_2   0   0   0   0   0   0   0   0    0    0   0   0   0   0   0   0   0   0
F32_3   0   0   0   0   0   0   0   0    0    0   0   0   0   0   0   0   0   0
F33     0   0   0   0   0   0   0   0    0    0   0   0   0   0   0   0   0   0
F33_1   0   0   0   0   0   0   0   0    0    0   0   0   0   0   0   0   0   0
F33_2   0   0   0   0   0   0   0   0    0    0   0   0   0   0   0   0   0   0
F33_3   0   0   0   0   0   0   0   0    0    0   0   0   0   0   0   0   0   0
F34     0   0   0   0   0   0   0   0    0    0   0   0   0   0   0   0   0   0
F34_1   0   0   0   0   0   0   0   0    0    0   0   0   0   0   0   0   0   0
F34_2   0   0   0   0   0   0   0   0    0    0   0   0   0   0   0   0   0   0
F34_3   0   0   0   0   0   0   0   0    0    0   0   0   0   0   0   0   0   0
F35     0   0   0   0   0   0   0   0    0    0   0   0   0   0   0   0   0   0
F35_1   0   0   0   0   0   0   0   0    0    0   0   0   0   0   0   0   0   0
F35_2   0   0   0   0   0   0   0   0    0    0   0   0   0   0   0   0   0   0
F35_3   0   0   0   0   0   0   0   0    0    0   0   0   0   0   0   0   0   0
F36     0   0   0   0   0   0   0   0    0    0   0   0   0   0   0   0   0   0
F36_1   0   0   0   0   0   0   0   0    0    0   0   0   0   0   0   0   0   0
F36_2   0   0   0   0   0   0   0   0    0    0   0   0   0   0   0   0   0   0
F36_3   0   0   0   0   0   0   0   0    0    0   0   0   0   0   0   0   0   0
F37     0   0   0   0   0   0   0   0    0    0   0   0   0   0   0   0   0   0
F37_1   0   0   0   0   0   0   0   0    0    0   0   0   0   0   0   0   0   0
F37_2   0   0   0   0   0   0   0   0    0    0   0   0   0   0   0   0   0   0
F37_3   0   0   0   0   0   0   0   0    0    0   0   0   0   0   0   0   0   0
F38     0   0   0   0   0   0   0   0    0    0   0   0   0   0   0   0   0   0
F38_1   0   0   0   0   0   0   0   0    0    0   0   0   0   0   0   0   0   0
F38_2   0   0   0   0   0   0   0   0    0    0   0   0   0   0   0   0   0   0
F38_3   0   0   0   0   0   0   0   0    0    0   0   0   0   0   0   0   0   0
F39     0   0   0   0   0   0   0   0    0    0   0   0   0   0   0   0   0   0
F39_1   0   0   0   0   0   0   0   0    0    0   0   0   0   0   0   0   0   0
F39_2   0   0   0   0   0   0   0   0    0    0   0   0   0   0   0   0   0   0
F39_3   0   0   0   0   0   0   0   0    0    0   0   0   0   0   0   0   0   0
F40     0   0   0   0   0   0   0   0    0    0   0   0   0   0   0   0   0   0
F40_1   0   0   0   0   0   0   0   0    0    0   0   0   0   0   0   0   0   0
F40_2   0   0   0   0   0   0   0   0    0    0   0   0   0   0   0   0   0   0
F40_3   0   0   0   0   0   0   0   0    0    0   0   0   0   0   0   0   0   0
F41     0   0   0   0   0   0   0   0    0    0   0   0   0   0   0   0   0   0
F41_1   0   0   0   0   0   0   0   0    0    0   0   0   0   0   0   0   0   0
F41_2   0   0   0   0   0   0   0   0    0    0   0   0   0   0   0   0   0   0
F41_3   0   0   0   0   0   0   0   0    0    0   0   0   0   0   0   0   0   0
F42     0   0   0   0   0   0   0   0    0    0   0   0   0   0   0   0   0   0
F42_1   0   0   0   0   0   0   0   0    0    0   0   0   0   0   0   0   0   0
F42_2   0   0   0   0   0   0   0   0    0    0   0   0   0   0   0   0   0   0
F42_3   0   0   0   0   0   0   0   0    0    0   0   0   0   0   0   0   0   0
F43     0   0   0   0   0   0   0   0    0    0   0   0   0   0   0   0   0   0
F43_1   0   0   0   0   0   0   0   0    0    0   0   0   0   0   0   0   0   0
F43_2   0   0   0   0   0   0   0   0    0    0   0   0   0   0   0   0   0   0
F43_3   0   0   0   0   0   0   0   0    0    0   0   0   0   0   0   0   0   0
F44     0   0   0   0   0   0   0   0    0    0   0   0   0   0   0   0   0   0
F44_1   0   0   0   0   0   0   0   0    0    0   0   0   0   0   0   0   0   0
F44_2   0   0   0   0   0   0   0   0    0    0   0   0   0   0   0   0   0   0
F44_3   0   0   0   0   0   0   0   0    0    0   0   0   0   0   0   0   0   0
F45     0   0   0   0   0   0   0   0    0    0   0   0   0   0   0   0   0   0
F45_1   0   0   0   0   0   0   0   0    0    0   0   0   0   0   0   0   0   0
F45_2   0   0   0   0   0   0   0   0    0    0   0   0   0   0   0   0   0   0
F45_3   0   0   0   0   0   0   0   0    0    0   0   0   0   0   0   0   0   0
F46     0   0   0   0   0   0   0   0    0    0   0   0   0   0   0   0   0   0
F46_1   0   0   0   0   0   0   0   0    0    0   0   0   0   0   0   0   0   0
F46_2   0   0   0   0   0   0   0   0    0    0   0   0   0   0   0   0   0   0
F46_3   0   0   0   0   0   0   0   0    0    0   0   0   0   0   0   0   0   0
N0      0   0   0   0   0   1   0   0    0    0   0   0   0   0   0   0   0   0
Nσ      0   0   0   0   0   0   0   0    0    0   0   0   0   0   0   0   0   0

# $1 = F28_3
# $3 = F29_1
# $5 = F29_3
# $7 = F30_1
# $8 = F30_2
# $9 = F30_3
# $11 = F31_1
# $12 = F31_2
# $13 = F31_3
:      $1       F29      $3    F29_2    $5 F30  $7  $8  $9 F31 $11 $12 $13 F32 :=
C1      0   0             0   0          0   0   0   0   0   0   0   0   0   0
C10     0   0             0   0          0   0   0   0   0   0   0   0   0   0
C11     0   0             0   0          0   0   0   0   0   0   0   0   0   0
C12     0   0             0   0          0   0   0   0   0   0   0   0   0   0
C13     0   0             0   0          0   0   0   0   0   0   0   0   0   0
C14     0   0             0   0          0   0   0   0   0   0   0   0   0   0
C15     0   0             0   0          0   0   0   0   0   0   0   0   0   0
C16     0   0             1   0          0   0   0   0   0   0   0   0   0   0
C17     0   0             0   0          0   0   0   0   0   0   0   0   0   0
C18     0   0             0   0          0   0   0   0   0   0   0   0   0   0
C19     0   0             0   0          0   0   0   0   0   0   0   0   0   0
C2      0   0             0   0          0   0   0   0   0   0   0   0   0   0
C20     0   0             0   0          0   0   0   0   0   0   0   0   0   0
C21     0   0             0   0          0   0   0   0   0   0   0   0   0   0
C22     0   0             0   0          0   0   0   0   0   0   0   0   0   0
C23     0   0             0   0          0   0   0   0   0   0   0   0   0   0
C24     0   0             0   0          0   0   0   0   0   0   0   0   0   0
C25     0   0             0   0          0   0   0   0   0   0   0   0   0   0
C3      0   0             0   0          0   0   0   0   0   0   0   0   0   0
C4      0   0             0   0          0   0   0   0   0   0   0   0   0   0
C5      0   0             0   0          0   0   0   0   0   0   0   0   0   0
C6      0   0             0   0          0   0   0   0   0   0   0   0   0   0
C7      0   0             0   0          0   0   0   0   0   0   0   0   0   0
C8      0   0             0   0          0   0   0   0   0   0   0   0   0   0
C9      0   0             0   0          0   0   0   0   0   0   0   0   0   0
F26     0   0             0   0          0   0   0   0   0   0   0   0   0   0
F26_1   0   0             0   0          0   0   0   0   0   0   0   0   0   0
F26_2   0   0             0   0          0   0   0   0   0   0   0   0   0   0
F26_3   0   0             0   0          0   0   0   0   0   0   0   0   0   0
F27     0   0             0   0          0   0   0   0   0   0   0   0   0   0
F27_1   0   0             0   0          0   0   0   0   0   0   0   0   0   0
F27_2   0   0             0   0          0   0   0   0   0   0   0   0   0   0
F27_3   0   0             0   0          0   0   0   0   0   0   0   0   0   0
F28     0   0             0   0          0   0   0   0   0   0   0   0   0   0
F28_1   0   0             0   0          0   0   0   0   0   0   0   0   0   0
F28_2   0   0             0   0          0   0   0   0   0   0   0   0   0   0
F28_3   .   0             0   0          0   0   0   0   0   0   0   0   0   0
F29     0    .            0   0          0   0   0   0   0   0   0   0   0   0
F29_1   0   9.59341e-07   .   0.999999   0   0   0   0   0   0   0   0   0   0
F29_2   0   1             0    .         0   0   0   0   0   0   0   0   0   0
F29_3   0   0             0   0          .   0   0   0   0   0   0   0   0   0
F30     0   0             0   0          0   .   0   0   0   0   0   0   0   0
F30_1   0   0             0   0          0   0   .   0   0   0   0   0   0   0
F30_2   0   0             0   0          0   0   0   .   0   0   0   0   0   0
F30_3   0   0             0   0          0   0   0   0   .   0   0   0   0   0
F31     0   0             0   0          0   0   0   0   0   .   0   0   0   0
F31_1   0   0             0   0          0   0   0   0   0   0   .   0   0   0
F31_2   0   0             0   0          0   0   0   0   0   0   0   .   0   0
F31_3   0   0             0   0          0   0   0   0   0   0   0   0   .   0
F32     0   0             0   0          0   0   0   0   0   0   0   0   0   .
F32_1   0   0             0   0          0   0   0   0   0   0   0   0   0   0
F32_2   0   0             0   0          0   0   0   0   0   0   0   0   0   0
F32_3   0   0             0   0          0   0   0   0   0   0   0   0   0   0
F33     0   0             0   0          0   0   0   0   0   0   0   0   0   0
F33_1   0   0             0   0          0   0   0   0   0   0   0   0   0   0
F33_2   0   0             0   0          0   0   0   0   0   0   0   0   0   0
F33_3   0   0             0   0          0   0   0   0   0   0   0   0   0   0
F34     0   0             0   0          0   0   0   0   0   0   0   0   0   0
F34_1   0   0             0   0          0   0   0   0   0   0   0   0   0   0
F34_2   0   0             0   0          0   0   0   0   0   0   0   0   0   0
F34_3   0   0             0   0          0   0   0   0   0   0   0   0   0   0
F35     0   0             0   0          0   0   0   0   0   0   0   0   0   0
F35_1   0   0             0   0          0   0   0   0   0   0   0   0   0   0
F35_2   0   0             0   0          0   0   0   0   0   0   0   0   0   0
F35_3   0   0             0   0          0   0   0   0   0   0   0   0   0   0
F36     0   0             0   0          0   0   0   0   0   0   0   0   0   0
F36_1   0   0             0   0          0   0   0   0   0   0   0   0   0   0
F36_2   0   0             0   0          0   0   0   0   0   0   0   0   0   0
F36_3   0   0             0   0          0   0   0   0   0   0   0   0   0   0
F37     0   0             0   0          0   0   0   0   0   0   0   0   0   0
F37_1   0   0             0   0          0   0   0   0   0   0   0   0   0   0
F37_2   0   0             0   0          0   0   0   0   0   0   0   0   0   0
F37_3   0   0             0   0          0   0   0   0   0   0   0   0   0   0
F38     0   0             0   0          0   0   0   0   0   0   0   0   0   0
F38_1   0   0             0   0          0   0   0   0   0   0   0   0   0   0
F38_2   0   0             0   0          0   0   0   0   0   0   0   0   0   0
F38_3   0   0             0   0          0   0   0   0   0   0   0   0   0   0
F39     0   0             0   0          0   0   0   0   0   0   0   0   0   0
F39_1   0   0             0   0          0   0   0   0   0   0   0   0   0   0
F39_2   0   0             0   0          0   0   0   0   0   0   0   0   0   0
F39_3   0   0             0   0          0   0   0   0   0   0   0   0   0   0
F40     0   0             0   0          0   0   0   0   0   0   0   0   0   0
F40_1   0   0             0   0          0   0   0   0   0   0   0   0   0   0
F40_2   0   0             0   0          0   0   0   0   0   0   0   0   0   0
F40_3   0   0             0   0          0   0   0   0   0   0   0   0   0   0
F41     0   0             0   0          0   0   0   0   0   0   0   0   0   0
F41_1   0   0             0   0          0   0   0   0   0   0   0   0   0   0
F41_2   0   0             0   0          0   0   0   0   0   0   0   0   0   0
F41_3   0   0             0   0          0   0   0   0   0   0   0   0   0   0
F42     0   0             0   0          0   0   0   0   0   0   0   0   0   0
F42_1   0   0             0   0          0   0   0   0   0   0   0   0   0   0
F42_2   0   0             0   0          0   0   0   0   0   0   0   0   0   0
F42_3   0   0             0   0          0   0   0   0   0   0   0   0   0   0
F43     0   0             0   0          0   0   0   0   0   0   0   0   0   0
F43_1   0   0             0   0          0   0   0   0   0   0   0   0   0   0
F43_2   0   0             0   0          0   0   0   0   0   0   0   0   0   0
F43_3   0   0             0   0          0   0   0   0   0   0   0   0   0   0
F44     0   0             0   0          0   0   0   0   0   0   0   0   0   0
F44_1   0   0             0   0          0   0   0   0   0   0   0   0   0   0
F44_2   0   0             0   0          0   0   0   0   0   0   0   0   0   0
F44_3   0   0             0   0          0   0   0   0   0   0   0   0   0   0
F45     0   0             0   0          0   0   0   0   0   0   0   0   0   0
F45_1   0   0             0   0          0   0   0   0   0   0   0   0   0   0
F45_2   0   0             0   0          0   0   0   0   0   0   0   0   0   0
F45_3   0   0             0   0          0   0   0   0   0   0   0   0   0   0
F46     0   0             0   0          0   0   0   0   0   0   0   0   0   0
F46_1   0   0             0   0          0   0   0   0   0   0   0   0   0   0
F46_2   0   0             0   0          0   0   0   0   0   0   0   0   0   0
F46_3   0   0             0   0          0   0   0   0   0   0   0   0   0   0
N0      0   0             0   0          0   0   0   0   0   0   0   0   0   0
Nσ      0   0             0   0          0   0   0   0   0   0   0   0   0   0

# $2 = F32_2
# $3 = F32_3
# $5 = F33_1
# $6 = F33_2
# $7 = F33_3
# $9 = F34_1
# $10 = F34_2
# $11 = F34_3
# $13 = F35_1
# $14 = F35_2
# $15 = F35_3
# $17 = F36_1
# $18 = F36_2
:     F32_1  $2  $3 F33  $5  $6  $7 F34  $9 $10 $11 F35 $13 $14 $15 F36 $17 $18 :=
C1       0    0   0   0   0   0   0   0   0   0   0   0   0   0   0   0   0   0
C10      0    0   0   0   0   0   0   0   0   0   0   0   0   0   0   0   0   0
C11      0    0   0   0   0   0   0   0   0   0   0   0   0   0   0   0   0   0
C12      0    0   0   0   0   0   0   0   0   0   0   0   0   0   0   0   0   0
C13      0    0   0   0   0   0   0   0   0   0   0   0   0   0   0   0   0   0
C14      0    0   0   0   0   0   0   0   0   0   0   0   0   0   0   0   0   0
C15      0    0   0   0   0   0   0   0   0   0   0   0   0   0   0   0   0   0
C16      0    0   0   0   0   0   0   0   0   0   0   0   0   0   0   0   0   0
C17      0    0   0   0   0   0   0   0   0   0   0   0   0   0   0   0   0   0
C18      0    0   0   0   0   0   0   0   0   0   0   0   0   0   0   0   0   0
C19      0    0   0   0   0   0   0   0   0   0   0   0   0   0   0   0   0   0
C2       0    0   0   0   0   0   0   0   0   0   0   0   0   0   0   0   0   0
C20      0    0   0   0   0   0   0   0   0   0   0   0   0   0   0   0   0   0
C21      0    0   0   0   0   0   0   0   0   0   0   0   0   0   0   0   0   0
C22      0    0   0   0   0   0   0   0   0   0   0   0   0   0   0   0   0   0
C23      0    0   0   0   0   0   0   0   0   0   0   0   0   0   0   0   0   0
C24      0    0   0   0   0   0   0   0   0   0   0   0   0   0   0   0   0   0
C25      0    0   0   0   0   0   0   0   0   0   0   0   0   0   0   0   0   0
C3       0    0   0   0   0   0   0   0   0   0   0   0   0   0   0   0   0   0
C4       0    0   0   0   0   0   0   0   0   0   0   0   0   0   0   0   0   0
C5       0    0   0   0   0   0   0   0   0   0   0   0   0   0   0   0   0   0
C6       0    0   0   0   0   0   0   0   0   0   0   0   0   0   0   0   0   0
C7       0    0   0   0   0   0   0   0   0   0   0   0   0   0   0   0   0   0
C8       0    0   0   0   0   0   0   0   0   0   0   0   0   0   0   0   0   0
C9       0    0   0   0   0   0   0   0   0   0   0   0   0   0   0   0   0   0
F26      0    0   0   0   0   0   0   0   0   0   0   0   0   0   0   0   0   0
F26_1    0    0   0   0   0   0   0   0   0   0   0   0   0   0   0   0   0   0
F26_2    0    0   0   0   0   0   0   0   0   0   0   0   0   0   0   0   0   0
F26_3    0    0   0   0   0   0   0   0   0   0   0   0   0   0   0   0   0   0
F27      0    0   0   0   0   0   0   0   0   0   0   0   0   0   0   0   0   0
F27_1    0    0   0   0   0   0   0   0   0   0   0   0   0   0   0   0   0   0
F27_2    0    0   0   0   0   0   0   0   0   0   0   0   0   0   0   0   0   0
F27_3    0    0   0   0   0   0   0   0   0   0   0   0   0   0   0   0   0   0
F28      0    0   0   0   0   0   0   0   0   0   0   0   0   0   0   0   0   0
F28_1    0    0   0   0   0   0   0   0   0   0   0   0   0   0   0   0   0   0
F28_2    0    0   0   0   0   0   0   0   0   0   0   0   0   0   0   0   0   0
F28_3    0    0   0   0   0   0   0   0   0   0   0   0   0   0   0   0   0   0
F29      0    0   0   0   0   0   0   0   0   0   0   0   0   0   0   0   0   0
F29_1    0    0   0   0   0   0   0   0   0   0   0   0   0   0   0   0   0   0
F29_2    0    0   0   0   0   0   0   0   0   0   0   0   0   0   0   0   0   0
F29_3    0    0   0   0   0   0   0   0   0   0   0   0   0   0   0   0   0   0
F30      0    0   0   0   0   0   0   0   0   0   0   0   0   0   0   0   0   0
F30_1    0    0   0   0   0   0   0   0   0   0   0   0   0   0   0   0   0   0
F30_2    0    0   0   0   0   0   0   0   0   0   0   0   0   0   0   0   0   0
F30_3    0    0   0   0   0   0   0   0   0   0   0   0   0   0   0   0   0   0
F31      0    0   0   0   0   0   0   0   0   0   0   0   0   0   0   0   0   0
F31_1    0    0   0   0   0   0   0   0   0   0   0   0   0   0   0   0   0   0
F31_2    0    0   0   0   0   0   0   0   0   0   0   0   0   0   0   0   0   0
F31_3    0    0   0   0   0   0   0   0   0   0   0   0   0   0   0   0   0   0
F32      0    0   0   0   0   0   0   0   0   0   0   0   0   0   0   0   0   0
F32_1    .    0   0   0   0   0   0   0   0   0   0   0   0   0   0   0   0   0
F32_2    0    .   0   0   0   0   0   0   0   0   0   0   0   0   0   0   0   0
F32_3    0    0   .   0   0   0   0   0   0   0   0   0   0   0   0   0   0   0
F33      0    0   0   .   0   0   0   0   0   0   0   0   0   0   0   0   0   0
F33_1    0    0   0   0   .   0   0   0   0   0   0   0   0   0   0   0   0   0
F33_2    0    0   0   0   0   .   0   0   0   0   0   0   0   0   0   0   0   0
F33_3    0    0   0   0   0   0   .   0   0   0   0   0   0   0   0   0   0   0
F34      0    0   0   0   0   0   0   .   0   1   0   0   0   0   0   0   0   0
F34_1    0    0   0   0   0   0   0   0   .   0   0   0   0   0   0   0   0   0
F34_2    0    0   0   0   0   0   0   1   0   .   0   0   0   0   0   0   0   0
F34_3    0    0   0   0   0   0   0   0   0   0   .   0   0   0   0   0   0   0
F35      0    0   0   0   0   0   0   0   0   0   0   .   0   0   0   0   0   0
F35_1    0    0   0   0   0   0   0   0   0   0   0   0   .   0   0   0   0   0
F35_2    0    0   0   0   0   0   0   0   0   0   0   0   0   .   0   0   0   0
F35_3    0    0   0   0   0   0   0   0   0   0   0   0   0   0   .   0   0   0
F36      0    0   0   0   0   0   0   0   0   0   0   0   0   0   0   .   0   0
F36_1    0    0   0   0   0   0   0   0   0   0   0   0   0   0   0   0   .   0
F36_2    0    0   0   0   0   0   0   0   0   0   0   0   0   0   0   0   0   .
F36_3    0    0   0   0   0   0   0   0   0   0   0   0   0   0   0   0   0   0
F37      0    0   0   0   0   0   0   0   0   0   0   0   0   0   0   0   0   0
F37_1    0    0   0   0   0   0   0   0   0   0   0   0   0   0   0   0   0   0
F37_2    0    0   0   0   0   0   0   0   0   0   0   0   0   0   0   0   0   0
F37_3    0    0   0   0   0   0   0   0   0   0   0   0   0   0   0   0   0   0
F38      0    0   0   0   0   0   0   0   0   0   0   0   0   0   0   0   0   0
F38_1    0    0   0   0   0   0   0   0   0   0   0   0   0   0   0   0   0   0
F38_2    0    0   0   0   0   0   0   0   0   0   0   0   0   0   0   0   0   0
F38_3    0    0   0   0   0   0   0   0   0   0   0   0   0   0   0   0   0   0
F39      0    0   0   0   0   0   0   0   0   0   0   0   0   0   0   0   0   0
F39_1    0    0   0   0   0   0   0   0   0   0   0   0   0   0   0   0   0   0
F39_2    0    0   0   0   0   0   0   0   0   0   0   0   0   0   0   0   0   0
F39_3    0    0   0   0   0   0   0   0   0   0   0   0   0   0   0   0   0   0
F40      0    0   0   0   0   0   0   0   0   0   0   0   0   0   0   0   0   0
F40_1    0    0   0   0   0   0   0   0   0   0   0   0   0   0   0   0   0   0
F40_2    0    0   0   0   0   0   0   0   0   0   0   0   0   0   0   0   0   0
F40_3    0    0   0   0   0   0   0   0   0   0   0   0   0   0   0   0   0   0
F41      0    0   0   0   0   0   0   0   0   0   0   0   0   0   0   0   0   0
F41_1    0    0   0   0   0   0   0   0   0   0   0   0   0   0   0   0   0   0
F41_2    0    0   0   0   0   0   0   0   0   0   0   0   0   0   0   0   0   0
F41_3    0    0   0   0   0   0   0   0   0   0   0   0   0   0   0   0   0   0
F42      0    0   0   0   0   0   0   0   0   0   0   0   0   0   0   0   0   0
F42_1    0    0   0   0   0   0   0   0   0   0   0   0   0   0   0   0   0   0
F42_2    0    0   0   0   0   0   0   0   0   0   0   0   0   0   0   0   0   0
F42_3    0    0   0   0   0   0   0   0   0   0   0   0   0   0   0   0   0   0
F43      0    0   0   0   0   0   0   0   0   0   0   0   0   0   0   0   0   0
F43_1    0    0   0   0   0   0   0   0   0   0   0   0   0   0   0   0   0   0
F43_2    0    0   0   0   0   0   0   0   0   0   0   0   0   0   0   0   0   0
F43_3    0    0   0   0   0   0   0   0   0   0   0   0   0   0   0   0   0   0
F44      0    0   0   0   0   0   0   0   0   0   0   0   0   0   0   0   0   0
F44_1    0    0   0   0   0   0   0   0   0   0   0   0   0   0   0   0   0   0
F44_2    0    0   0   0   0   0   0   0   0   0   0   0   0   0   0   0   0   0
F44_3    0    0   0   0   0   0   0   0   0   0   0   0   0   0   0   0   0   0
F45      0    0   0   0   0   0   0   0   0   0   0   0   0   0   0   0   0   0
F45_1    0    0   0   0   0   0   0   0   0   0   0   0   0   0   0   0   0   0
F45_2    0    0   0   0   0   0   0   0   0   0   0   0   0   0   0   0   0   0
F45_3    0    0   0   0   0   0   0   0   0   0   0   0   0   0   0   0   0   0
F46      0    0   0   0   0   0   0   0   0   0   0   0   0   0   0   0   0   0
F46_1    0    0   0   0   0   0   0   0   0   0   0   0   0   0   0   0   0   0
F46_2    0    0   0   0   0   0   0   0   0   0   0   0   0   0   0   0   0   0
F46_3    0    0   0   0   0   0   0   0   0   0   0   0   0   0   0   0   0   0
N0       0    0   0   0   0   0   0   0   0   0   0   0   0   0   0   0   0   0
Nσ       0    0   0   0   0   0   0   0   0   0   0   0   0   0   0   0   0   0

# $3 = F37_1
# $4 = F37_2
# $5 = F37_3
# $7 = F38_1
# $8 = F38_2
# $9 = F38_3
# $11 = F39_1
# $12 = F39_2
# $13 = F39_3
# $15 = F40_1
# $16 = F40_2
# $17 = F40_3
:     F36_3 F37  $3  $4  $5 F38  $7  $8  $9 F39 $11 $12 $13 F40 $15 $16 $17 F41 :=
C1       0    0   0   0   0   0   0   0   0   0   0   0   0   0   0   0   0   0
C10      0    0   0   0   0   0   0   0   0   0   0   0   0   0   0   0   0   0
C11      0    0   0   0   0   0   0   0   0   0   0   0   0   0   0   0   0   0
C12      0    0   0   0   0   0   0   0   0   0   0   0   0   0   0   0   0   0
C13      0    0   0   0   0   0   0   0   0   0   0   0   0   0   0   0   0   0
C14      0    0   0   0   0   0   0   0   0   0   0   0   0   0   0   0   0   0
C15      0    0   0   0   0   0   0   0   0   0   0   0   0   0   0   0   0   0
C16      0    0   0   0   0   0   0   0   0   0   0   0   0   0   0   0   0   0
C17      0    0   0   0   0   0   0   0   0   0   0   0   0   0   0   0   0   0
C18      0    0   0   0   0   0   0   0   0   0   0   0   0   0   0   0   0   0
C19      0    0   0   0   0   0   0   0   0   0   0   0   0   0   0   0   0   0
C2       0    0   0   0   0   0   0   0   0   0   0   0   0   0   0   0   0   0
C20      0    0   0   0   0   0   0   0   0   0   0   0   0   0   0   0   0   0
C21      0    0   0   0   0   0   0   0   0   0   0   0   0   0   0   0   0   0
C22      0    0   0   0   0   0   0   0   0   0   0   0   0   0   0   0   0   0
C23      0    0   0   0   0   0   0   0   0   0   0   0   0   0   0   0   0   0
C24      0    0   0   0   0   0   0   0   0   0   0   0   0   0   0   0   0   0
C25      0    0   0   0   0   0   0   0   0   0   0   0   0   0   0   0   0   0
C3       0    0   0   0   0   0   0   0   0   0   0   0   0   0   0   0   0   0
C4       0    0   0   0   0   0   0   0   0   0   0   0   0   0   0   0   0   0
C5       0    0   0   0   0   0   0   0   0   0   0   0   0   0   0   0   0   0
C6       0    0   0   0   0   0   0   0   0   0   0   0   0   0   0   0   0   0
C7       0    0   0   0   0   0   0   0   0   0   0   0   0   0   0   0   0   0
C8       0    0   0   0   0   0   0   0   0   0   0   0   0   0   0   0   0   0
C9       0    0   0   0   0   0   0   0   0   0   0   0   0   0   0   0   0   0
F26      0    0   0   0   0   0   0   0   0   0   0   0   0   0   0   0   0   0
F26_1    0    0   0   0   0   0   0   0   0   0   0   0   0   0   0   0   0   0
F26_2    0    0   0   0   0   0   0   0   0   0   0   0   0   0   0   0   0   0
F26_3    0    0   0   0   0   0   0   0   0   0   0   0   0   0   0   0   0   0
F27      0    0   0   0   0   0   0   0   0   0   0   0   0   0   0   0   0   0
F27_1    0    0   0   0   0   0   0   0   0   0   0   0   0   0   0   0   0   0
F27_2    0    0   0   0   0   0   0   0   0   0   0   0   0   0   0   0   0   0
F27_3    0    0   0   0   0   0   0   0   0   0   0   0   0   0   0   0   0   0
F28      0    0   0   0   0   0   0   0   0   0   0   0   0   0   0   0   0   0
F28_1    0    0   0   0   0   0   0   0   0   0   0   0   0   0   0   0   0   0
F28_2    0    0   0   0   0   0   0   0   0   0   0   0   0   0   0   0   0   0
F28_3    0    0   0   0   0   0   0   0   0   0   0   0   0   0   0   0   0   0
F29      0    0   0   0   0   0   0   0   0   0   0   0   0   0   0   0   0   0
F29_1    0    0   0   0   0   0   0   0   0   0   0   0   0   0   0   0   0   0
F29_2    0    0   0   0   0   0   0   0   0   0   0   0   0   0   0   0   0   0
F29_3    0    0   0   0   0   0   0   0   0   0   0   0   0   0   0   0   0   0
F30      0    0   0   0   0   0   0   0   0   0   0   0   0   0   0   0   0   0
F30_1    0    0   0   0   0   0   0   0   0   0   0   0   0   0   0   0   0   0
F30_2    0    0   0   0   0   0   0   0   0   0   0   0   0   0   0   0   0   0
F30_3    0    0   0   0   0   0   0   0   0   0   0   0   0   0   0   0   0   0
F31      0    0   0   0   0   0   0   0   0   0   0   0   0   0   0   0   0   0
F31_1    0    0   0   0   0   0   0   0   0   0   0   0   0   0   0   0   0   0
F31_2    0    0   0   0   0   0   0   0   0   0   0   0   0   0   0   0   0   0
F31_3    0    0   0   0   0   0   0   0   0   0   0   0   0   0   0   0   0   0
F32      0    0   0   0   0   0   0   0   0   0   0   0   0   0   0   0   0   0
F32_1    0    0   0   0   0   0   0   0   0   0   0   0   0   0   0   0   0   0
F32_2    0    0   0   0   0   0   0   0   0   0   0   0   0   0   0   0   0   0
F32_3    0    0   0   0   0   0   0   0   0   0   0   0   0   0   0   0   0   0
F33      0    0   0   0   0   0   0   0   0   0   0   0   0   0   0   0   0   0
F33_1    0    0   0   0   0   0   0   0   0   0   0   0   0   0   0   0   0   0
F33_2    0    0   0   0   0   0   0   0   0   0   0   0   0   0   0   0   0   0
F33_3    0    0   0   0   0   0   0   0   0   0   0   0   0   0   0   0   0   0
F34      0    0   0   0   0   0   0   0   0   0   0   0   0   0   0   0   0   0
F34_1    0    0   0   0   0   0   0   0   0   0   0   0   0   0   0   0   0   0
F34_2    0    0   0   0   0   0   0   0   0   0   0   0   0   0   0   0   0   0
F34_3    0    0   0   0   0   0   0   0   0   0   0   0   0   0   0   0   0   0
F35      0    0   0   0   0   0   0   0   0   0   0   0   0   0   0   0   0   0
F35_1    0    0   0   0   0   0   0   0   0   0   0   0   0   0   0   0   0   0
F35_2    0    0   0   0   0   0   0   0   0   0   0   0   0   0   0   0   0   0
F35_3    0    0   0   0   0   0   0   0   0   0   0   0   0   0   0   0   0   0
F36      0    0   0   0   0   0   0   0   0   0   0   0   0   0   0   0   0   0
F36_1    0    0   0   0   0   0   0   0   0   0   0   0   0   0   0   0   0   0
F36_2    0    0   0   0   0   0   0   0   0   0   0   0   0   0   0   0   0   0
F36_3    .    0   0   0   0   0   0   0   0   0   0   0   0   0   0   0   0   0
F37      0    .   0   0   0   0   0   0   0   0   0   0   0   0   0   0   0   0
F37_1    0    0   .   0   0   0   0   0   0   0   0   0   0   0   0   0   0   0
F37_2    0    0   0   .   0   0   0   0   0   0   0   0   0   0   0   0   0   0
F37_3    0    0   0   0   .   0   0   0   0   0   0   0   0   0   0   0   0   0
F38      0    0   0   0   0   .   0   0   0   0   0   0   0   0   0   0   0   0
F38_1    0    0   0   0   0   0   .   0   0   0   0   0   0   0   0   0   0   0
F38_2    0    0   0   0   0   0   0   .   0   0   0   0   0   0   0   0   0   0
F38_3    0    0   0   0   0   0   0   0   .   0   0   0   0   0   0   0   0   0
F39      0    0   0   0   0   0   0   0   0   .   0   0   0   0   0   0   0   0
F39_1    0    0   0   0   0   0   0   0   0   0   .   0   0   0   0   0   0   0
F39_2    0    0   0   0   0   0   0   0   0   0   0   .   0   0   0   0   0   0
F39_3    0    0   0   0   0   0   0   0   0   0   0   0   .   0   0   0   0   0
F40      0    0   0   0   0   0   0   0   0   0   0   0   0   .   0   0   0   0
F40_1    0    0   0   0   0   0   0   0   0   0   0   0   0   0   .   0   0   0
F40_2    0    0   0   0   0   0   0   0   0   0   0   0   0   0   0   .   0   0
F40_3    0    0   0   0   0   0   0   0   0   0   0   0   0   0   0   0   .   0
F41      0    0   0   0   0   0   0   0   0   0   0   0   0   0   0   0   0   .
F41_1    0    0   0   0   0   0   0   0   0   0   0   0   0   0   0   0   0   0
F41_2    0    0   0   0   0   0   0   0   0   0   0   0   0   0   0   0   0   0
F41_3    0    0   0   0   0   0   0   0   0   0   0   0   0   0   0   0   0   0
F42      0    0   0   0   0   0   0   0   0   0   0   0   0   0   0   0   0   0
F42_1    0    0   0   0   0   0   0   0   0   0   0   0   0   0   0   0   0   0
F42_2    0    0   0   0   0   0   0   0   0   0   0   0   0   0   0   0   0   0
F42_3    0    0   0   0   0   0   0   0   0   0   0   0   0   0   0   0   0   0
F43      0    0   0   0   0   0   0   0   0   0   0   0   0   0   0   0   0   0
F43_1    0    0   0   0   0   0   0   0   0   0   0   0   0   0   0   0   0   0
F43_2    0    0   0   0   0   0   0   0   0   0   0   0   0   0   0   0   0   0
F43_3    0    0   0   0   0   0   0   0   0   0   0   0   0   0   0   0   0   0
F44      0    0   0   0   0   0   0   0   0   0   0   0   0   0   0   0   0   0
F44_1    0    0   0   0   0   0   0   0   0   0   0   0   0   0   0   0   0   0
F44_2    0    0   0   0   0   0   0   0   0   0   0   0   0   0   0   0   0   0
F44_3    0    0   0   0   0   0   0   0   0   0   0   0   0   0   0   0   0   0
F45      0    0   0   0   0   0   0   0   0   0   0   0   0   0   0   0   0   0
F45_1    0    0   0   0   0   0   0   0   0   0   0   0   0   0   0   0   0   0
F45_2    0    0   0   0   0   0   0   0   0   0   0   0   0   0   0   0   0   0
F45_3    0    0   0   0   0   0   0   0   0   0   0   0   0   0   0   0   0   0
F46      0    0   0   0   0   0   0   0   0   0   0   0   0   0   0   0   0   0
F46_1    0    0   0   0   0   0   0   0   0   0   0   0   0   0   0   0   0   0
F46_2    0    0   0   0   0   0   0   0   0   0   0   0   0   0   0   0   0   0
F46_3    0    0   0   0   0   0   0   0   0   0   0   0   0   0   0   0   0   0
N0       0    0   0   0   0   0   0   0   0   0   0   0   0   0   0   0   0   0
Nσ       0    0   0   0   0   0   0   0   0   0   0   0   0   0   0   0   0   0

# $2 = F41_2
# $3 = F41_3
# $5 = F42_1
# $6 = F42_2
# $7 = F42_3
# $9 = F43_1
# $10 = F43_2
# $11 = F43_3
# $13 = F44_1
# $14 = F44_2
# $15 = F44_3
# $17 = F45_1
# $18 = F45_2
:     F41_1  $2  $3 F42  $5  $6  $7 F43  $9 $10 $11 F44 $13 $14 $15 F45 $17 $18 :=
C1       0    0   0   0   0   0   0   0   0   0   0   0   0   0   0   0   0   0
C10      0    0   0   0   0   0   0   0   0   0   0   0   0   0   0   0   0   0
C11      0    0   0   0   0   0   0   0   0   0   0   0   0   0   0   0   0   0
C12      0    0   0   0   0   0   0   0   0   0   0   0   0   0   0   0   0   0
C13      0    0   0   0   0   0   0   0   0   0   0   0   0   0   0   0   0   0
C14      0    0   0   0   0   0   0   0   0   0   0   0   0   0   0   0   0   0
C15      0    0   0   0   0   0   0   0   0   0   0   0   0   0   0   0   0   0
C16      0    0   0   0   0   0   0   0   0   0   0   0   0   0   0   0   0   0
C17      0    0   0   0   0   0   0   0   0   0   0   0   0   0   0   0   0   0
C18      0    0   0   0   0   0   0   0   0   0   0   0   0   0   0   0   0   0
C19      0    0   0   0   0   0   0   0   0   0   0   0   0   0   0   0   0   0
C2       0    0   0   0   0   0   0   0   0   0   0   0   0   0   0   0   0   0
C20      0    0   0   0   0   0   0   0   0   0   0   0   0   0   0   0   0   0
C21      0    0   0   0   0   0   0   0   0   0   0   0   0   0   0   0   0   0
C22      0    0   0   0   0   0   0   0   0   0   0   0   0   0   0   0   0   0
C23      0    0   0   0   0   0   0   0   0   0   0   0   0   0   0   0   0   0
C24      0    0   0   0   0   0   0   0   0   0   0   0   0   0   0   0   0   0
C25      0    0   0   0   0   0   0   0   0   0   0   0   0   0   0   0   0   0
C3       0    0   0   0   0   0   0   0   0   0   0   0   0   0   0   0   0   0
C4       0    0   0   0   0   0   0   0   0   0   0   0   0   0   0   0   0   0
C5       0    0   0   0   0   0   0   0   0   0   0   0   0   0   0   0   0   0
C6       0    0   0   0   0   0   0   0   0   0   0   0   0   0   0   0   0   0
C7       0    0   0   0   0   0   0   0   0   0   0   0   0   0   0   0   0   0
C8       0    0   0   0   0   0   0   0   0   0   0   0   0   0   0   0   0   0
C9       0    0   0   0   0   0   0   0   0   0   0   0   0   0   0   0   0   0
F26      0    0   0   0   0   0   0   0   0   0   0   0   0   0   0   0   0   0
F26_1    0    0   0   0   0   0   0   0   0   0   0   0   0   0   0   0   0   0
F26_2    0    0   0   0   0   0   0   0   0   0   0   0   0   0   0   0   0   0
F26_3    0    0   0   0   0   0   0   0   0   0   0   0   0   0   0   0   0   0
F27      0    0   0   0   0   0   0   0   0   0   0   0   0   0   0   0   0   0
F27_1    0    0   0   0   0   0   0   0   0   0   0   0   0   0   0   0   0   0
F27_2    0    0   0   0   0   0   0   0   0   0   0   0   0   0   0   0   0   0
F27_3    0    0   0   0   0   0   0   0   0   0   0   0   0   0   0   0   0   0
F28      0    0   0   0   0   0   0   0   0   0   0   0   0   0   0   0   0   0
F28_1    0    0   0   0   0   0   0   0   0   0   0   0   0   0   0   0   0   0
F28_2    0    0   0   0   0   0   0   0   0   0   0   0   0   0   0   0   0   0
F28_3    0    0   0   0   0   0   0   0   0   0   0   0   0   0   0   0   0   0
F29      0    0   0   0   0   0   0   0   0   0   0   0   0   0   0   0   0   0
F29_1    0    0   0   0   0   0   0   0   0   0   0   0   0   0   0   0   0   0
F29_2    0    0   0   0   0   0   0   0   0   0   0   0   0   0   0   0   0   0
F29_3    0    0   0   0   0   0   0   0   0   0   0   0   0   0   0   0   0   0
F30      0    0   0   0   0   0   0   0   0   0   0   0   0   0   0   0   0   0
F30_1    0    0   0   0   0   0   0   0   0   0   0   0   0   0   0   0   0   0
F30_2    0    0   0   0   0   0   0   0   0   0   0   0   0   0   0   0   0   0
F30_3    0    0   0   0   0   0   0   0   0   0   0   0   0   0   0   0   0   0
F31      0    0   0   0   0   0   0   0   0   0   0   0   0   0   0   0   0   0
F31_1    0    0   0   0   0   0   0   0   0   0   0   0   0   0   0   0   0   0
F31_2    0    0   0   0   0   0   0   0   0   0   0   0   0   0   0   0   0   0
F31_3    0    0   0   0   0   0   0   0   0   0   0   0   0   0   0   0   0   0
F32      0    0   0   0   0   0   0   0   0   0   0   0   0   0   0   0   0   0
F32_1    0    0   0   0   0   0   0   0   0   0   0   0   0   0   0   0   0   0
F32_2    0    0   0   0   0   0   0   0   0   0   0   0   0   0   0   0   0   0
F32_3    0    0   0   0   0   0   0   0   0   0   0   0   0   0   0   0   0   0
F33      0    0   0   0   0   0   0   0   0   0   0   0   0   0   0   0   0   0
F33_1    0    0   0   0   0   0   0   0   0   0   0   0   0   0   0   0   0   0
F33_2    0    0   0   0   0   0   0   0   0   0   0   0   0   0   0   0   0   0
F33_3    0    0   0   0   0   0   0   0   0   0   0   0   0   0   0   0   0   0
F34      0    0   0   0   0   0   0   0   0   0   0   0   0   0   0   0   0   0
F34_1    0    0   0   0   0   0   0   0   0   0   0   0   0   0   0   0   0   0
F34_2    0    0   0   0   0   0   0   0   0   0   0   0   0   0   0   0   0   0
F34_3    0    0   0   0   0   0   0   0   0   0   0   0   0   0   0   0   0   0
F35      0    0   0   0   0   0   0   0   0   0   0   0   0   0   0   0   0   0
F35_1    0    0   0   0   0   0   0   0   0   0   0   0   0   0   0   0   0   0
F35_2    0    0   0   0   0   0   0   0   0   0   0   0   0   0   0   0   0   0
F35_3    0    0   0   0   0   0   0   0   0   0   0   0   0   0   0   0   0   0
F36      0    0   0   0   0   0   0   0   0   0   0   0   0   0   0   0   0   0
F36_1    0    0   0   0   0   0   0   0   0   0   0   0   0   0   0   0   0   0
F36_2    0    0   0   0   0   0   0   0   0   0   0   0   0   0   0   0   0   0
F36_3    0    0   0   0   0   0   0   0   0   0   0   0   0   0   0   0   0   0
F37      0    0   0   0   0   0   0   0   0   0   0   0   0   0   0   0   0   0
F37_1    0    0   0   0   0   0   0   0   0   0   0   0   0   0   0   0   0   0
F37_2    0    0   0   0   0   0   0   0   0   0   0   0   0   0   0   0   0   0
F37_3    0    0   0   0   0   0   0   0   0   0   0   0   0   0   0   0   0   0
F38      0    0   0   0   0   0   0   0   0   0   0   0   0   0   0   0   0   0
F38_1    0    0   0   0   0   0   0   0   0   0   0   0   0   0   0   0   0   0
F38_2    0    0   0   0   0   0   0   0   0   0   0   0   0   0   0   0   0   0
F38_3    0    0   0   0   0   0   0   0   0   0   0   0   0   0   0   0   0   0
F39      0    0   0   0   0   0   0   0   0   0   0   0   0   0   0   0   0   0
F39_1    0    0   0   0   0   0   0   0   0   0   0   0   0   0   0   0   0   0
F39_2    0    0   0   0   0   0   0   0   0   0   0   0   0   0   0   0   0   0
F39_3    0    0   0   0   0   0   0   0   0   0   0   0   0   0   0   0   0   0
F40      0    0   0   0   0   0   0   0   0   0   0   0   0   0   0   0   0   0
F40_1    0    0   0   0   0   0   0   0   0   0   0   0   0   0   0   0   0   0
F40_2    0    0   0   0   0   0   0   0   0   0   0   0   0   0   0   0   0   0
F40_3    0    0   0   0   0   0   0   0   0   0   0   0   0   0   0   0   0   0
F41      0    0   0   0   0   0   0   0   0   0   0   0   0   0   0   0   0   0
F41_1    .    0   0   0   0   0   0   0   0   0   0   0   0   0   0   0   0   0
F41_2    0    .   0   0   0   0   0   0   0   0   0   0   0   0   0   0   0   0
F41_3    0    0   .   0   0   0   0   0   0   0   0   0   0   0   0   0   0   0
F42      0    0   0   .   0   0   0   0   0   0   0   0   0   0   0   0   0   0
F42_1    0    0   0   0   .   0   0   0   0   0   0   0   0   0   0   0   0   0
F42_2    0    0   0   0   0   .   0   0   0   0   0   0   0   0   0   0   0   0
F42_3    0    0   0   0   0   0   .   0   0   0   0   0   0   0   0   0   0   0
F43      0    0   0   0   0   0   0   .   0   1   0   0   0   0   0   0   0   0
F43_1    0    0   0   0   0   0   0   0   .   0   0   0   0   0   0   0   0   0
F43_2    0    0   0   0   0   0   0   0   0   .   1   0   0   0   0   0   0   0
F43_3    0    0   0   0   0   0   0   1   0   0   .   0   0   0   0   0   0   0
F44      0    0   0   0   0   0   0   0   0   0   0   .   0   0   0   0   0   0
F44_1    0    0   0   0   0   0   0   0   0   0   0   0   .   0   0   0   0   0
F44_2    0    0   0   0   0   0   0   0   0   0   0   0   0   .   0   0   0   0
F44_3    0    0   0   0   0   0   0   0   0   0   0   0   0   0   .   0   0   0
F45      0    0   0   0   0   0   0   0   0   0   0   0   0   0   0   .   0   0
F45_1    0    0   0   0   0   0   0   0   0   0   0   0   0   0   0   0   .   0
F45_2    0    0   0   0   0   0   0   0   0   0   0   0   0   0   0   0   0   .
F45_3    0    0   0   0   0   0   0   0   0   0   0   0   0   0   0   0   0   0
F46      0    0   0   0   0   0   0   0   0   0   0   0   0   0   0   0   0   0
F46_1    0    0   0   0   0   0   0   0   0   0   0   0   0   0   0   0   0   0
F46_2    0    0   0   0   0   0   0   0   0   0   0   0   0   0   0   0   0   0
F46_3    0    0   0   0   0   0   0   0   0   0   0   0   0   0   0   0   0   0
N0       0    0   0   0   0   0   0   0   0   0   0   0   0   0   0   0   0   0
Nσ       0    0   0   0   0   0   0   0   0   0   0   0   0   0   0   0   0   0

:     F45_3 F46 F46_1 F46_2 F46_3  N0  Nσ    :=
C1       0    0    0     0     0    0   0
C10      0    0    0     0     0    0   0
C11      0    0    0     0     0    0   0
C12      0    0    0     0     0    0   1
C13      0    0    0     0     0    0   0
C14      0    0    0     0     0    0   0
C15      0    0    0     0     0    0   0
C16      0    0    0     0     0    0   0
C17      0    0    0     0     0    0   0
C18      0    0    0     0     0    0   0
C19      0    0    0     0     0    0   0
C2       0    0    0     0     0    0   0
C20      0    0    0     0     0    0   0
C21      0    0    0     0     0    0   0
C22      0    0    0     0     0    0   0
C23      0    0    0     0     0    0   0
C24      0    0    0     0     0    0   0
C25      0    0    0     0     0    0   0
C3       0    0    0     0     0    0   0
C4       0    0    0     0     0    0   0
C5       0    0    0     0     0    0   1
C6       0    0    0     0     0    0   0
C7       0    0    0     0     0    0   1
C8       0    0    0     0     0    0   0
C9       0    0    0     0     0    0   0
F26      0    0    0     0     0    0   0
F26_1    0    0    0     0     0    0   0
F26_2    0    0    0     0     0    0   0
F26_3    0    0    0     0     0    0   1
F27      0    0    0     0     0    0   0
F27_1    0    0    0     0     0    0   0
F27_2    0    0    0     0     0    0   0
F27_3    0    0    0     0     0    0   0
F28      0    0    0     0     0    0   0
F28_1    0    0    0     0     0    0   0
F28_2    0    0    0     0     0    0   0
F28_3    0    0    0     0     0    0   0
F29      0    0    0     0     0    0   0
F29_1    0    0    0     0     0    0   0
F29_2    0    0    0     0     0    0   0
F29_3    0    0    0     0     0    0   0
F30      0    0    0     0     0    0   0
F30_1    0    0    0     0     0    0   0
F30_2    0    0    0     0     0    0   0
F30_3    0    0    0     0     0    0   0
F31      0    0    0     0     0    0   0
F31_1    0    0    0     0     0    0   0
F31_2    0    0    0     0     0    0   0
F31_3    0    0    0     0     0    0   0
F32      0    0    0     0     0    0   0
F32_1    0    0    0     0     0    0   0
F32_2    0    0    0     0     0    0   0
F32_3    0    0    0     0     0    0   0
F33      0    0    0     0     0    0   0
F33_1    0    0    0     0     0    0   0
F33_2    0    0    0     0     0    0   0
F33_3    0    0    0     0     0    0   0
F34      0    0    0     0     0    0   0
F34_1    0    0    0     0     0    0   0
F34_2    0    0    0     0     0    0   0
F34_3    0    0    0     0     0    0   0
F35      0    0    0     0     0    0   0
F35_1    0    0    0     0     0    0   0
F35_2    0    0    0     0     0    0   0
F35_3    0    0    0     0     0    0   0
F36      0    0    0     0     0    0   0
F36_1    0    0    0     0     0    0   0
F36_2    0    0    0     0     0    0   0
F36_3    0    0    0     0     0    0   0
F37      0    0    0     0     0    0   0
F37_1    0    0    0     0     0    0   0
F37_2    0    0    0     0     0    0   0
F37_3    0    0    0     0     0    0   0
F38      0    0    0     0     0    0   0
F38_1    0    0    0     0     0    0   0
F38_2    0    0    0     0     0    0   0
F38_3    0    0    0     0     0    0   0
F39      0    0    0     0     0    0   0
F39_1    0    0    0     0     0    0   0
F39_2    0    0    0     0     0    0   0
F39_3    0    0    0     0     0    0   0
F40      0    0    0     0     0    0   0
F40_1    0    0    0     0     0    0   0
F40_2    0    0    0     0     0    0   0
F40_3    0    0    0     0     0    0   0
F41      0    0    0     0     0    0   0
F41_1    0    0    0     0     0    0   0
F41_2    0    0    0     0     0    0   0
F41_3    0    0    0     0     0    0   0
F42      0    0    0     0     0    0   0
F42_1    0    0    0     0     0    0   0
F42_2    0    0    0     0     0    0   0
F42_3    0    0    0     0     0    0   0
F43      0    0    0     0     0    0   0
F43_1    0    0    0     0     0    0   0
F43_2    0    0    0     0     0    0   0
F43_3    0    0    0     0     0    0   0
F44      0    0    0     0     0    0   0
F44_1    0    0    0     0     0    0   0
F44_2    0    0    0     0     0    0   0
F44_3    0    0    0     0     0    0   0
F45      0    0    0     0     0    0   0
F45_1    0    0    0     0     0    0   0
F45_2    0    0    0     0     0    0   0
F45_3    .    0    0     0     0    0   0
F46      0    .    0     0     0    0   0
F46_1    0    0    .     0     0    0   0
F46_2    0    0    0     .     0    0   0
F46_3    0    0    0     0     .    0   0
N0       0    0    0     0     0    .   0
Nσ       0    0    0     0     0    0   .
;

sum{i in D0, j in Vplun} x[i,j] = 4

sum{i in Vall, j in Vall: i != j} x[i,j]*t[i,j] = 397.027

sum{i in F} z[i]*R[i] = 3.0941

sum{i in F, j in Vplunend: i != j} y[i]*x[i,j] = 9.64205e-07

a [*] :=
   C1 2499        F26_3 2803.32     F33_3    0        F40_3    0
  C10 3079.2        F27    0          F34 3390          F41    0
  C11  148.503    F27_1    0        F34_1    0        F41_1    0
  C12  567        F27_2    0        F34_2 3390        F41_2    0
  C13   22.3607   F27_3    0        F34_3    0        F41_3    0
  C14  115.361      F28    0          F35    0          F42    0
  C15   39.2938   F28_1    0        F35_1    0        F42_1    0
  C16  347.186    F28_2    0        F35_2    0        F42_2    0
  C17 2701.66     F28_3    0        F35_3    0        F42_3    0
  C18  107.28       F29  544.744      F36    0          F43    0
  C19 1616.52     F29_1  446.673    F36_1    0        F43_1    0
   C2 2216        F29_2  446.673    F36_2    0        F43_2    0
  C20 2105.48     F29_3    0        F36_3    0        F43_3    0
  C21 2983.2        F30    0          F37  818.559      F44  799.763
  C22 2598.85     F30_1    0        F37_1    0        F44_1 3390
  C23  221.322    F30_2    0        F37_2    0        F44_2    0
  C24 3186.92     F30_3    0        F37_3    0        F44_3    0
  C25 2311          F31  818.559      F38    0          F45    0
   C3 1256        F31_1    0        F38_1 3390        F45_1    0
   C4 2406        F31_2 3390        F38_2 3390        F45_2    0
   C5 3289        F31_3    0        F38_3    0        F45_3 3390
   C6  253.063      F32  818.559      F39 3390          F46  799.763
   C7 1711.9      F32_1    0        F39_1    0        F46_1 3390
   C8   10        F32_2    0        F39_2    0        F46_2 3390
   C9 1511.39     F32_3 3390        F39_3    0        F46_3 3390
  F26    0          F33 1000.84       F40  799.763       N0    0
F26_1    0        F33_1 3390        F40_1    0           Nσ 3390
F26_2    0        F33_2    0        F40_2    0
;

u [*] :=
   C1 620      C4 640   F29_1  10     F34 700   F38_3 700   F43_2   0
  C10  60      C5  10   F29_2  10   F34_1 700     F39 700   F43_3   0
  C11 680      C6 670   F29_3  10   F34_2 700   F39_1 600     F44 700
  C12  10      C7  10     F30 700   F34_3 700   F39_2 600   F44_1 700
  C13 700      C8 120   F30_1 700     F35 700   F39_3 600   F44_2 700
  C14 690      C9 650   F30_2 700   F35_1 700     F40 700   F44_3 700
  C15 700     F26   0   F30_3 700   F35_2 700   F40_1 700     F45 600
  C16 660   F26_1   0     F31 700   F35_3 700   F40_2 700   F45_1 700
  C17 560   F26_2   0   F31_1 700     F36 700   F40_3 700   F45_2 600
  C18 110   F26_3   0   F31_2 700   F36_1 700     F41 700   F45_3 600
  C19 610     F27 600   F31_3 700   F36_2 700   F41_1 600     F46 700
   C2 690   F27_1 600     F32 700   F36_3 700   F41_2 600   F46_1 700
  C20 700   F27_2 600   F32_1 700     F37 700   F41_3 700   F46_2 700
  C21  80   F27_3 600   F32_2 700   F37_1   0     F42 660   F46_3 700
  C22 600     F28 700   F32_3 700   F37_2   0   F42_1 660      N0 700
  C23 100   F28_1 700     F33 700   F37_3   0   F42_2 700      Nσ   0
  C24  20   F28_2 700   F33_1 600     F38   0   F42_3 660
  C25 650   F28_3 700   F33_2 700   F38_1 700     F43   0
   C3 670     F29  10   F33_3 600   F38_2   0   F43_1 700
;

v [*] :=
   C1  67.8386   F26_3  33.5216   F33_3   0        F40_3 118.12
  C10  40.5733     F27   0          F34 118.12       F41 118.12
  C11  59.6168   F27_1   0        F34_1 118.12     F41_1 118.12
  C12  33.541    F27_2   0        F34_2 118.12     F41_2 118.12
  C13  95.7593   F27_3   0        F34_3 118.12     F41_3 118.12
  C14  92.7593     F28   0          F35 118.12       F42 118.12
  C15  78.8262   F28_1   0        F35_1   0        F42_1   0
  C16  40.9335   F28_2   0        F35_2   0        F42_2 118.12
  C17  45.1835   F28_3   0        F35_3   0        F42_3   0
  C18  76.0001     F29  31.4469     F36   0          F43   0
  C19  25.485    F29_1  31.4467   F36_1   0        F43_1   0
   C2  80.8386   F29_2  31.4468   F36_2   0        F43_2   0
  C20 101.357    F29_3  34.541    F36_3   0        F43_3   0
  C21  46.5733     F30 118.12       F37   0          F44   0
  C22  57.9897   F30_1   0        F37_1 118.12     F44_1   0
  C23  51.9585   F30_2   0        F37_2 118.12     F44_2   0
  C24  22.8533   F30_3   0        F37_3 118.12     F44_3   0
  C25  75.8386     F31   0          F38 118.12       F45   0
   C3  66.1886   F31_1   0        F38_1 118.12     F45_1 118.12
   C4  70.8386   F31_2 118.12     F38_2   0        F45_2   0
   C5  10.7703   F31_3 118.12     F38_3 118.12     F45_3 118.12
   C6  45.0566     F32 118.12       F39   0          F46 118.12
   C7  20.0998   F32_1   0        F39_1 118.12     F46_1   0
   C8 108.12     F32_2   0        F39_2   0        F46_2 118.12
   C9  40.6177   F32_3   0        F39_3 118.12     F46_3   0
  F26   0          F33   0          F40   0           N0 118.12
F26_1   0        F33_1   0        F40_1   0           Nσ   0
F26_2   0        F33_2   0        F40_2   0
;

y [*] :=
  F26 0             F31_1 0             F36_2 0             F41_3 0
F26_1 0             F31_2 0             F36_3 0               F42 0
F26_2 0             F31_3 0               F37 0             F42_1 0
F26_3 0               F32 0             F37_1 0             F42_2 0
  F27 0             F32_1 0             F37_2 0             F42_3 0
F27_1 0             F32_2 0             F37_3 0               F43 0
F27_2 0             F32_3 0               F38 0             F43_1 0
F27_3 0               F33 0             F38_1 0             F43_2 0
  F28 0             F33_1 0             F38_2 0             F43_3 0
F28_1 0             F33_2 0             F38_3 0               F44 0
F28_2 0             F33_3 0               F39 0             F44_1 0
F28_3 0               F34 0             F39_1 0             F44_2 0
  F29 0             F34_1 0             F39_2 0             F44_3 0
F29_1 0             F34_2 0             F39_3 0               F45 1
F29_2 9.64205e-07   F34_3 0               F40 0             F45_1 0
F29_3 0               F35 0             F40_1 0             F45_2 0
  F30 0             F35_1 0             F40_2 0             F45_3 0
F30_1 0             F35_2 0             F40_3 0               F46 0
F30_2 0             F35_3 0               F41 0             F46_1 0
F30_3 0               F36 0             F41_1 0             F46_2 0
  F31 0             F36_1 0             F41_2 0             F46_3 0
;

z [*] :=
  F26 1          F31_1 1          F36_2 1          F41_3 1
F26_1 1          F31_2 1          F36_3 1            F42 1
F26_2 1          F31_3 1            F37 1          F42_1 1
F26_3 1            F32 1          F37_1 1          F42_2 1
  F27 1          F32_1 1          F37_2 1          F42_3 1
F27_1 1          F32_2 1          F37_3 1            F43 1
F27_2 1          F32_3 1            F38 1          F43_1 1
F27_3 1            F33 1          F38_1 1          F43_2 1
  F28 1          F33_1 1          F38_2 1          F43_3 1
F28_1 1          F33_2 1          F38_3 1            F44 1
F28_2 1          F33_3 1            F39 1          F44_1 1
F28_3 1            F34 1          F39_1 1          F44_2 1
  F29 1          F34_1 1          F39_2 1          F44_3 1
F29_1 1          F34_2 1          F39_3 1            F45 0
F29_2 0.999999   F34_3 1            F40 1          F45_1 1
F29_3 1            F35 1          F40_1 1          F45_2 1
  F30 1          F35_1 1          F40_2 1          F45_3 1
F30_1 1          F35_2 1          F40_3 1            F46 1
F30_2 1          F35_3 1            F41 1          F46_1 1
F30_3 1            F36 1          F41_1 1          F46_2 1
  F31 1          F36_1 1          F41_2 1          F46_3 1
;

R [*] :=
  F26 0        F30_1 0        F34_2 0        F38_3 0          F43 0
F26_1 0        F30_2 0        F34_3 0          F39 0        F43_1 0
F26_2 0        F30_3 0          F35 0        F39_1 0        F43_2 0
F26_3 0          F31 0        F35_1 0        F39_2 0        F43_3 0
  F27 0        F31_1 0        F35_2 0        F39_3 0          F44 0
F27_1 0        F31_2 0        F35_3 0          F40 0        F44_1 0
F27_2 0        F31_3 0          F36 0        F40_1 0        F44_2 0
F27_3 0          F32 0        F36_1 0        F40_2 0        F44_3 0
  F28 0        F32_1 0        F36_2 0        F40_3 0          F45 0
F28_1 0        F32_2 0        F36_3 0          F41 0        F45_1 0
F28_2 0        F32_3 0          F37 0        F41_1 0        F45_2 0
F28_3 0          F33 0        F37_1 0        F41_2 0        F45_3 0
  F29 3.0941   F33_1 0        F37_2 0        F41_3 0          F46 0
F29_1 0        F33_2 0        F37_3 0          F42 0        F46_1 0
F29_2 0        F33_3 0          F38 0        F42_1 0        F46_2 0
F29_3 0          F34 0        F38_1 0        F42_2 0        F46_3 0
  F30 0        F34_1 0        F38_2 0        F42_3 0
;

Y [*] :=
  F26   0        F31_1   0        F36_2   0        F41_3 118.12
F26_1   0        F31_2 118.12     F36_3   0          F42 118.12
F26_2   0        F31_3 118.12       F37   0        F42_1   0
F26_3  33.5216     F32 118.12     F37_1 118.12     F42_2 118.12
  F27   0        F32_1   0        F37_2 118.12     F42_3   0
F27_1   0        F32_2   0        F37_3 118.12       F43   0
F27_2   0        F32_3   0          F38 118.12     F43_1   0
F27_3   0          F33   0        F38_1 118.12     F43_2   0
  F28   0        F33_1   0        F38_2   0        F43_3   0
F28_1   0        F33_2   0        F38_3 118.12       F44   0
F28_2   0        F33_3   0          F39   0        F44_1   0
F28_3   0          F34 118.12     F39_1 118.12     F44_2   0
  F29  34.541    F34_1 118.12     F39_2   0        F44_3   0
F29_1  31.4467   F34_2 118.12     F39_3 118.12       F45 118.12
F29_2  31.4469   F34_3 118.12       F40   0        F45_1 118.12
F29_3  34.541      F35 118.12     F40_1   0        F45_2   0
  F30 118.12     F35_1   0        F40_2   0        F45_3 118.12
F30_1   0        F35_2   0        F40_3 118.12       F46 118.12
F30_2   0        F35_3   0          F41 118.12     F46_1   0
F30_3   0          F36   0        F41_1 118.12     F46_2 118.12
  F31   0        F36_1   0        F41_2 118.12     F46_3   0
;

