MIP Gap (%):  52.679936308824004
_solve_elapsed_time = 28801.4

TotalCost = 5853.31

x [*,*]
:      C1 C10 C11 C12 C13 C14 C15 C16 C17 C18 C19  C2 C20 C21 C22 C23 C24 C25 :=
C1      .   0   0   0   0   0   0   0   0   0   0   0   0   0   0   0   0   0
C10     0   .   0   0   0   0   0   0   0   0   0   0   0   0   0   0   0   0
C11     0   0   .   0   0   0   0   0   0   0   0   0   0   0   0   0   0   0
C12     0   0   0   .   1   0   0   0   0   0   0   0   0   0   0   0   0   0
C13     0   0   0   0   .   0   0   0   0   0   0   0   0   0   0   0   0   0
C14     0   0   0   0   0   .   0   0   0   0   0   0   0   0   0   0   0   0
C15     0   0   0   0   0   0   .   0   0   0   0   0   0   0   0   0   1   0
C16     0   0   0   0   0   0   0   .   0   0   0   0   1   0   0   0   0   0
C17     0   0   0   0   0   0   0   0   .   0   0   0   0   0   0   0   0   0
C18     0   0   0   0   0   0   0   0   0   .   0   0   0   0   0   1   0   0
C19     0   0   0   0   0   0   0   0   1   0   .   0   0   0   0   0   0   0
C2      0   0   0   0   0   0   0   0   0   0   0   .   0   0   0   0   0   1
C20     0   0   0   0   0   0   0   0   0   0   0   0   .   0   0   0   0   0
C21     0   0   0   0   0   0   0   0   0   0   0   0   0   .   0   0   0   0
C22     0   0   0   0   0   0   1   0   0   0   0   0   0   0   .   0   0   0
C23     0   1   0   0   0   0   0   0   0   0   0   0   0   0   0   .   0   0
C24     0   0   0   0   0   0   0   0   0   0   0   0   0   1   0   0   .   0
C25     0   0   0   0   0   0   0   0   0   1   0   0   0   0   0   0   0   .
C3      0   0   0   0   0   0   0   0   0   0   0   0   0   0   0   0   0   0
C4      0   0   0   0   0   0   0   0   0   0   0   0   0   0   0   0   0   0
C5      0   0   0   0   0   0   0   0   0   0   1   0   0   0   0   0   0   0
C6      0   0   0   0   0   0   0   0   0   0   0   0   0   0   0   0   0   0
C7      1   0   0   0   0   0   0   0   0   0   0   0   0   0   0   0   0   0
C8      0   0   1   0   0   0   0   0   0   0   0   0   0   0   0   0   0   0
C9      0   0   0   0   0   0   0   0   0   0   0   0   0   0   0   0   0   0
F26     0   0   0   0   0   0   0   0   0   0   0   0   0   0   0   0   0   0
F26_1   0   0   0   0   0   0   0   0   0   0   0   0   0   0   0   0   0   0
F26_2   0   0   0   0   0   0   0   0   0   0   0   0   0   0   0   0   0   0
F26_3   0   0   0   0   0   0   0   0   0   0   0   0   0   0   0   0   0   0
F27     0   0   0   0   0   0   0   0   0   0   0   0   0   0   0   0   0   0
F27_1   0   0   0   0   0   0   0   0   0   0   0   0   0   0   0   0   0   0
F27_2   0   0   0   0   0   0   0   0   0   0   0   0   0   0   0   0   0   0
F27_3   0   0   0   0   0   0   0   0   0   0   0   0   0   0   0   0   0   0
F28     0   0   0   0   0   0   0   0   0   0   0   0   0   0   0   0   0   0
F28_1   0   0   0   0   0   0   0   0   0   0   0   0   0   0   0   0   0   0
F28_2   0   0   0   0   0   0   0   0   0   0   0   0   0   0   0   0   0   0
F28_3   0   0   0   0   0   0   0   0   0   0   0   0   0   0   0   0   0   0
F29     0   0   0   0   0   0   0   0   0   0   0   0   0   0   0   0   0   0
F29_1   0   0   0   0   0   0   0   0   0   0   0   0   0   0   0   0   0   0
F29_2   0   0   0   0   0   0   0   0   0   0   0   0   0   0   0   0   0   0
F29_3   0   0   0   0   0   0   0   0   0   0   0   0   0   0   0   0   0   0
F30     0   0   0   0   0   0   0   0   0   0   0   0   0   0   0   0   0   0
F30_1   0   0   0   0   0   0   0   0   0   0   0   0   0   0   0   0   0   0
F30_2   0   0   0   0   0   0   0   0   0   0   0   0   0   0   0   0   0   0
F30_3   0   0   0   0   0   0   0   0   0   0   0   0   0   0   0   0   0   0
F31     0   0   0   0   0   0   0   0   0   0   0   0   0   0   0   0   0   0
F31_1   0   0   0   0   0   0   0   0   0   0   0   0   0   0   0   0   0   0
F31_2   0   0   0   0   0   0   0   0   0   0   0   0   0   0   0   0   0   0
F31_3   0   0   0   0   0   0   0   0   0   0   0   0   0   0   0   0   0   0
F32     0   0   0   0   0   0   0   0   0   0   0   0   0   0   0   0   0   0
F32_1   0   0   0   0   0   0   0   0   0   0   0   0   0   0   0   0   0   0
F32_2   0   0   0   0   0   0   0   0   0   0   0   0   0   0   0   0   0   0
F32_3   0   0   0   0   0   0   0   0   0   0   0   0   0   0   0   0   0   0
F33     0   0   0   0   0   0   0   0   0   0   0   0   0   0   0   0   0   0
F33_1   0   0   0   0   0   0   0   0   0   0   0   0   0   0   0   0   0   0
F33_2   0   0   0   0   0   0   0   0   0   0   0   0   0   0   0   0   0   0
F33_3   0   0   0   0   0   0   0   0   0   0   0   0   0   0   0   0   0   0
F34     0   0   0   0   0   0   0   0   0   0   0   0   0   0   0   0   0   0
F34_1   0   0   0   0   0   0   0   0   0   0   0   0   0   0   0   0   0   0
F34_2   0   0   0   0   0   0   0   0   0   0   0   0   0   0   0   0   0   0
F34_3   0   0   0   0   0   0   0   0   0   0   0   0   0   0   0   0   0   0
F35     0   0   0   0   0   0   0   0   0   0   0   0   0   0   0   0   0   0
F35_1   0   0   0   0   0   0   0   0   0   0   0   0   0   0   0   0   0   0
F35_2   0   0   0   0   0   0   0   0   0   0   0   0   0   0   0   0   0   0
F35_3   0   0   0   0   0   0   0   0   0   0   0   0   0   0   0   0   0   0
F36     0   0   0   0   0   0   0   0   0   0   0   0   0   0   0   0   0   0
F36_1   0   0   0   0   0   0   0   0   0   0   0   0   0   0   0   0   0   0
F36_2   0   0   0   0   0   0   0   0   0   0   0   0   0   0   0   0   0   0
F36_3   0   0   0   0   0   0   0   0   0   0   0   0   0   0   0   0   0   0
F37     0   0   0   0   0   0   0   0   0   0   0   0   0   0   0   0   0   0
F37_1   0   0   0   0   0   0   0   0   0   0   0   0   0   0   0   0   0   0
F37_2   0   0   0   0   0   0   0   0   0   0   0   0   0   0   0   0   0   0
F37_3   0   0   0   0   0   0   0   0   0   0   0   0   0   0   0   0   0   0
F38     0   0   0   0   0   0   0   0   0   0   0   0   0   0   0   0   0   0
F38_1   0   0   0   0   0   0   0   0   0   0   0   0   0   0   0   0   0   0
F38_2   0   0   0   0   0   0   0   0   0   0   0   0   0   0   0   0   0   0
F38_3   0   0   0   0   0   0   0   0   0   0   0   0   0   0   0   0   0   0
F39     0   0   0   0   0   0   0   0   0   0   0   0   0   0   0   0   0   0
F39_1   0   0   0   0   0   0   0   0   0   0   0   0   0   0   0   0   0   0
F39_2   0   0   0   0   0   0   0   0   0   0   0   0   0   0   0   0   0   0
F39_3   0   0   0   0   0   0   0   0   0   0   0   0   0   0   0   0   0   0
F40     0   0   0   0   0   0   0   0   0   0   0   0   0   0   0   0   0   0
F40_1   0   0   0   0   0   0   0   0   0   0   0   0   0   0   0   0   0   0
F40_2   0   0   0   0   0   0   0   0   0   0   0   0   0   0   0   0   0   0
F40_3   0   0   0   0   0   0   0   0   0   0   0   0   0   0   0   0   0   0
F41     0   0   0   0   0   0   0   0   0   0   0   0   0   0   0   0   0   0
F41_1   0   0   0   0   0   0   0   0   0   0   0   0   0   0   0   0   0   0
F41_2   0   0   0   0   0   0   0   0   0   0   0   0   0   0   0   0   0   0
F41_3   0   0   0   0   0   0   0   0   0   0   0   0   0   0   0   0   0   0
F42     0   0   0   0   0   0   0   0   0   0   0   0   0   0   0   0   0   0
F42_1   0   0   0   0   0   0   0   0   0   0   0   0   0   0   0   0   0   0
F42_2   0   0   0   0   0   0   0   0   0   0   0   0   0   0   0   0   0   0
F42_3   0   0   0   0   0   0   0   0   0   0   0   0   0   0   0   0   0   0
F43     0   0   0   0   0   0   0   0   0   0   0   0   0   0   0   0   0   0
F43_1   0   0   0   0   0   0   0   0   0   0   0   0   0   0   0   0   0   0
F43_2   0   0   0   0   0   0   0   0   0   0   0   0   0   0   0   0   0   0
F43_3   0   0   0   0   0   0   0   0   0   0   0   0   0   0   0   0   0   0
F44     0   0   0   0   0   0   0   0   0   0   0   0   0   0   0   0   0   0
F44_1   0   0   0   0   0   0   0   0   0   0   0   0   0   0   0   0   0   0
F44_2   0   0   0   0   0   0   0   0   0   0   0   0   0   0   0   0   0   0
F44_3   0   0   0   0   0   0   0   0   0   0   0   0   0   0   0   0   0   0
F45     0   0   0   0   0   0   0   0   0   0   0   0   0   0   0   0   0   0
F45_1   0   0   0   0   0   0   0   0   0   0   0   0   0   0   0   0   0   0
F45_2   0   0   0   0   0   0   0   0   0   0   0   0   0   0   0   0   0   0
F45_3   0   0   0   0   0   0   0   0   0   0   0   0   0   0   0   0   0   0
F46     0   0   0   0   0   0   0   0   0   0   0   0   0   0   0   0   0   0
F46_1   0   0   0   0   0   0   0   0   0   0   0   0   0   0   0   0   0   0
F46_2   0   0   0   0   0   0   0   0   0   0   0   0   0   0   0   0   0   0
F46_3   0   0   0   0   0   0   0   0   0   0   0   0   0   0   0   0   0   0
N0      0   0   0   1   0   1   0   1   0   0   0   1   0   0   1   0   0   0
Nσ      0   0   0   0   0   0   0   0   0   0   0   0   0   0   0   0   0   0

# $10 = F26_2
# $11 = F26_3
# $13 = F27_1
# $14 = F27_2
# $15 = F27_3
# $17 = F28_1
# $18 = F28_2
:      C3  C4  C5  C6  C7  C8  C9 F26 F26_1 $10 $11 F27 $13 $14 $15 F28 $17 $18 :=
C1      0   0   0   0   0   0   0   0    0    0   0   0   0   0   0   0   0   0
C10     0   0   0   0   0   1   0   0    0    0   0   0   0   0   0   0   0   0
C11     0   0   0   0   1   0   0   0    0    0   0   0   0   0   0   0   0   0
C12     0   0   0   0   0   0   0   0    0    0   0   0   0   0   0   0   0   0
C13     0   0   0   0   0   0   0   0    0    0   0   0   0   0   0   0   0   0
C14     0   0   0   0   0   0   1   0    0    0   0   0   0   0   0   0   0   0
C15     0   0   0   0   0   0   0   0    0    0   0   0   0   0   0   0   0   0
C16     0   0   0   0   0   0   0   0    0    0   0   0   0   0   0   0   0   0
C17     0   1   0   0   0   0   0   0    0    0   0   0   0   0   0   0   0   0
C18     0   0   0   0   0   0   0   0    0    0   0   0   0   0   0   0   0   0
C19     0   0   0   0   0   0   0   0    0    0   0   0   0   0   0   0   0   0
C2      0   0   0   0   0   0   0   0    0    0   0   0   0   0   0   0   0   0
C20     0   0   1   0   0   0   0   0    0    0   0   0   0   0   0   0   0   0
C21     0   0   0   0   0   0   0   0    0    0   0   0   0   0   0   0   0   0
C22     0   0   0   0   0   0   0   0    0    0   0   0   0   0   0   0   0   0
C23     0   0   0   0   0   0   0   0    0    0   0   0   0   0   0   0   0   0
C24     0   0   0   0   0   0   0   0    0    0   0   0   0   0   0   0   0   0
C25     0   0   0   0   0   0   0   0    0    0   0   0   0   0   0   0   0   0
C3      .   0   0   1   0   0   0   0    0    0   0   0   0   0   0   0   0   0
C4      0   .   0   0   0   0   0   0    0    0   0   0   0   0   0   0   0   0
C5      0   0   .   0   0   0   0   0    0    0   0   0   0   0   0   0   0   0
C6      0   0   0   .   0   0   0   0    0    0   0   0   0   0   0   0   0   0
C7      0   0   0   0   .   0   0   0    0    0   0   0   0   0   0   0   0   0
C8      0   0   0   0   0   .   0   0    0    0   0   0   0   0   0   0   0   0
C9      1   0   0   0   0   0   .   0    0    0   0   0   0   0   0   0   0   0
F26     0   0   0   0   0   0   0   .    0    0   0   0   0   0   0   0   0   0
F26_1   0   0   0   0   0   0   0   0    .    0   0   0   0   0   0   0   0   0
F26_2   0   0   0   0   0   0   0   0    0    .   0   0   0   0   0   0   0   0
F26_3   0   0   0   0   0   0   0   0    0    0   .   0   0   0   0   0   0   0
F27     0   0   0   0   0   0   0   0    0    0   0   .   0   0   0   0   0   0
F27_1   0   0   0   0   0   0   0   0    0    0   0   0   .   0   0   0   0   0
F27_2   0   0   0   0   0   0   0   0    0    0   0   0   0   .   0   0   0   0
F27_3   0   0   0   0   0   0   0   0    0    0   0   0   0   0   .   0   0   0
F28     0   0   0   0   0   0   0   0    0    0   0   0   0   0   0   .   0   0
F28_1   0   0   0   0   0   0   0   0    0    0   0   0   0   0   0   0   .   0
F28_2   0   0   0   0   0   0   0   0    0    0   0   0   0   0   0   0   0   .
F28_3   0   0   0   0   0   0   0   0    0    0   0   0   0   0   0   0   0   0
F29     0   0   0   0   0   0   0   0    0    0   0   0   0   0   0   0   0   0
F29_1   0   0   0   0   0   0   0   0    0    0   0   0   0   0   0   0   0   0
F29_2   0   0   0   0   0   0   0   0    0    0   0   0   0   0   0   0   0   0
F29_3   0   0   0   0   0   0   0   0    0    0   0   0   0   0   0   0   0   0
F30     0   0   0   0   0   0   0   0    0    0   0   0   0   0   0   0   0   0
F30_1   0   0   0   0   0   0   0   0    0    0   0   0   0   0   0   0   0   0
F30_2   0   0   0   0   0   0   0   0    0    0   0   0   0   0   0   0   0   0
F30_3   0   0   0   0   0   0   0   0    0    0   0   0   0   0   0   0   0   0
F31     0   0   0   0   0   0   0   0    0    0   0   0   0   0   0   0   0   0
F31_1   0   0   0   0   0   0   0   0    0    0   0   0   0   0   0   0   0   0
F31_2   0   0   0   0   0   0   0   0    0    0   0   0   0   0   0   0   0   0
F31_3   0   0   0   0   0   0   0   0    0    0   0   0   0   0   0   0   0   0
F32     0   0   0   0   0   0   0   0    0    0   0   0   0   0   0   0   0   0
F32_1   0   0   0   0   0   0   0   0    0    0   0   0   0   0   0   0   0   0
F32_2   0   0   0   0   0   0   0   0    0    0   0   0   0   0   0   0   0   0
F32_3   0   0   0   0   0   0   0   0    0    0   0   0   0   0   0   0   0   0
F33     0   0   0   0   0   0   0   0    0    0   0   0   0   0   0   0   0   0
F33_1   0   0   0   0   0   0   0   0    0    0   0   0   0   0   0   0   0   0
F33_2   0   0   0   0   0   0   0   0    0    0   0   0   0   0   0   0   0   0
F33_3   0   0   0   0   0   0   0   0    0    0   0   0   0   0   0   0   0   0
F34     0   0   0   0   0   0   0   0    0    0   0   0   0   0   0   0   0   0
F34_1   0   0   0   0   0   0   0   0    0    0   0   0   0   0   0   0   0   0
F34_2   0   0   0   0   0   0   0   0    0    0   0   0   0   0   0   0   0   0
F34_3   0   0   0   0   0   0   0   0    0    0   0   0   0   0   0   0   0   0
F35     0   0   0   0   0   0   0   0    0    0   0   0   0   0   0   0   0   0
F35_1   0   0   0   0   0   0   0   0    0    0   0   0   0   0   0   0   0   0
F35_2   0   0   0   0   0   0   0   0    0    0   0   0   0   0   0   0   0   0
F35_3   0   0   0   0   0   0   0   0    0    0   0   0   0   0   0   0   0   0
F36     0   0   0   0   0   0   0   0    0    0   0   0   0   0   0   0   0   0
F36_1   0   0   0   0   0   0   0   0    0    0   0   0   0   0   0   0   0   0
F36_2   0   0   0   0   0   0   0   0    0    0   0   0   0   0   0   0   0   0
F36_3   0   0   0   0   0   0   0   0    0    0   0   0   0   0   0   0   0   0
F37     0   0   0   0   0   0   0   0    0    0   0   0   0   0   0   0   0   0
F37_1   0   0   0   0   0   0   0   0    0    0   0   0   0   0   0   0   0   0
F37_2   0   0   0   0   0   0   0   0    0    0   0   0   0   0   0   0   0   0
F37_3   0   0   0   0   0   0   0   0    0    0   0   0   0   0   0   0   0   0
F38     0   0   0   0   0   0   0   0    0    0   0   0   0   0   0   0   0   0
F38_1   0   0   0   0   0   0   0   0    0    0   0   0   0   0   0   0   0   0
F38_2   0   0   0   0   0   0   0   0    0    0   0   0   0   0   0   0   0   0
F38_3   0   0   0   0   0   0   0   0    0    0   0   0   0   0   0   0   0   0
F39     0   0   0   0   0   0   0   0    0    0   0   0   0   0   0   0   0   0
F39_1   0   0   0   0   0   0   0   0    0    0   0   0   0   0   0   0   0   0
F39_2   0   0   0   0   0   0   0   0    0    0   0   0   0   0   0   0   0   0
F39_3   0   0   0   0   0   0   0   0    0    0   0   0   0   0   0   0   0   0
F40     0   0   0   0   0   0   0   0    0    0   0   0   0   0   0   0   0   0
F40_1   0   0   0   0   0   0   0   0    0    0   0   0   0   0   0   0   0   0
F40_2   0   0   0   0   0   0   0   0    0    0   0   0   0   0   0   0   0   0
F40_3   0   0   0   0   0   0   0   0    0    0   0   0   0   0   0   0   0   0
F41     0   0   0   0   0   0   0   0    0    0   0   0   0   0   0   0   0   0
F41_1   0   0   0   0   0   0   0   0    0    0   0   0   0   0   0   0   0   0
F41_2   0   0   0   0   0   0   0   0    0    0   0   0   0   0   0   0   0   0
F41_3   0   0   0   0   0   0   0   0    0    0   0   0   0   0   0   0   0   0
F42     0   0   0   0   0   0   0   0    0    0   0   0   0   0   0   0   0   0
F42_1   0   0   0   0   0   0   0   0    0    0   0   0   0   0   0   0   0   0
F42_2   0   0   0   0   0   0   0   0    0    0   0   0   0   0   0   0   0   0
F42_3   0   0   0   0   0   0   0   0    0    0   0   0   0   0   0   0   0   0
F43     0   0   0   0   0   0   0   0    0    0   0   0   0   0   0   0   0   0
F43_1   0   0   0   0   0   0   0   0    0    0   0   0   0   0   0   0   0   0
F43_2   0   0   0   0   0   0   0   0    0    0   0   0   0   0   0   0   0   0
F43_3   0   0   0   0   0   0   0   0    0    0   0   0   0   0   0   0   0   0
F44     0   0   0   0   0   0   0   0    0    0   0   0   0   0   0   0   0   0
F44_1   0   0   0   0   0   0   0   0    0    0   0   0   0   0   0   0   0   0
F44_2   0   0   0   0   0   0   0   0    0    0   0   0   0   0   0   0   0   0
F44_3   0   0   0   0   0   0   0   0    0    0   0   0   0   0   0   0   0   0
F45     0   0   0   0   0   0   0   0    0    0   0   0   0   0   0   0   0   0
F45_1   0   0   0   0   0   0   0   0    0    0   0   0   0   0   0   0   0   0
F45_2   0   0   0   0   0   0   0   0    0    0   0   0   0   0   0   0   0   0
F45_3   0   0   0   0   0   0   0   0    0    0   0   0   0   0   0   0   0   0
F46     0   0   0   0   0   0   0   0    0    0   0   0   0   0   0   0   0   0
F46_1   0   0   0   0   0   0   0   0    0    0   0   0   0   0   0   0   0   0
F46_2   0   0   0   0   0   0   0   0    0    0   0   0   0   0   0   0   0   0
F46_3   0   0   0   0   0   0   0   0    0    0   0   0   0   0   0   0   0   0
N0      0   0   0   0   0   0   0   0    0    0   0   0   0   0   0   0   0   0
Nσ      0   0   0   0   0   0   0   0    0    0   0   0   0   0   0   0   0   0

# $3 = F29_1
# $4 = F29_2
# $5 = F29_3
# $7 = F30_1
# $8 = F30_2
# $9 = F30_3
# $11 = F31_1
# $12 = F31_2
# $13 = F31_3
# $15 = F32_1
# $16 = F32_2
# $17 = F32_3
:     F28_3 F29  $3  $4  $5 F30  $7  $8  $9 F31 $11 $12 $13 F32 $15 $16 $17 F33 :=
C1       0    0   0   0   0   0   0   0   0   0   0   0   0   0   0   0   0   0
C10      0    0   0   0   0   0   0   0   0   0   0   0   0   0   0   0   0   0
C11      0    0   0   0   0   0   0   0   0   0   0   0   0   0   0   0   0   0
C12      0    0   0   0   0   0   0   0   0   0   0   0   0   0   0   0   0   0
C13      0    0   0   0   0   0   0   0   0   0   0   0   0   0   0   0   0   0
C14      0    0   0   0   0   0   0   0   0   0   0   0   0   0   0   0   0   0
C15      0    0   0   0   0   0   0   0   0   0   0   0   0   0   0   0   0   0
C16      0    0   0   0   0   0   0   0   0   0   0   0   0   0   0   0   0   0
C17      0    0   0   0   0   0   0   0   0   0   0   0   0   0   0   0   0   0
C18      0    0   0   0   0   0   0   0   0   0   0   0   0   0   0   0   0   0
C19      0    0   0   0   0   0   0   0   0   0   0   0   0   0   0   0   0   0
C2       0    0   0   0   0   0   0   0   0   0   0   0   0   0   0   0   0   0
C20      0    0   0   0   0   0   0   0   0   0   0   0   0   0   0   0   0   0
C21      0    0   0   0   0   0   0   0   0   0   0   0   0   0   0   0   0   0
C22      0    0   0   0   0   0   0   0   0   0   0   0   0   0   0   0   0   0
C23      0    0   0   0   0   0   0   0   0   0   0   0   0   0   0   0   0   0
C24      0    0   0   0   0   0   0   0   0   0   0   0   0   0   0   0   0   0
C25      0    0   0   0   0   0   0   0   0   0   0   0   0   0   0   0   0   0
C3       0    0   0   0   0   0   0   0   0   0   0   0   0   0   0   0   0   0
C4       0    0   0   0   0   0   0   0   0   0   0   0   0   0   0   0   0   0
C5       0    0   0   0   0   0   0   0   0   0   0   0   0   0   0   0   0   0
C6       0    0   0   0   0   0   0   0   0   0   0   0   0   0   0   0   0   0
C7       0    0   0   0   0   0   0   0   0   0   0   0   0   0   0   0   0   0
C8       0    0   0   0   0   0   0   0   0   0   0   0   0   0   0   0   0   0
C9       0    0   0   0   0   0   0   0   0   0   0   0   0   0   0   0   0   0
F26      0    0   0   0   0   0   0   0   0   0   0   0   0   0   0   0   0   0
F26_1    0    0   0   0   0   0   0   0   0   0   0   0   0   0   0   0   0   0
F26_2    0    0   0   0   0   0   0   0   0   0   0   0   0   0   0   0   0   0
F26_3    0    0   0   0   0   0   0   0   0   0   0   0   0   0   0   0   0   0
F27      0    0   0   0   0   0   0   0   0   0   0   0   0   0   0   0   0   0
F27_1    0    0   0   0   0   0   0   0   0   0   0   0   0   0   0   0   0   0
F27_2    0    0   0   0   0   0   0   0   0   0   0   0   0   0   0   0   0   0
F27_3    0    0   0   0   0   0   0   0   0   0   0   0   0   0   0   0   0   0
F28      0    0   0   0   0   0   0   0   0   0   0   0   0   0   0   0   0   0
F28_1    0    0   0   0   0   0   0   0   0   0   0   0   0   0   0   0   0   0
F28_2    0    0   0   0   0   0   0   0   0   0   0   0   0   0   0   0   0   0
F28_3    .    0   0   0   0   0   0   0   0   0   0   0   0   0   0   0   0   0
F29      0    .   0   0   0   0   0   0   0   0   0   0   0   0   0   0   0   0
F29_1    0    0   .   0   0   0   0   0   0   0   0   0   0   0   0   0   0   0
F29_2    0    0   0   .   0   0   0   0   0   0   0   0   0   0   0   0   0   0
F29_3    0    0   0   0   .   0   0   0   0   0   0   0   0   0   0   0   0   0
F30      0    0   0   0   0   .   0   0   0   0   0   0   0   0   0   0   0   0
F30_1    0    0   0   0   0   0   .   0   0   0   0   0   0   0   0   0   0   0
F30_2    0    0   0   0   0   0   0   .   0   0   0   0   0   0   0   0   0   0
F30_3    0    0   0   0   0   0   0   0   .   0   0   0   0   0   0   0   0   0
F31      0    0   0   0   0   0   0   0   0   .   0   0   0   0   0   0   0   0
F31_1    0    0   0   0   0   0   0   0   0   0   .   0   0   0   0   0   0   0
F31_2    0    0   0   0   0   0   0   0   0   0   0   .   0   0   0   0   0   0
F31_3    0    0   0   0   0   0   0   0   0   0   0   0   .   0   0   0   0   0
F32      0    0   0   0   0   0   0   0   0   0   0   0   0   .   0   0   0   0
F32_1    0    0   0   0   0   0   0   0   0   0   0   0   0   0   .   0   0   0
F32_2    0    0   0   0   0   0   0   0   0   0   0   0   0   0   0   .   0   0
F32_3    0    0   0   0   0   0   0   0   0   0   0   0   0   0   0   0   .   0
F33      0    0   0   0   0   0   0   0   0   0   0   0   0   0   0   0   0   .
F33_1    0    0   0   0   0   0   0   0   0   0   0   0   0   0   0   0   0   0
F33_2    0    0   0   0   0   0   0   0   0   0   0   0   0   0   0   0   0   0
F33_3    0    0   0   0   0   0   0   0   0   0   0   0   0   0   0   0   0   0
F34      0    0   0   0   0   0   0   0   0   0   0   0   0   0   0   0   0   0
F34_1    0    0   0   0   0   0   0   0   0   0   0   0   0   0   0   0   0   0
F34_2    0    0   0   0   0   0   0   0   0   0   0   0   0   0   0   0   0   0
F34_3    0    0   0   0   0   0   0   0   0   0   0   0   0   0   0   0   0   0
F35      0    0   0   0   0   0   0   0   0   0   0   0   0   0   0   0   0   0
F35_1    0    0   0   0   0   0   0   0   0   0   0   0   0   0   0   0   0   0
F35_2    0    0   0   0   0   0   0   0   0   0   0   0   0   0   0   0   0   0
F35_3    0    0   0   0   0   0   0   0   0   0   0   0   0   0   0   0   0   0
F36      0    0   0   0   0   0   0   0   0   0   0   0   0   0   0   0   0   0
F36_1    0    0   0   0   0   0   0   0   0   0   0   0   0   0   0   0   0   0
F36_2    0    0   0   0   0   0   0   0   0   0   0   0   0   0   0   0   0   0
F36_3    0    0   0   0   0   0   0   0   0   0   0   0   0   0   0   0   0   0
F37      0    0   0   0   0   0   0   0   0   0   0   0   0   0   0   0   0   0
F37_1    0    0   0   0   0   0   0   0   0   0   0   0   0   0   0   0   0   0
F37_2    0    0   0   0   0   0   0   0   0   0   0   0   0   0   0   0   0   0
F37_3    0    0   0   0   0   0   0   0   0   0   0   0   0   0   0   0   0   0
F38      0    0   0   0   0   0   0   0   0   0   0   0   0   0   0   0   0   0
F38_1    0    0   0   0   0   0   0   0   0   0   0   0   0   0   0   0   0   0
F38_2    0    0   0   0   0   0   0   0   0   0   0   0   0   0   0   0   0   0
F38_3    0    0   0   0   0   0   0   0   0   0   0   0   0   0   0   0   0   0
F39      0    0   0   0   0   0   0   0   0   0   0   0   0   0   0   0   0   0
F39_1    0    0   0   0   0   0   0   0   0   0   0   0   0   0   0   0   0   0
F39_2    0    0   0   0   0   0   0   0   0   0   0   0   0   0   0   0   0   0
F39_3    0    0   0   0   0   0   0   0   0   0   0   0   0   0   0   0   0   0
F40      0    0   0   0   0   0   0   0   0   0   0   0   0   0   0   0   0   0
F40_1    0    0   0   0   0   0   0   0   0   0   0   0   0   0   0   0   0   0
F40_2    0    0   0   0   0   0   0   0   0   0   0   0   0   0   0   0   0   0
F40_3    0    0   0   0   0   0   0   0   0   0   0   0   0   0   0   0   0   0
F41      0    0   0   0   0   0   0   0   0   0   0   0   0   0   0   0   0   0
F41_1    0    0   0   0   0   0   0   0   0   0   0   0   0   0   0   0   0   0
F41_2    0    0   0   0   0   0   0   0   0   0   0   0   0   0   0   0   0   0
F41_3    0    0   0   0   0   0   0   0   0   0   0   0   0   0   0   0   0   0
F42      0    0   0   0   0   0   0   0   0   0   0   0   0   0   0   0   0   0
F42_1    0    0   0   0   0   0   0   0   0   0   0   0   0   0   0   0   0   0
F42_2    0    0   0   0   0   0   0   0   0   0   0   0   0   0   0   0   0   0
F42_3    0    0   0   0   0   0   0   0   0   0   0   0   0   0   0   0   0   0
F43      0    0   0   0   0   0   0   0   0   0   0   0   0   0   0   0   0   0
F43_1    0    0   0   0   0   0   0   0   0   0   0   0   0   0   0   0   0   0
F43_2    0    0   0   0   0   0   0   0   0   0   0   0   0   0   0   0   0   0
F43_3    0    0   0   0   0   0   0   0   0   0   0   0   0   0   0   0   0   0
F44      0    0   0   0   0   0   0   0   0   0   0   0   0   0   0   0   0   0
F44_1    0    0   0   0   0   0   0   0   0   0   0   0   0   0   0   0   0   0
F44_2    0    0   0   0   0   0   0   0   0   0   0   0   0   0   0   0   0   0
F44_3    0    0   0   0   0   0   0   0   0   0   0   0   0   0   0   0   0   0
F45      0    0   0   0   0   0   0   0   0   0   0   0   0   0   0   0   0   0
F45_1    0    0   0   0   0   0   0   0   0   0   0   0   0   0   0   0   0   0
F45_2    0    0   0   0   0   0   0   0   0   0   0   0   0   0   0   0   0   0
F45_3    0    0   0   0   0   0   0   0   0   0   0   0   0   0   0   0   0   0
F46      0    0   0   0   0   0   0   0   0   0   0   0   0   0   0   0   0   0
F46_1    0    0   0   0   0   0   0   0   0   0   0   0   0   0   0   0   0   0
F46_2    0    0   0   0   0   0   0   0   0   0   0   0   0   0   0   0   0   0
F46_3    0    0   0   0   0   0   0   0   0   0   0   0   0   0   0   0   0   0
N0       0    0   0   0   0   0   0   0   0   0   0   0   0   0   0   0   0   0
Nσ       0    0   0   0   0   0   0   0   0   0   0   0   0   0   0   0   0   0

# $2 = F33_2
# $3 = F33_3
# $5 = F34_1
# $6 = F34_2
# $7 = F34_3
# $9 = F35_1
# $10 = F35_2
# $11 = F35_3
# $13 = F36_1
# $14 = F36_2
# $15 = F36_3
# $17 = F37_1
# $18 = F37_2
:     F33_1  $2  $3 F34  $5  $6  $7 F35  $9 $10 $11 F36 $13 $14 $15 F37 $17 $18 :=
C1       0    0   0   0   0   0   0   0   0   0   0   0   0   0   0   0   0   0
C10      0    0   0   0   0   0   0   0   0   0   0   0   0   0   0   0   0   0
C11      0    0   0   0   0   0   0   0   0   0   0   0   0   0   0   0   0   0
C12      0    0   0   0   0   0   0   0   0   0   0   0   0   0   0   0   0   0
C13      0    0   0   0   0   0   0   0   0   0   0   0   0   0   0   0   0   0
C14      0    0   0   0   0   0   0   0   0   0   0   0   0   0   0   0   0   0
C15      0    0   0   0   0   0   0   0   0   0   0   0   0   0   0   0   0   0
C16      0    0   0   0   0   0   0   0   0   0   0   0   0   0   0   0   0   0
C17      0    0   0   0   0   0   0   0   0   0   0   0   0   0   0   0   0   0
C18      0    0   0   0   0   0   0   0   0   0   0   0   0   0   0   0   0   0
C19      0    0   0   0   0   0   0   0   0   0   0   0   0   0   0   0   0   0
C2       0    0   0   0   0   0   0   0   0   0   0   0   0   0   0   0   0   0
C20      0    0   0   0   0   0   0   0   0   0   0   0   0   0   0   0   0   0
C21      0    0   0   0   0   0   0   0   0   0   0   0   0   0   0   0   0   0
C22      0    0   0   0   0   0   0   0   0   0   0   0   0   0   0   0   0   0
C23      0    0   0   0   0   0   0   0   0   0   0   0   0   0   0   0   0   0
C24      0    0   0   0   0   0   0   0   0   0   0   0   0   0   0   0   0   0
C25      0    0   0   0   0   0   0   0   0   0   0   0   0   0   0   0   0   0
C3       0    0   0   0   0   0   0   0   0   0   0   0   0   0   0   0   0   0
C4       0    0   0   0   0   0   0   0   0   0   0   0   0   0   0   0   0   0
C5       0    0   0   0   0   0   0   0   0   0   0   0   0   0   0   0   0   0
C6       0    0   0   0   0   0   0   0   0   0   0   0   0   0   0   0   0   0
C7       0    0   0   0   0   0   0   0   0   0   0   0   0   0   0   0   0   0
C8       0    0   0   0   0   0   0   0   0   0   0   0   0   0   0   0   0   0
C9       0    0   0   0   0   0   0   0   0   0   0   0   0   0   0   0   0   0
F26      0    0   0   0   0   0   0   0   0   0   0   0   0   0   0   0   0   0
F26_1    0    0   0   0   0   0   0   0   0   0   0   0   0   0   0   0   0   0
F26_2    0    0   0   0   0   0   0   0   0   0   0   0   0   0   0   0   0   0
F26_3    0    0   0   0   0   0   0   0   0   0   0   0   0   0   0   0   0   0
F27      0    0   0   0   0   0   0   0   0   0   0   0   0   0   0   0   0   0
F27_1    0    0   0   0   0   0   0   0   0   0   0   0   0   0   0   0   0   0
F27_2    0    0   0   0   0   0   0   0   0   0   0   0   0   0   0   0   0   0
F27_3    0    0   0   0   0   0   0   0   0   0   0   0   0   0   0   0   0   0
F28      0    0   0   0   0   0   0   0   0   0   0   0   0   0   0   0   0   0
F28_1    0    0   0   0   0   0   0   0   0   0   0   0   0   0   0   0   0   0
F28_2    0    0   0   0   0   0   0   0   0   0   0   0   0   0   0   0   0   0
F28_3    0    0   0   0   0   0   0   0   0   0   0   0   0   0   0   0   0   0
F29      0    0   0   0   0   0   0   0   0   0   0   0   0   0   0   0   0   0
F29_1    0    0   0   0   0   0   0   0   0   0   0   0   0   0   0   0   0   0
F29_2    0    0   0   0   0   0   0   0   0   0   0   0   0   0   0   0   0   0
F29_3    0    0   0   0   0   0   0   0   0   0   0   0   0   0   0   0   0   0
F30      0    0   0   0   0   0   0   0   0   0   0   0   0   0   0   0   0   0
F30_1    0    0   0   0   0   0   0   0   0   0   0   0   0   0   0   0   0   0
F30_2    0    0   0   0   0   0   0   0   0   0   0   0   0   0   0   0   0   0
F30_3    0    0   0   0   0   0   0   0   0   0   0   0   0   0   0   0   0   0
F31      0    0   0   0   0   0   0   0   0   0   0   0   0   0   0   0   0   0
F31_1    0    0   0   0   0   0   0   0   0   0   0   0   0   0   0   0   0   0
F31_2    0    0   0   0   0   0   0   0   0   0   0   0   0   0   0   0   0   0
F31_3    0    0   0   0   0   0   0   0   0   0   0   0   0   0   0   0   0   0
F32      0    0   0   0   0   0   0   0   0   0   0   0   0   0   0   0   0   0
F32_1    0    0   0   0   0   0   0   0   0   0   0   0   0   0   0   0   0   0
F32_2    0    0   0   0   0   0   0   0   0   0   0   0   0   0   0   0   0   0
F32_3    0    0   0   0   0   0   0   0   0   0   0   0   0   0   0   0   0   0
F33      0    0   0   0   0   0   0   0   0   0   0   0   0   0   0   0   0   0
F33_1    .    0   0   0   0   0   0   0   0   0   0   0   0   0   0   0   0   0
F33_2    0    .   0   0   0   0   0   0   0   0   0   0   0   0   0   0   0   0
F33_3    0    0   .   0   0   0   0   0   0   0   0   0   0   0   0   0   0   0
F34      0    0   0   .   0   0   0   0   0   0   0   0   0   0   0   0   0   0
F34_1    0    0   0   0   .   0   0   0   0   0   0   0   0   0   0   0   0   0
F34_2    0    0   0   0   0   .   0   0   0   0   0   0   0   0   0   0   0   0
F34_3    0    0   0   0   0   0   .   0   0   0   0   0   0   0   0   0   0   0
F35      0    0   0   0   0   0   0   .   0   0   0   0   0   0   0   0   0   0
F35_1    0    0   0   0   0   0   0   0   .   0   0   0   0   0   0   0   0   0
F35_2    0    0   0   0   0   0   0   0   0   .   0   0   0   0   0   0   0   0
F35_3    0    0   0   0   0   0   0   0   0   0   .   0   0   0   0   0   0   0
F36      0    0   0   0   0   0   0   0   0   0   0   .   0   0   0   0   0   0
F36_1    0    0   0   0   0   0   0   0   0   0   0   0   .   0   0   0   0   0
F36_2    0    0   0   0   0   0   0   0   0   0   0   0   0   .   0   0   0   0
F36_3    0    0   0   0   0   0   0   0   0   0   0   0   0   0   .   0   0   0
F37      0    0   0   0   0   0   0   0   0   0   0   0   0   0   0   .   0   0
F37_1    0    0   0   0   0   0   0   0   0   0   0   0   0   0   0   0   .   0
F37_2    0    0   0   0   0   0   0   0   0   0   0   0   0   0   0   0   0   .
F37_3    0    0   0   0   0   0   0   0   0   0   0   0   0   0   0   0   0   0
F38      0    0   0   0   0   0   0   0   0   0   0   0   0   0   0   0   0   0
F38_1    0    0   0   0   0   0   0   0   0   0   0   0   0   0   0   0   0   0
F38_2    0    0   0   0   0   0   0   0   0   0   0   0   0   0   0   0   0   0
F38_3    0    0   0   0   0   0   0   0   0   0   0   0   0   0   0   0   0   0
F39      0    0   0   0   0   0   0   0   0   0   0   0   0   0   0   0   0   0
F39_1    0    0   0   0   0   0   0   0   0   0   0   0   0   0   0   0   0   0
F39_2    0    0   0   0   0   0   0   0   0   0   0   0   0   0   0   0   0   0
F39_3    0    0   0   0   0   0   0   0   0   0   0   0   0   0   0   0   0   0
F40      0    0   0   0   0   0   0   0   0   0   0   0   0   0   0   0   0   0
F40_1    0    0   0   0   0   0   0   0   0   0   0   0   0   0   0   0   0   0
F40_2    0    0   0   0   0   0   0   0   0   0   0   0   0   0   0   0   0   0
F40_3    0    0   0   0   0   0   0   0   0   0   0   0   0   0   0   0   0   0
F41      0    0   0   0   0   0   0   0   0   0   0   0   0   0   0   0   0   0
F41_1    0    0   0   0   0   0   0   0   0   0   0   0   0   0   0   0   0   0
F41_2    0    0   0   0   0   0   0   0   0   0   0   0   0   0   0   0   0   0
F41_3    0    0   0   0   0   0   0   0   0   0   0   0   0   0   0   0   0   0
F42      0    0   0   0   0   0   0   0   0   0   0   0   0   0   0   0   0   0
F42_1    0    0   0   0   0   0   0   0   0   0   0   0   0   0   0   0   0   0
F42_2    0    0   0   0   0   0   0   0   0   0   0   0   0   0   0   0   0   0
F42_3    0    0   0   0   0   0   0   0   0   0   0   0   0   0   0   0   0   0
F43      0    0   0   0   0   0   0   0   0   0   0   0   0   0   0   0   0   0
F43_1    0    0   0   0   0   0   0   0   0   0   0   0   0   0   0   0   0   0
F43_2    0    0   0   0   0   0   0   0   0   0   0   0   0   0   0   0   0   0
F43_3    0    0   0   0   0   0   0   0   0   0   0   0   0   0   0   0   0   0
F44      0    0   0   0   0   0   0   0   0   0   0   0   0   0   0   0   0   0
F44_1    0    0   0   0   0   0   0   0   0   0   0   0   0   0   0   0   0   0
F44_2    0    0   0   0   0   0   0   0   0   0   0   0   0   0   0   0   0   0
F44_3    0    0   0   0   0   0   0   0   0   0   0   0   0   0   0   0   0   0
F45      0    0   0   0   0   0   0   0   0   0   0   0   0   0   0   0   0   0
F45_1    0    0   0   0   0   0   0   0   0   0   0   0   0   0   0   0   0   0
F45_2    0    0   0   0   0   0   0   0   0   0   0   0   0   0   0   0   0   0
F45_3    0    0   0   0   0   0   0   0   0   0   0   0   0   0   0   0   0   0
F46      0    0   0   0   0   0   0   0   0   0   0   0   0   0   0   0   0   0
F46_1    0    0   0   0   0   0   0   0   0   0   0   0   0   0   0   0   0   0
F46_2    0    0   0   0   0   0   0   0   0   0   0   0   0   0   0   0   0   0
F46_3    0    0   0   0   0   0   0   0   0   0   0   0   0   0   0   0   0   0
N0       0    0   0   0   0   0   0   0   0   0   0   0   0   0   0   0   0   0
Nσ       0    0   0   0   0   0   0   0   0   0   0   0   0   0   0   0   0   0

# $3 = F38_1
# $4 = F38_2
# $5 = F38_3
# $7 = F39_1
# $8 = F39_2
# $9 = F39_3
# $11 = F40_1
# $12 = F40_2
# $13 = F40_3
# $15 = F41_1
# $16 = F41_2
# $17 = F41_3
:     F37_3 F38  $3  $4  $5 F39  $7  $8  $9 F40 $11 $12 $13 F41 $15 $16 $17 F42 :=
C1       0    0   0   0   0   0   0   0   0   0   0   0   0   0   0   0   0   0
C10      0    0   0   0   0   0   0   0   0   0   0   0   0   0   0   0   0   0
C11      0    0   0   0   0   0   0   0   0   0   0   0   0   0   0   0   0   0
C12      0    0   0   0   0   0   0   0   0   0   0   0   0   0   0   0   0   0
C13      0    0   0   0   0   0   0   0   0   0   0   0   0   0   0   0   0   0
C14      0    0   0   0   0   0   0   0   0   0   0   0   0   0   0   0   0   0
C15      0    0   0   0   0   0   0   0   0   0   0   0   0   0   0   0   0   0
C16      0    0   0   0   0   0   0   0   0   0   0   0   0   0   0   0   0   0
C17      0    0   0   0   0   0   0   0   0   0   0   0   0   0   0   0   0   0
C18      0    0   0   0   0   0   0   0   0   0   0   0   0   0   0   0   0   0
C19      0    0   0   0   0   0   0   0   0   0   0   0   0   0   0   0   0   0
C2       0    0   0   0   0   0   0   0   0   0   0   0   0   0   0   0   0   0
C20      0    0   0   0   0   0   0   0   0   0   0   0   0   0   0   0   0   0
C21      0    0   0   0   0   0   0   0   0   0   0   0   0   0   0   0   0   0
C22      0    0   0   0   0   0   0   0   0   0   0   0   0   0   0   0   0   0
C23      0    0   0   0   0   0   0   0   0   0   0   0   0   0   0   0   0   0
C24      0    0   0   0   0   0   0   0   0   0   0   0   0   0   0   0   0   0
C25      0    0   0   0   0   0   0   0   0   0   0   0   0   0   0   0   0   0
C3       0    0   0   0   0   0   0   0   0   0   0   0   0   0   0   0   0   0
C4       0    0   0   0   0   0   0   0   0   0   0   0   0   0   0   0   0   0
C5       0    0   0   0   0   0   0   0   0   0   0   0   0   0   0   0   0   0
C6       0    0   0   0   0   0   0   0   0   0   0   0   0   0   0   0   0   0
C7       0    0   0   0   0   0   0   0   0   0   0   0   0   0   0   0   0   0
C8       0    0   0   0   0   0   0   0   0   0   0   0   0   0   0   0   0   0
C9       0    0   0   0   0   0   0   0   0   0   0   0   0   0   0   0   0   0
F26      0    0   0   0   0   0   0   0   0   0   0   0   0   0   0   0   0   0
F26_1    0    0   0   0   0   0   0   0   0   0   0   0   0   0   0   0   0   0
F26_2    0    0   0   0   0   0   0   0   0   0   0   0   0   0   0   0   0   0
F26_3    0    0   0   0   0   0   0   0   0   0   0   0   0   0   0   0   0   0
F27      0    0   0   0   0   0   0   0   0   0   0   0   0   0   0   0   0   0
F27_1    0    0   0   0   0   0   0   0   0   0   0   0   0   0   0   0   0   0
F27_2    0    0   0   0   0   0   0   0   0   0   0   0   0   0   0   0   0   0
F27_3    0    0   0   0   0   0   0   0   0   0   0   0   0   0   0   0   0   0
F28      0    0   0   0   0   0   0   0   0   0   0   0   0   0   0   0   0   0
F28_1    0    0   0   0   0   0   0   0   0   0   0   0   0   0   0   0   0   0
F28_2    0    0   0   0   0   0   0   0   0   0   0   0   0   0   0   0   0   0
F28_3    0    0   0   0   0   0   0   0   0   0   0   0   0   0   0   0   0   0
F29      0    0   0   0   0   0   0   0   0   0   0   0   0   0   0   0   0   0
F29_1    0    0   0   0   0   0   0   0   0   0   0   0   0   0   0   0   0   0
F29_2    0    0   0   0   0   0   0   0   0   0   0   0   0   0   0   0   0   0
F29_3    0    0   0   0   0   0   0   0   0   0   0   0   0   0   0   0   0   0
F30      0    0   0   0   0   0   0   0   0   0   0   0   0   0   0   0   0   0
F30_1    0    0   0   0   0   0   0   0   0   0   0   0   0   0   0   0   0   0
F30_2    0    0   0   0   0   0   0   0   0   0   0   0   0   0   0   0   0   0
F30_3    0    0   0   0   0   0   0   0   0   0   0   0   0   0   0   0   0   0
F31      0    0   0   0   0   0   0   0   0   0   0   0   0   0   0   0   0   0
F31_1    0    0   0   0   0   0   0   0   0   0   0   0   0   0   0   0   0   0
F31_2    0    0   0   0   0   0   0   0   0   0   0   0   0   0   0   0   0   0
F31_3    0    0   0   0   0   0   0   0   0   0   0   0   0   0   0   0   0   0
F32      0    0   0   0   0   0   0   0   0   0   0   0   0   0   0   0   0   0
F32_1    0    0   0   0   0   0   0   0   0   0   0   0   0   0   0   0   0   0
F32_2    0    0   0   0   0   0   0   0   0   0   0   0   0   0   0   0   0   0
F32_3    0    0   0   0   0   0   0   0   0   0   0   0   0   0   0   0   0   0
F33      0    0   0   0   0   0   0   0   0   0   0   0   0   0   0   0   0   0
F33_1    0    0   0   0   0   0   0   0   0   0   0   0   0   0   0   0   0   0
F33_2    0    0   0   0   0   0   0   0   0   0   0   0   0   0   0   0   0   0
F33_3    0    0   0   0   0   0   0   0   0   0   0   0   0   0   0   0   0   0
F34      0    0   0   0   0   0   0   0   0   0   0   0   0   0   0   0   0   0
F34_1    0    0   0   0   0   0   0   0   0   0   0   0   0   0   0   0   0   0
F34_2    0    0   0   0   0   0   0   0   0   0   0   0   0   0   0   0   0   0
F34_3    0    0   0   0   0   0   0   0   0   0   0   0   0   0   0   0   0   0
F35      0    0   0   0   0   0   0   0   0   0   0   0   0   0   0   0   0   0
F35_1    0    0   0   0   0   0   0   0   0   0   0   0   0   0   0   0   0   0
F35_2    0    0   0   0   0   0   0   0   0   0   0   0   0   0   0   0   0   0
F35_3    0    0   0   0   0   0   0   0   0   0   0   0   0   0   0   0   0   0
F36      0    0   0   0   0   0   0   0   0   0   0   0   0   0   0   0   0   0
F36_1    0    0   0   0   0   0   0   0   0   0   0   0   0   0   0   0   0   0
F36_2    0    0   0   0   0   0   0   0   0   0   0   0   0   0   0   0   0   0
F36_3    0    0   0   0   0   0   0   0   0   0   0   0   0   0   0   0   0   0
F37      0    0   0   0   0   0   0   0   0   0   0   0   0   0   0   0   0   0
F37_1    0    0   0   0   0   0   0   0   0   0   0   0   0   0   0   0   0   0
F37_2    0    0   0   0   0   0   0   0   0   0   0   0   0   0   0   0   0   0
F37_3    .    0   0   0   0   0   0   0   0   0   0   0   0   0   0   0   0   0
F38      0    .   0   0   0   0   0   0   0   0   0   0   0   0   0   0   0   0
F38_1    0    0   .   0   0   0   0   0   0   0   0   0   0   0   0   0   0   0
F38_2    0    0   0   .   0   0   0   0   0   0   0   0   0   0   0   0   0   0
F38_3    0    0   0   0   .   0   0   0   0   0   0   0   0   0   0   0   0   0
F39      0    0   0   0   0   .   0   0   0   0   0   0   0   0   0   0   0   0
F39_1    0    0   0   0   0   0   .   0   0   0   0   0   0   0   0   0   0   0
F39_2    0    0   0   0   0   0   0   .   0   0   0   0   0   0   0   0   0   0
F39_3    0    0   0   0   0   0   0   0   .   0   0   0   0   0   0   0   0   0
F40      0    0   0   0   0   0   0   0   0   .   0   0   0   0   0   0   0   0
F40_1    0    0   0   0   0   0   0   0   0   0   .   0   0   0   0   0   0   0
F40_2    0    0   0   0   0   0   0   0   0   0   0   .   0   0   0   0   0   0
F40_3    0    0   0   0   0   0   0   0   0   0   0   0   .   0   0   0   0   0
F41      0    0   0   0   0   0   0   0   0   0   0   0   0   .   0   0   0   0
F41_1    0    0   0   0   0   0   0   0   0   0   0   0   0   0   .   0   0   0
F41_2    0    0   0   0   0   0   0   0   0   0   0   0   0   0   0   .   0   0
F41_3    0    0   0   0   0   0   0   0   0   0   0   0   0   0   0   0   .   0
F42      0    0   0   0   0   0   0   0   0   0   0   0   0   0   0   0   0   .
F42_1    0    0   0   0   0   0   0   0   0   0   0   0   0   0   0   0   0   0
F42_2    0    0   0   0   0   0   0   0   0   0   0   0   0   0   0   0   0   0
F42_3    0    0   0   0   0   0   0   0   0   0   0   0   0   0   0   0   0   0
F43      0    0   0   0   0   0   0   0   0   0   0   0   0   0   0   0   0   0
F43_1    0    0   0   0   0   0   0   0   0   0   0   0   0   0   0   0   0   0
F43_2    0    0   0   0   0   0   0   0   0   0   0   0   0   0   0   0   0   0
F43_3    0    0   0   0   0   0   0   0   0   0   0   0   0   0   0   0   0   0
F44      0    0   0   0   0   0   0   0   0   0   0   0   0   0   0   0   0   0
F44_1    0    0   0   0   0   0   0   0   0   0   0   0   0   0   0   0   0   0
F44_2    0    0   0   0   0   0   0   0   0   0   0   0   0   0   0   0   0   0
F44_3    0    0   0   0   0   0   0   0   0   0   0   0   0   0   0   0   0   0
F45      0    0   0   0   0   0   0   0   0   0   0   0   0   0   0   0   0   0
F45_1    0    0   0   0   0   0   0   0   0   0   0   0   0   0   0   0   0   0
F45_2    0    0   0   0   0   0   0   0   0   0   0   0   0   0   0   0   0   0
F45_3    0    0   0   0   0   0   0   0   0   0   0   0   0   0   0   0   0   0
F46      0    0   0   0   0   0   0   0   0   0   0   0   0   0   0   0   0   0
F46_1    0    0   0   0   0   0   0   0   0   0   0   0   0   0   0   0   0   0
F46_2    0    0   0   0   0   0   0   0   0   0   0   0   0   0   0   0   0   0
F46_3    0    0   0   0   0   0   0   0   0   0   0   0   0   0   0   0   0   0
N0       0    0   0   0   0   0   0   0   0   0   0   0   0   0   0   0   0   0
Nσ       0    0   0   0   0   0   0   0   0   0   0   0   0   0   0   0   0   0

# $2 = F42_2
# $3 = F42_3
# $5 = F43_1
# $6 = F43_2
# $7 = F43_3
# $9 = F44_1
# $10 = F44_2
# $11 = F44_3
# $13 = F45_1
# $14 = F45_2
# $15 = F45_3
# $17 = F46_1
# $18 = F46_2
:     F42_1  $2  $3 F43  $5  $6  $7 F44  $9 $10 $11 F45 $13 $14 $15 F46 $17 $18 :=
C1       0    0   0   0   0   0   0   0   0   0   0   0   0   0   0   0   0   0
C10      0    0   0   0   0   0   0   0   0   0   0   0   0   0   0   0   0   0
C11      0    0   0   0   0   0   0   0   0   0   0   0   0   0   0   0   0   0
C12      0    0   0   0   0   0   0   0   0   0   0   0   0   0   0   0   0   0
C13      0    0   0   0   0   0   0   0   0   0   0   0   0   0   0   0   0   0
C14      0    0   0   0   0   0   0   0   0   0   0   0   0   0   0   0   0   0
C15      0    0   0   0   0   0   0   0   0   0   0   0   0   0   0   0   0   0
C16      0    0   0   0   0   0   0   0   0   0   0   0   0   0   0   0   0   0
C17      0    0   0   0   0   0   0   0   0   0   0   0   0   0   0   0   0   0
C18      0    0   0   0   0   0   0   0   0   0   0   0   0   0   0   0   0   0
C19      0    0   0   0   0   0   0   0   0   0   0   0   0   0   0   0   0   0
C2       0    0   0   0   0   0   0   0   0   0   0   0   0   0   0   0   0   0
C20      0    0   0   0   0   0   0   0   0   0   0   0   0   0   0   0   0   0
C21      0    0   0   0   0   0   0   0   0   0   0   0   0   0   0   0   0   0
C22      0    0   0   0   0   0   0   0   0   0   0   0   0   0   0   0   0   0
C23      0    0   0   0   0   0   0   0   0   0   0   0   0   0   0   0   0   0
C24      0    0   0   0   0   0   0   0   0   0   0   0   0   0   0   0   0   0
C25      0    0   0   0   0   0   0   0   0   0   0   0   0   0   0   0   0   0
C3       0    0   0   0   0   0   0   0   0   0   0   0   0   0   0   0   0   0
C4       0    0   0   0   0   0   0   0   0   0   0   0   0   0   0   0   0   0
C5       0    0   0   0   0   0   0   0   0   0   0   0   0   0   0   0   0   0
C6       0    0   0   0   0   0   0   0   0   0   0   0   0   0   0   0   0   0
C7       0    0   0   0   0   0   0   0   0   0   0   0   0   0   0   0   0   0
C8       0    0   0   0   0   0   0   0   0   0   0   0   0   0   0   0   0   0
C9       0    0   0   0   0   0   0   0   0   0   0   0   0   0   0   0   0   0
F26      0    0   0   0   0   0   0   0   0   0   0   0   0   0   0   0   0   0
F26_1    0    0   0   0   0   0   0   0   0   0   0   0   0   0   0   0   0   0
F26_2    0    0   0   0   0   0   0   0   0   0   0   0   0   0   0   0   0   0
F26_3    0    0   0   0   0   0   0   0   0   0   0   0   0   0   0   0   0   0
F27      0    0   0   0   0   0   0   0   0   0   0   0   0   0   0   0   0   0
F27_1    0    0   0   0   0   0   0   0   0   0   0   0   0   0   0   0   0   0
F27_2    0    0   0   0   0   0   0   0   0   0   0   0   0   0   0   0   0   0
F27_3    0    0   0   0   0   0   0   0   0   0   0   0   0   0   0   0   0   0
F28      0    0   0   0   0   0   0   0   0   0   0   0   0   0   0   0   0   0
F28_1    0    0   0   0   0   0   0   0   0   0   0   0   0   0   0   0   0   0
F28_2    0    0   0   0   0   0   0   0   0   0   0   0   0   0   0   0   0   0
F28_3    0    0   0   0   0   0   0   0   0   0   0   0   0   0   0   0   0   0
F29      0    0   0   0   0   0   0   0   0   0   0   0   0   0   0   0   0   0
F29_1    0    0   0   0   0   0   0   0   0   0   0   0   0   0   0   0   0   0
F29_2    0    0   0   0   0   0   0   0   0   0   0   0   0   0   0   0   0   0
F29_3    0    0   0   0   0   0   0   0   0   0   0   0   0   0   0   0   0   0
F30      0    0   0   0   0   0   0   0   0   0   0   0   0   0   0   0   0   0
F30_1    0    0   0   0   0   0   0   0   0   0   0   0   0   0   0   0   0   0
F30_2    0    0   0   0   0   0   0   0   0   0   0   0   0   0   0   0   0   0
F30_3    0    0   0   0   0   0   0   0   0   0   0   0   0   0   0   0   0   0
F31      0    0   0   0   0   0   0   0   0   0   0   0   0   0   0   0   0   0
F31_1    0    0   0   0   0   0   0   0   0   0   0   0   0   0   0   0   0   0
F31_2    0    0   0   0   0   0   0   0   0   0   0   0   0   0   0   0   0   0
F31_3    0    0   0   0   0   0   0   0   0   0   0   0   0   0   0   0   0   0
F32      0    0   0   0   0   0   0   0   0   0   0   0   0   0   0   0   0   0
F32_1    0    0   0   0   0   0   0   0   0   0   0   0   0   0   0   0   0   0
F32_2    0    0   0   0   0   0   0   0   0   0   0   0   0   0   0   0   0   0
F32_3    0    0   0   0   0   0   0   0   0   0   0   0   0   0   0   0   0   0
F33      0    0   0   0   0   0   0   0   0   0   0   0   0   0   0   0   0   0
F33_1    0    0   0   0   0   0   0   0   0   0   0   0   0   0   0   0   0   0
F33_2    0    0   0   0   0   0   0   0   0   0   0   0   0   0   0   0   0   0
F33_3    0    0   0   0   0   0   0   0   0   0   0   0   0   0   0   0   0   0
F34      0    0   0   0   0   0   0   0   0   0   0   0   0   0   0   0   0   0
F34_1    0    0   0   0   0   0   0   0   0   0   0   0   0   0   0   0   0   0
F34_2    0    0   0   0   0   0   0   0   0   0   0   0   0   0   0   0   0   0
F34_3    0    0   0   0   0   0   0   0   0   0   0   0   0   0   0   0   0   0
F35      0    0   0   0   0   0   0   0   0   0   0   0   0   0   0   0   0   0
F35_1    0    0   0   0   0   0   0   0   0   0   0   0   0   0   0   0   0   0
F35_2    0    0   0   0   0   0   0   0   0   0   0   0   0   0   0   0   0   0
F35_3    0    0   0   0   0   0   0   0   0   0   0   0   0   0   0   0   0   0
F36      0    0   0   0   0   0   0   0   0   0   0   0   0   0   0   0   0   0
F36_1    0    0   0   0   0   0   0   0   0   0   0   0   0   0   0   0   0   0
F36_2    0    0   0   0   0   0   0   0   0   0   0   0   0   0   0   0   0   0
F36_3    0    0   0   0   0   0   0   0   0   0   0   0   0   0   0   0   0   0
F37      0    0   0   0   0   0   0   0   0   0   0   0   0   0   0   0   0   0
F37_1    0    0   0   0   0   0   0   0   0   0   0   0   0   0   0   0   0   0
F37_2    0    0   0   0   0   0   0   0   0   0   0   0   0   0   0   0   0   0
F37_3    0    0   0   0   0   0   0   0   0   0   0   0   0   0   0   0   0   0
F38      0    0   0   0   0   0   0   0   0   0   0   0   0   0   0   0   0   0
F38_1    0    0   0   0   0   0   0   0   0   0   0   0   0   0   0   0   0   0
F38_2    0    0   0   0   0   0   0   0   0   0   0   0   0   0   0   0   0   0
F38_3    0    0   0   0   0   0   0   0   0   0   0   0   0   0   0   0   0   0
F39      0    0   0   0   0   0   0   0   0   0   0   0   0   0   0   0   0   0
F39_1    0    0   0   0   0   0   0   0   0   0   0   0   0   0   0   0   0   0
F39_2    0    0   0   0   0   0   0   0   0   0   0   0   0   0   0   0   0   0
F39_3    0    0   0   0   0   0   0   0   0   0   0   0   0   0   0   0   0   0
F40      0    0   0   0   0   0   0   0   0   0   0   0   0   0   0   0   0   0
F40_1    0    0   0   0   0   0   0   0   0   0   0   0   0   0   0   0   0   0
F40_2    0    0   0   0   0   0   0   0   0   0   0   0   0   0   0   0   0   0
F40_3    0    0   0   0   0   0   0   0   0   0   0   0   0   0   0   0   0   0
F41      0    0   0   0   0   0   0   0   0   0   0   0   0   0   0   0   0   0
F41_1    0    0   0   0   0   0   0   0   0   0   0   0   0   0   0   0   0   0
F41_2    0    0   0   0   0   0   0   0   0   0   0   0   0   0   0   0   0   0
F41_3    0    0   0   0   0   0   0   0   0   0   0   0   0   0   0   0   0   0
F42      0    0   0   0   0   0   0   0   0   0   0   0   0   0   0   0   0   0
F42_1    .    0   0   0   0   0   0   0   0   0   0   0   0   0   0   0   0   0
F42_2    0    .   0   0   0   0   0   0   0   0   0   0   0   0   0   0   0   0
F42_3    0    0   .   0   0   0   0   0   0   0   0   0   0   0   0   0   0   0
F43      0    0   0   .   0   0   0   0   0   0   0   0   0   0   0   0   0   0
F43_1    0    0   0   0   .   0   0   0   0   0   0   0   0   0   0   0   0   0
F43_2    0    0   0   0   0   .   0   0   0   0   0   0   0   0   0   0   0   0
F43_3    0    0   0   0   0   0   .   0   0   0   0   0   0   0   0   0   0   0
F44      0    0   0   0   0   0   0   .   0   0   0   0   0   0   0   0   0   0
F44_1    0    0   0   0   0   0   0   0   .   0   0   0   0   0   0   0   0   0
F44_2    0    0   0   0   0   0   0   0   0   .   0   0   0   0   0   0   0   0
F44_3    0    0   0   0   0   0   0   0   0   0   .   0   0   0   0   0   0   0
F45      0    0   0   0   0   0   0   0   0   0   0   .   0   0   1   0   0   0
F45_1    0    0   0   0   0   0   0   0   0   0   0   0   .   0   0   0   0   0
F45_2    0    0   0   0   0   0   0   0   0   0   0   1   0   .   0   0   0   0
F45_3    0    0   0   0   0   0   0   0   0   0   0   0   0   1   .   0   0   0
F46      0    0   0   0   0   0   0   0   0   0   0   0   0   0   0   .   0   0
F46_1    0    0   0   0   0   0   0   0   0   0   0   0   0   0   0   0   .   0
F46_2    0    0   0   0   0   0   0   0   0   0   0   0   0   0   0   0   0   .
F46_3    0    0   0   0   0   0   0   0   0   0   0   0   0   0   0   0   0   0
N0       0    0   0   0   0   0   0   0   0   0   0   0   0   0   0   0   0   0
Nσ       0    0   0   0   0   0   0   0   0   0   0   0   0   0   0   0   0   0

:     F46_3  N0  Nσ    :=
C1       0    0   1
C10      0    0   0
C11      0    0   0
C12      0    0   0
C13      0    0   1
C14      0    0   0
C15      0    0   0
C16      0    0   0
C17      0    0   0
C18      0    0   0
C19      0    0   0
C2       0    0   0
C20      0    0   0
C21      0    0   1
C22      0    0   0
C23      0    0   0
C24      0    0   0
C25      0    0   0
C3       0    0   0
C4       0    0   1
C5       0    0   0
C6       0    0   1
C7       0    0   0
C8       0    0   0
C9       0    0   0
F26      0    0   0
F26_1    0    0   0
F26_2    0    0   0
F26_3    0    0   0
F27      0    0   0
F27_1    0    0   0
F27_2    0    0   0
F27_3    0    0   0
F28      0    0   0
F28_1    0    0   0
F28_2    0    0   0
F28_3    0    0   0
F29      0    0   0
F29_1    0    0   0
F29_2    0    0   0
F29_3    0    0   0
F30      0    0   0
F30_1    0    0   0
F30_2    0    0   0
F30_3    0    0   0
F31      0    0   0
F31_1    0    0   0
F31_2    0    0   0
F31_3    0    0   0
F32      0    0   0
F32_1    0    0   0
F32_2    0    0   0
F32_3    0    0   0
F33      0    0   0
F33_1    0    0   0
F33_2    0    0   0
F33_3    0    0   0
F34      0    0   0
F34_1    0    0   0
F34_2    0    0   0
F34_3    0    0   0
F35      0    0   0
F35_1    0    0   0
F35_2    0    0   0
F35_3    0    0   0
F36      0    0   0
F36_1    0    0   0
F36_2    0    0   0
F36_3    0    0   0
F37      0    0   0
F37_1    0    0   0
F37_2    0    0   0
F37_3    0    0   0
F38      0    0   0
F38_1    0    0   0
F38_2    0    0   0
F38_3    0    0   0
F39      0    0   0
F39_1    0    0   0
F39_2    0    0   0
F39_3    0    0   0
F40      0    0   0
F40_1    0    0   0
F40_2    0    0   0
F40_3    0    0   0
F41      0    0   0
F41_1    0    0   0
F41_2    0    0   0
F41_3    0    0   0
F42      0    0   0
F42_1    0    0   0
F42_2    0    0   0
F42_3    0    0   0
F43      0    0   0
F43_1    0    0   0
F43_2    0    0   0
F43_3    0    0   0
F44      0    0   0
F44_1    0    0   0
F44_2    0    0   0
F44_3    0    0   0
F45      0    0   0
F45_1    0    0   0
F45_2    0    0   0
F45_3    0    0   0
F46      0    0   0
F46_1    0    0   0
F46_2    0    0   0
F46_3    .    0   0
N0       0    .   0
Nσ       0    0   .
;

sum{i in D0, j in Vplun} x[i,j] = 5

sum{i in Vall, j in Vall: i != j} x[i,j]*t[i,j] = 485.331

sum{i in F} z[i]*R[i] = 0

sum{i in F, j in Vplunend: i != j} y[i]*x[i,j] = 0

a [*] :=
   C1 2616        F26_3 3390        F33_3 3390        F40_3 3390
  C10 1294.61       F27 2216.57       F34    0          F41 3390
  C11 1673        F27_1 2690.61     F34_1    0        F41_1    0
  C12 2334        F27_2 2690.61     F34_2    0        F41_2 3390
  C13 2458        F27_3 2690.61     F34_3 2690.61     F41_3 3390
  C14  634.072      F28 1678.12       F35 2216.57       F42 1368.66
  C15  654        F28_1 3390        F35_1    0        F42_1 1061.83
  C16   63        F28_2 3390        F35_2    0        F42_2 1061.83
  C17 1846.94     F28_3 3390        F35_3    0        F42_3 2130.05
  C18  631.831      F29 2216.57       F36 2216.57       F43 1368.66
  C19 1013        F29_1    0        F36_1    0        F43_1 1368.66
   C2  440        F29_2 2216.57     F36_2 2259.52     F43_2 3390
  C20  532.962    F29_3    0        F36_3 3390        F43_3 3390
  C21 3008          F30 2862.64       F37 2216.57       F44 1368.66
  C22   12.2066   F30_1 3390        F37_1 3390        F44_1 3390
  C23 1016        F30_2 3390        F37_2 3390        F44_2 3390
  C24 2273        F30_3 3390        F37_3 3390        F44_3 3390
  C25  535.831      F31 3390          F38 2216.57       F45 3390
   C3  927        F31_1    0        F38_1 3390        F45_1 3390
   C4 1945        F31_2    0        F38_2 3390        F45_2 3390
   C5  636        F31_3    0        F38_3 3390        F45_3 3390
   C6 1661          F32 2216.57       F39 3390          F46 1678.35
   C7 2145        F32_1 3390        F39_1 3390        F46_1 3390
   C8 1390        F32_2 3390        F39_2 3390        F46_2 3390
   C9  738        F32_3 3390        F39_3    0        F46_3 3390
  F26 3390          F33 1249.87       F40 3390           N0    0
F26_1 3390        F33_1 3390        F40_1    0           Nσ 3390
F26_2 3390        F33_2 3390        F40_2 3390
;

u [*] :=
   C1  10      C4  10   F29_1   0     F34   0   F38_3 700   F43_2 700
  C10  70      C5  50   F29_2 700   F34_1   0     F39   0   F43_3 700
  C11  30      C6  10   F29_3   0   F34_2   0   F39_1   0     F44 700
  C12  50      C7  20     F30 700   F34_3 700   F39_2   0   F44_1 700
  C13  10      C8  40   F30_1 700     F35 700   F39_3   0   F44_2 700
  C14  70      C9  40   F30_2 700   F35_1 700     F40   0   F44_3 700
  C15 690     F26 700   F30_3 700   F35_2   0   F40_1   0     F45   0
  C16 650   F26_1 700     F31 700   F35_3 700   F40_2   0   F45_1 700
  C17  30   F26_2 700   F31_1 700     F36 700   F40_3   0   F45_2   0
  C18 100   F26_3 700   F31_2 700   F36_1 700     F41 700   F45_3   0
  C19  40     F27 700   F31_3 700   F36_2 700   F41_1 700     F46 700
   C2 120   F27_1 700     F32 700   F36_3 700   F41_2   0   F46_1 700
  C20  70   F27_2 700   F32_1 700     F37 700   F41_3 700   F46_2 700
  C21  10   F27_3 700   F32_2 700   F37_1 700     F42 700   F46_3 700
  C22 700     F28 700   F32_3 700   F37_2 700   F42_1 700      N0 700
  C23  90   F28_1 700     F33   0   F37_3 700   F42_2 700      Nσ   0
  C24 640   F28_2 700   F33_1 700     F38 700   F42_3   0
  C25 110   F28_3 700   F33_2   0   F38_1 700     F43 700
   C3  20     F29 700   F33_3   0   F38_2 700   F43_1 700
;

v [*] :=
   C1  10.7703   F26_3 117.66     F33_3 117.66     F40_3   0
  C10  56.4533     F27 117.66       F34   0          F41   0
  C11  39.4062   F27_1   0        F34_1   0        F41_1 117.66
  C12  77.3487   F27_2   0        F34_2   0        F41_2   0
  C13  19.6469   F27_3   0        F34_3   0        F41_3   0
  C14  97.0445     F28 117.66       F35   0          F42 117.66
  C15  94.5425   F28_1 117.66     F35_1 117.66     F42_1   0
  C16  97.0445   F28_2 117.66     F35_2 117.66     F42_2 117.66
  C17  42.2383   F28_3 117.66     F35_3   0        F42_3 117.66
  C18  90.0176     F29 117.66       F36 117.66       F43 117.66
  C19  52.2882   F29_1   0        F36_1 117.66     F43_1 117.66
   C2 101.849    F29_2 117.66     F36_2   0        F43_2 117.66
  C20  83.443    F29_3   0        F36_3 117.66     F43_3 117.66
  C21  51.0784     F30 117.66       F37 117.66       F44 117.66
  C22  97.5425   F30_1 117.66     F37_1 117.66     F44_1 117.66
  C23  64.9377   F30_2 117.66     F37_2 117.66     F44_2 117.66
  C24  56.4636   F30_3 117.66     F37_3 117.66     F44_3 117.66
  C25  96.0176     F31 117.66       F38 117.66       F45   0
   C3  29.2181   F31_1   0        F38_1 117.66     F45_1 117.66
   C4  34.176    F31_2 117.66     F38_2 117.66     F45_2   0
   C5  62.2882   F31_3 117.66     F38_3 117.66     F45_3   0
   C6  25.6125     F32 117.66       F39   0          F46 117.66
   C7  22.8533   F32_1 117.66     F39_1   0        F46_1 117.66
   C8  51.0681   F32_2 117.66     F39_2 117.66     F46_2 117.66
   C9  36.4292   F32_3 117.66     F39_3   0        F46_3 117.66
  F26 117.66       F33   0          F40 117.66        N0 117.66
F26_1 117.66     F33_1 117.66     F40_1   0           Nσ   0
F26_2 117.66     F33_2 117.66     F40_2   0
;

y [*] :=
  F26 0   F28_3 0   F31_2 0   F34_1 0     F37 0   F39_3 0   F42_2 0   F45_1 0
F26_1 0     F29 0   F31_3 0   F34_2 0   F37_1 0     F40 0   F42_3 0   F45_2 0
F26_2 0   F29_1 0     F32 0   F34_3 0   F37_2 0   F40_1 0     F43 0   F45_3 0
F26_3 0   F29_2 0   F32_1 0     F35 0   F37_3 0   F40_2 0   F43_1 0     F46 0
  F27 0   F29_3 0   F32_2 0   F35_1 0     F38 0   F40_3 0   F43_2 0   F46_1 0
F27_1 0     F30 0   F32_3 0   F35_2 0   F38_1 0     F41 0   F43_3 0   F46_2 0
F27_2 0   F30_1 0     F33 0   F35_3 0   F38_2 0   F41_1 0     F44 0   F46_3 0
F27_3 0   F30_2 0   F33_1 0     F36 0   F38_3 0   F41_2 0   F44_1 0
  F28 0   F30_3 0   F33_2 0   F36_1 0     F39 0   F41_3 0   F44_2 0
F28_1 0     F31 0   F33_3 0   F36_2 0   F39_1 1     F42 0   F44_3 0
F28_2 0   F31_1 0     F34 0   F36_3 0   F39_2 0   F42_1 0     F45 0
;

z [*] :=
  F26 1   F28_3 1   F31_2 1   F34_1 1     F37 1   F39_3 1   F42_2 1   F45_1 1
F26_1 1     F29 1   F31_3 1   F34_2 1   F37_1 1     F40 1   F42_3 1   F45_2 1
F26_2 1   F29_1 1     F32 1   F34_3 1   F37_2 1   F40_1 1     F43 1   F45_3 1
F26_3 1   F29_2 1   F32_1 1     F35 1   F37_3 1   F40_2 1   F43_1 1     F46 1
  F27 1   F29_3 1   F32_2 1   F35_1 1     F38 1   F40_3 1   F43_2 1   F46_1 1
F27_1 1     F30 1   F32_3 1   F35_2 1   F38_1 1     F41 1   F43_3 1   F46_2 1
F27_2 1   F30_1 1     F33 1   F35_3 1   F38_2 1   F41_1 1     F44 1   F46_3 1
F27_3 1   F30_2 1   F33_1 1     F36 1   F38_3 1   F41_2 1   F44_1 1
  F28 1   F30_3 1   F33_2 1   F36_1 1     F39 1   F41_3 1   F44_2 1
F28_1 1     F31 1   F33_3 1   F36_2 1   F39_1 0     F42 1   F44_3 1
F28_2 1   F31_1 1     F34 1   F36_3 1   F39_2 1   F42_1 1     F45 1
;

R [*] :=
  F26 0   F28_3 0   F31_2 0   F34_1 0     F37 0   F39_3 0   F42_2 0   F45_1 0
F26_1 0     F29 0   F31_3 0   F34_2 0   F37_1 0     F40 0   F42_3 0   F45_2 0
F26_2 0   F29_1 0     F32 0   F34_3 0   F37_2 0   F40_1 0     F43 0   F45_3 0
F26_3 0   F29_2 0   F32_1 0     F35 0   F37_3 0   F40_2 0   F43_1 0     F46 0
  F27 0   F29_3 0   F32_2 0   F35_1 0     F38 0   F40_3 0   F43_2 0   F46_1 0
F27_1 0     F30 0   F32_3 0   F35_2 0   F38_1 0     F41 0   F43_3 0   F46_2 0
F27_2 0   F30_1 0     F33 0   F35_3 0   F38_2 0   F41_1 0     F44 0   F46_3 0
F27_3 0   F30_2 0   F33_1 0     F36 0   F38_3 0   F41_2 0   F44_1 0
  F28 0   F30_3 0   F33_2 0   F36_1 0     F39 0   F41_3 0   F44_2 0
F28_1 0     F31 0   F33_3 0   F36_2 0   F39_1 0     F42 0   F44_3 0
F28_2 0   F31_1 0     F34 0   F36_3 0   F39_2 0   F42_1 0     F45 0
;

Y [*] :=
  F26 117.66   F30_1 117.66   F34_2   0      F38_3 117.66     F43 117.66
F26_1 117.66   F30_2 117.66   F34_3   0        F39   0      F43_1 117.66
F26_2 117.66   F30_3 117.66     F35   0      F39_1 117.66   F43_2 117.66
F26_3 117.66     F31 117.66   F35_1 117.66   F39_2 117.66   F43_3 117.66
  F27 117.66   F31_1   0      F35_2 117.66   F39_3   0        F44 117.66
F27_1   0      F31_2 117.66   F35_3   0        F40 117.66   F44_1 117.66
F27_2   0      F31_3 117.66     F36 117.66   F40_1   0      F44_2 117.66
F27_3   0        F32 117.66   F36_1 117.66   F40_2   0      F44_3 117.66
  F28 117.66   F32_1 117.66   F36_2   0      F40_3   0        F45   0
F28_1 117.66   F32_2 117.66   F36_3 117.66     F41   0      F45_1 117.66
F28_2 117.66   F32_3 117.66     F37 117.66   F41_1 117.66   F45_2   0
F28_3 117.66     F33   0      F37_1 117.66   F41_2   0      F45_3   0
  F29 117.66   F33_1 117.66   F37_2 117.66   F41_3   0        F46 117.66
F29_1   0      F33_2 117.66   F37_3 117.66     F42 117.66   F46_1 117.66
F29_2 117.66   F33_3 117.66     F38 117.66   F42_1   0      F46_2 117.66
F29_3   0        F34   0      F38_1 117.66   F42_2 117.66   F46_3 117.66
  F30 117.66   F34_1   0      F38_2 117.66   F42_3 117.66
;

