MIP Gap (%):  80.42088851549832
_solve_elapsed_time = 28801.2

TotalCost = 13831.4

x [*,*]
:      C1 C10 C11 C12 C13 C14 C15 C16 C17 C18 C19  C2 C20 C21 C22 C23 C24 C25 :=
C1      .   0   0   0   0   0   0   0   0   0   0   0   0   0   0   0   0   0
C10     0   .   0   0   0   0   0   0   0   0   0   0   0   0   0   0   0   0
C11     0   0   .   0   0   0   0   0   0   0   0   1   0   0   0   0   0   0
C12     0   0   0   .   0   0   0   0   0   0   0   0   0   0   0   0   0   1
C13     0   0   0   0   .   0   0   0   0   0   0   0   0   0   0   1   0   0
C14     0   0   0   0   0   .   0   0   0   0   0   0   1   0   0   0   0   0
C15     0   0   0   0   0   0   .   0   0   0   0   0   0   0   0   0   0   0
C16     0   0   0   0   0   0   0   .   0   0   0   0   0   0   0   0   0   0
C17     0   0   0   0   0   0   0   0   .   0   0   0   0   0   0   0   0   0
C18     0   0   0   0   0   0   0   0   0   .   0   0   0   0   0   0   0   0
C19     0   0   0   0   1   0   0   0   0   0   .   0   0   0   0   0   0   0
C2      0   0   0   0   0   0   0   0   0   0   0   .   0   0   0   0   0   0
C20     0   0   0   0   0   0   0   0   0   0   0   0   .   0   0   0   1   0
C21     0   0   0   0   0   0   0   0   0   0   0   0   0   .   0   0   0   0
C22     0   0   0   0   0   0   0   0   0   0   0   0   0   0   .   0   0   0
C23     0   0   0   0   0   0   0   0   0   0   0   0   0   0   0   .   0   0
C24     0   0   0   0   0   0   0   0   0   0   0   0   0   0   0   0   .   0
C25     0   1   0   0   0   0   0   0   0   0   0   0   0   0   0   0   0   .
C3      0   0   0   0   0   0   0   0   1   0   0   0   0   0   0   0   0   0
C4      0   0   0   0   0   0   0   0   0   0   0   0   0   0   0   0   0   0
C5      0   0   0   0   0   0   0   0   0   0   0   0   0   0   0   0   0   0
C6      0   0   0   0   0   0   0   0   0   0   0   0   0   0   0   0   0   0
C7      0   0   0   0   0   0   0   0   0   1   0   0   0   0   0   0   0   0
C8      0   0   0   0   0   0   0   0   0   0   0   0   0   0   0   0   0   0
C9      0   0   0   0   0   0   0   0   0   0   0   0   0   0   0   0   0   0
F26     0   0   0   0   0   0   0   0   0   0   0   0   0   0   0   0   0   0
F26_1   0   0   0   0   0   0   0   0   0   0   0   0   0   0   0   0   0   0
F26_2   0   0   0   0   0   0   0   0   0   0   0   0   0   0   0   0   0   0
F26_3   0   0   0   0   0   0   0   0   0   0   0   0   0   0   0   0   0   0
F27     0   0   0   0   0   0   0   0   0   0   0   0   0   0   0   0   0   0
F27_1   0   0   0   0   0   0   0   0   0   0   0   0   0   0   0   0   0   0
F27_2   0   0   0   0   0   0   0   0   0   0   0   0   0   0   0   0   0   0
F27_3   0   0   0   0   0   0   0   0   0   0   0   0   0   0   0   0   0   0
F28     0   0   0   0   0   0   0   0   0   0   0   0   0   0   0   0   0   0
F28_1   0   0   0   0   0   0   0   0   0   0   0   0   0   0   0   0   0   0
F28_2   0   0   0   0   0   0   0   0   0   0   0   0   0   0   0   0   0   0
F28_3   0   0   0   0   0   0   0   0   0   0   0   0   0   0   0   0   0   0
F29     0   0   0   0   0   0   0   0   0   0   0   0   0   0   0   0   0   0
F29_1   0   0   0   0   0   0   0   0   0   0   0   0   0   0   0   0   0   0
F29_2   0   0   0   0   0   0   0   0   0   0   0   0   0   0   0   0   0   0
F29_3   0   0   0   0   0   0   0   0   0   0   0   0   0   0   0   0   0   0
F30     0   0   0   0   0   0   0   0   0   0   0   0   0   0   0   0   0   0
F30_1   0   0   0   0   0   0   0   0   0   0   0   0   0   0   0   0   0   0
F30_2   0   0   0   0   0   0   0   0   0   0   0   0   0   0   0   0   0   0
F30_3   0   0   0   0   0   0   0   0   0   0   1   0   0   0   0   0   0   0
F31     0   0   0   0   0   0   0   0   0   0   0   0   0   0   0   0   0   0
F31_1   0   0   0   0   0   0   0   0   0   0   0   0   0   0   0   0   0   0
F31_2   0   0   0   0   0   0   0   0   0   0   0   0   0   0   0   0   0   0
F31_3   0   0   1   0   0   0   0   0   0   0   0   0   0   0   0   0   0   0
F32     0   0   0   0   0   0   0   0   0   0   0   0   0   0   0   0   0   0
F32_1   0   0   0   0   0   0   0   0   0   0   0   0   0   0   0   0   0   0
F32_2   0   0   0   0   0   0   0   0   0   0   0   0   0   0   0   0   0   0
F32_3   0   0   0   0   0   0   0   0   0   0   0   0   0   0   0   0   0   0
F33     0   0   0   0   0   0   0   0   0   0   0   0   0   0   0   0   0   0
F33_1   0   0   0   0   0   0   0   0   0   0   0   0   0   0   0   0   0   0
F33_2   0   0   0   0   0   0   0   0   0   0   0   0   0   0   0   0   0   0
F33_3   0   0   0   0   0   0   0   0   0   0   0   0   0   0   0   0   0   0
F34     0   0   0   0   0   0   0   0   0   0   0   0   0   0   0   0   0   0
F34_1   0   0   0   0   0   0   0   0   0   0   0   0   0   0   0   0   0   0
F34_2   0   0   0   0   0   0   0   0   0   0   0   0   0   0   0   0   0   0
F34_3   0   0   0   0   0   0   0   0   0   0   0   0   0   0   0   0   0   0
F35     0   0   0   0   0   0   0   0   0   0   0   0   0   0   0   0   0   0
F35_1   0   0   0   0   0   0   0   0   0   0   0   0   0   0   0   0   0   0
F35_2   0   0   0   0   0   0   0   0   0   0   0   0   0   0   0   0   0   0
F35_3   0   0   0   0   0   0   0   0   0   0   0   0   0   0   0   0   0   0
F36     0   0   0   0   0   0   0   0   0   0   0   0   0   0   0   0   0   0
F36_1   0   0   0   0   0   0   0   0   0   0   0   0   0   0   0   0   0   0
F36_2   0   0   0   0   0   0   0   0   0   0   0   0   0   0   0   0   0   0
F36_3   0   0   0   0   0   0   0   0   0   0   0   0   0   0   0   0   0   0
F37     0   0   0   0   0   0   0   0   0   0   0   0   0   0   1   0   0   0
F37_1   0   0   0   0   0   0   0   0   0   0   0   0   0   0   0   0   0   0
F37_2   0   0   0   0   0   0   0   0   0   0   0   0   0   0   0   0   0   0
F37_3   0   0   0   0   0   0   0   0   0   0   0   0   0   0   0   0   0   0
F38     0   0   0   0   0   0   0   0   0   0   0   0   0   0   0   0   0   0
F38_1   0   0   0   0   0   0   0   0   0   0   0   0   0   0   0   0   0   0
F38_2   0   0   0   0   0   0   0   0   0   0   0   0   0   0   0   0   0   0
F38_3   0   0   0   0   0   0   0   0   0   0   0   0   0   0   0   0   0   0
F39     0   0   0   0   0   0   0   0   0   0   0   0   0   0   0   0   0   0
F39_1   0   0   0   0   0   0   0   0   0   0   0   0   0   0   0   0   0   0
F39_2   0   0   0   0   0   0   0   0   0   0   0   0   0   0   0   0   0   0
F39_3   0   0   0   0   0   0   0   0   0   0   0   0   0   0   0   0   0   0
F40     0   0   0   0   0   0   0   0   0   0   0   0   0   0   0   0   0   0
F40_1   0   0   0   0   0   0   0   0   0   0   0   0   0   0   0   0   0   0
F40_2   0   0   0   0   0   0   0   0   0   0   0   0   0   0   0   0   0   0
F40_3   0   0   0   0   0   0   0   0   0   0   0   0   0   0   0   0   0   0
F41     0   0   0   0   0   0   0   0   0   0   0   0   0   0   0   0   0   0
F41_1   0   0   0   0   0   0   0   0   0   0   0   0   0   0   0   0   0   0
F41_2   0   0   0   0   0   0   0   0   0   0   0   0   0   0   0   0   0   0
F41_3   0   0   0   0   0   0   0   0   0   0   0   0   0   0   0   0   0   0
F42     0   0   0   0   0   0   0   0   0   0   0   0   0   0   0   0   0   0
F42_1   0   0   0   0   0   0   0   0   0   0   0   0   0   0   0   0   0   0
F42_2   0   0   0   0   0   0   0   0   0   0   0   0   0   0   0   0   0   0
F42_3   0   0   0   0   0   0   0   0   0   0   0   0   0   0   0   0   0   0
F43     0   0   0   0   0   0   0   0   0   0   0   0   0   0   0   0   0   0
F43_1   0   0   0   0   0   0   0   0   0   0   0   0   0   0   0   0   0   0
F43_2   0   0   0   0   0   0   0   0   0   0   0   0   0   0   0   0   0   0
F43_3   0   0   0   0   0   0   0   0   0   0   0   0   0   0   0   0   0   0
F44     0   0   0   0   0   0   0   0   0   0   0   0   0   0   0   0   0   0
F44_1   0   0   0   0   0   0   0   0   0   0   0   0   0   0   0   0   0   0
F44_2   0   0   0   0   0   0   0   0   0   0   0   0   0   0   0   0   0   0
F44_3   0   0   0   0   0   0   0   0   0   0   0   0   0   0   0   0   0   0
F45     0   0   0   0   0   0   0   0   0   0   0   0   0   0   0   0   0   0
F45_1   0   0   0   0   0   0   0   0   0   0   0   0   0   0   0   0   0   0
F45_2   0   0   0   0   0   0   0   0   0   0   0   0   0   0   0   0   0   0
F45_3   0   0   0   0   0   0   0   0   0   0   0   0   0   0   0   0   0   0
F46     0   0   0   0   0   0   0   0   0   0   0   0   0   0   0   0   0   0
F46_1   0   0   0   0   0   0   0   0   0   0   0   0   0   0   0   0   0   0
F46_2   0   0   0   0   0   0   0   0   0   0   0   0   0   0   0   0   0   0
F46_3   0   0   0   0   0   0   0   0   0   0   0   0   0   0   0   0   0   0
N0      1   0   0   1   0   1   1   1   0   0   0   0   0   1   0   0   0   0
Nσ      0   0   0   0   0   0   0   0   0   0   0   0   0   0   0   0   0   0

# $10 = F26_2
# $11 = F26_3
# $13 = F27_1
# $14 = F27_2
# $15 = F27_3
# $17 = F28_1
# $18 = F28_2
:      C3  C4  C5  C6  C7  C8  C9 F26 F26_1 $10 $11 F27 $13 $14 $15 F28 $17 $18 :=
C1      0   0   0   0   0   0   0   0    0    0   0   0   0   0   0   0   0   0
C10     0   0   0   0   0   0   0   0    0    0   0   0   0   0   0   0   0   0
C11     0   0   0   0   0   0   0   0    0    0   0   0   0   0   0   0   0   0
C12     0   0   0   0   0   0   0   0    0    0   0   0   0   0   0   0   0   0
C13     0   0   0   0   0   0   0   0    0    0   0   0   0   0   0   0   0   0
C14     0   0   0   0   0   0   0   0    0    0   0   0   0   0   0   0   0   0
C15     0   0   0   0   0   0   0   0    0    0   0   0   0   0   0   0   0   0
C16     1   0   0   0   0   0   0   0    0    0   0   0   0   0   0   0   0   0
C17     0   0   0   0   0   0   0   0    0    0   0   0   0   0   0   0   0   0
C18     0   0   0   0   0   1   0   0    0    0   0   0   0   0   0   0   0   0
C19     0   0   0   0   0   0   0   0    0    0   0   0   0   0   0   0   0   0
C2      0   0   0   0   0   0   0   0    0    0   0   0   0   0   0   0   0   0
C20     0   0   0   0   0   0   0   0    0    0   0   0   0   0   0   0   0   0
C21     0   1   0   0   0   0   0   0    0    0   0   0   0   0   0   0   0   0
C22     0   0   0   0   0   0   0   0    0    0   0   0   0   0   0   0   0   0
C23     0   0   0   0   0   0   0   0    0    0   0   0   0   0   0   0   0   0
C24     0   0   0   1   0   0   0   0    0    0   0   0   0   0   0   0   0   0
C25     0   0   0   0   0   0   0   0    0    0   0   0   0   0   0   0   0   0
C3      .   0   0   0   0   0   0   0    0    0   0   0   0   0   0   0   0   0
C4      0   .   0   0   0   0   0   0    0    0   0   0   0   0   0   0   0   0
C5      0   0   .   0   0   0   1   0    0    0   0   0   0   0   0   0   0   0
C6      0   0   0   .   0   0   0   0    0    0   0   0   0   0   0   0   0   0
C7      0   0   0   0   .   0   0   0    0    0   0   0   0   0   0   0   0   0
C8      0   0   0   0   0   .   0   0    0    0   0   0   0   0   0   0   0   0
C9      0   0   0   0   0   0   .   0    0    0   0   0   0   0   0   0   0   0
F26     0   0   0   0   0   0   0   .    0    0   0   0   0   0   0   0   0   0
F26_1   0   0   0   0   0   0   0   0    .    0   0   0   0   0   0   0   0   0
F26_2   0   0   0   0   0   0   0   0    0    .   0   0   0   0   0   0   0   0
F26_3   0   0   0   0   0   0   0   0    0    0   .   0   0   0   0   0   0   0
F27     0   0   0   0   0   0   0   0    0    0   0   .   0   0   0   0   0   0
F27_1   0   0   0   0   0   0   0   0    0    0   0   0   .   0   0   0   0   0
F27_2   0   0   0   0   0   0   0   0    0    0   0   0   0   .   0   0   0   0
F27_3   0   0   0   0   0   0   0   0    0    0   0   0   0   0   .   0   0   0
F28     0   0   0   0   0   0   0   0    0    0   0   0   0   0   0   .   0   0
F28_1   0   0   0   0   0   0   0   0    0    0   0   0   0   0   0   0   .   0
F28_2   0   0   0   0   0   0   0   0    0    0   0   0   0   0   0   0   0   .
F28_3   0   0   0   0   0   0   0   0    0    0   0   0   0   0   0   0   0   0
F29     0   0   0   0   0   0   0   0    0    0   0   0   0   0   0   0   0   0
F29_1   0   0   0   0   0   0   0   0    0    0   0   0   0   0   0   0   0   0
F29_2   0   0   0   0   0   0   0   0    0    0   0   0   0   0   0   0   0   0
F29_3   0   0   0   0   0   0   0   0    0    0   0   0   0   0   0   0   0   0
F30     0   0   0   0   0   0   0   0    0    0   0   0   0   0   0   0   0   0
F30_1   0   0   0   0   0   0   0   0    0    0   0   0   0   0   0   0   0   0
F30_2   0   0   0   0   0   0   0   0    0    0   0   0   0   0   0   0   0   0
F30_3   0   0   0   0   0   0   0   0    0    0   0   0   0   0   0   0   0   0
F31     0   0   0   0   0   0   0   0    0    0   0   0   0   0   0   0   0   0
F31_1   0   0   0   0   0   0   0   0    0    0   0   0   0   0   0   0   0   0
F31_2   0   0   0   0   0   0   0   0    0    0   0   0   0   0   0   0   0   0
F31_3   0   0   0   0   0   0   0   0    0    0   0   0   0   0   0   0   0   0
F32     0   0   0   0   0   0   0   0    0    0   0   0   0   0   0   0   0   0
F32_1   0   0   0   0   0   0   0   0    0    0   0   0   0   0   0   0   0   0
F32_2   0   0   0   0   0   0   0   0    0    0   0   0   0   0   0   0   0   0
F32_3   0   0   0   0   0   0   0   0    0    0   0   0   0   0   0   0   0   0
F33     0   0   0   0   0   0   0   0    0    0   0   0   0   0   0   0   0   0
F33_1   0   0   0   0   0   0   0   0    0    0   0   0   0   0   0   0   0   0
F33_2   0   0   0   0   0   0   0   0    0    0   0   0   0   0   0   0   0   0
F33_3   0   0   0   0   0   0   0   0    0    0   0   0   0   0   0   0   0   0
F34     0   0   0   0   0   0   0   0    0    0   0   0   0   0   0   0   0   0
F34_1   0   0   0   0   0   0   0   0    0    0   0   0   0   0   0   0   0   0
F34_2   0   0   0   0   0   0   0   0    0    0   0   0   0   0   0   0   0   0
F34_3   0   0   0   0   0   0   0   0    0    0   0   0   0   0   0   0   0   0
F35     0   0   0   0   0   0   0   0    0    0   0   0   0   0   0   0   0   0
F35_1   0   0   0   0   0   0   0   0    0    0   0   0   0   0   0   0   0   0
F35_2   0   0   0   0   1   0   0   0    0    0   0   0   0   0   0   0   0   0
F35_3   0   0   0   0   0   0   0   0    0    0   0   0   0   0   0   0   0   0
F36     0   0   0   0   0   0   0   0    0    0   0   0   0   0   0   0   0   0
F36_1   0   0   0   0   0   0   0   0    0    0   0   0   0   0   0   0   0   0
F36_2   0   0   0   0   0   0   0   0    0    0   0   0   0   0   0   0   0   0
F36_3   0   0   0   0   0   0   0   0    0    0   0   0   0   0   0   0   0   0
F37     0   0   0   0   0   0   0   0    0    0   0   0   0   0   0   0   0   0
F37_1   0   0   0   0   0   0   0   0    0    0   0   0   0   0   0   0   0   0
F37_2   0   0   0   0   0   0   0   0    0    0   0   0   0   0   0   0   0   0
F37_3   0   0   0   0   0   0   0   0    0    0   0   0   0   0   0   0   0   0
F38     0   0   0   0   0   0   0   0    0    0   0   0   0   0   0   0   0   0
F38_1   0   0   0   0   0   0   0   0    0    0   0   0   0   0   0   0   0   0
F38_2   0   0   0   0   0   0   0   0    0    0   0   0   0   0   0   0   0   0
F38_3   0   0   0   0   0   0   0   0    0    0   0   0   0   0   0   0   0   0
F39     0   0   0   0   0   0   0   0    0    0   0   0   0   0   0   0   0   0
F39_1   0   0   0   0   0   0   0   0    0    0   0   0   0   0   0   0   0   0
F39_2   0   0   0   0   0   0   0   0    0    0   0   0   0   0   0   0   0   0
F39_3   0   0   0   0   0   0   0   0    0    0   0   0   0   0   0   0   0   0
F40     0   0   0   0   0   0   0   0    0    0   0   0   0   0   0   0   0   0
F40_1   0   0   0   0   0   0   0   0    0    0   0   0   0   0   0   0   0   0
F40_2   0   0   0   0   0   0   0   0    0    0   0   0   0   0   0   0   0   0
F40_3   0   0   0   0   0   0   0   0    0    0   0   0   0   0   0   0   0   0
F41     0   0   0   0   0   0   0   0    0    0   0   0   0   0   0   0   0   0
F41_1   0   0   0   0   0   0   0   0    0    0   0   0   0   0   0   0   0   0
F41_2   0   0   0   0   0   0   0   0    0    0   0   0   0   0   0   0   0   0
F41_3   0   0   0   0   0   0   0   0    0    0   0   0   0   0   0   0   0   0
F42     0   0   0   0   0   0   0   0    0    0   0   0   0   0   0   0   0   0
F42_1   0   0   0   0   0   0   0   0    0    0   0   0   0   0   0   0   0   0
F42_2   0   0   0   0   0   0   0   0    0    0   0   0   0   0   0   0   0   0
F42_3   0   0   0   0   0   0   0   0    0    0   0   0   0   0   0   0   0   0
F43     0   0   0   0   0   0   0   0    0    0   0   0   0   0   0   0   0   0
F43_1   0   0   0   0   0   0   0   0    0    0   0   0   0   0   0   0   0   0
F43_2   0   0   0   0   0   0   0   0    0    0   0   0   0   0   0   0   0   0
F43_3   0   0   0   0   0   0   0   0    0    0   0   0   0   0   0   0   0   0
F44     0   0   0   0   0   0   0   0    0    0   0   0   0   0   0   0   0   0
F44_1   0   0   0   0   0   0   0   0    0    0   0   0   0   0   0   0   0   0
F44_2   0   0   0   0   0   0   0   0    0    0   0   0   0   0   0   0   0   0
F44_3   0   0   0   0   0   0   0   0    0    0   0   0   0   0   0   0   0   0
F45     0   0   0   0   0   0   0   0    0    0   0   0   0   0   0   0   0   0
F45_1   0   0   0   0   0   0   0   0    0    0   0   0   0   0   0   0   0   0
F45_2   0   0   0   0   0   0   0   0    0    0   0   0   0   0   0   0   0   0
F45_3   0   0   0   0   0   0   0   0    0    0   0   0   0   0   0   0   0   0
F46     0   0   0   0   0   0   0   0    0    0   0   0   0   0   0   0   0   0
F46_1   0   0   0   0   0   0   0   0    0    0   0   0   0   0   0   0   0   0
F46_2   0   0   0   0   0   0   0   0    0    0   0   0   0   0   0   0   0   0
F46_3   0   0   0   0   0   0   0   0    0    0   0   0   0   0   0   0   0   0
N0      0   0   1   0   0   0   0   0    0    0   0   0   0   0   0   0   0   0
Nσ      0   0   0   0   0   0   0   0    0    0   0   0   0   0   0   0   0   0

# $3 = F29_1
# $4 = F29_2
# $5 = F29_3
# $7 = F30_1
# $8 = F30_2
# $9 = F30_3
# $11 = F31_1
# $12 = F31_2
# $13 = F31_3
# $15 = F32_1
# $16 = F32_2
# $17 = F32_3
:     F28_3 F29  $3  $4  $5 F30  $7  $8  $9 F31 $11 $12 $13 F32 $15 $16 $17 F33 :=
C1       0    0   0   0   0   0   0   1   0   0   0   0   0   0   0   0   0   0
C10      0    0   0   0   0   0   0   0   0   0   0   0   0   0   0   0   0   0
C11      0    0   0   0   0   0   0   0   0   0   0   0   0   0   0   0   0   0
C12      0    0   0   0   0   0   0   0   0   0   0   0   0   0   0   0   0   0
C13      0    0   0   0   0   0   0   0   0   0   0   0   0   0   0   0   0   0
C14      0    0   0   0   0   0   0   0   0   0   0   0   0   0   0   0   0   0
C15      0    0   0   0   0   0   0   0   0   0   0   0   0   0   0   0   0   0
C16      0    0   0   0   0   0   0   0   0   0   0   0   0   0   0   0   0   0
C17      0    0   0   0   0   0   0   0   0   0   0   0   0   0   0   0   0   0
C18      0    0   0   0   0   0   0   0   0   0   0   0   0   0   0   0   0   0
C19      0    0   0   0   0   0   0   0   0   0   0   0   0   0   0   0   0   0
C2       0    0   0   0   0   0   0   0   0   0   0   0   0   0   0   0   0   0
C20      0    0   0   0   0   0   0   0   0   0   0   0   0   0   0   0   0   0
C21      0    0   0   0   0   0   0   0   0   0   0   0   0   0   0   0   0   0
C22      0    0   0   0   0   0   0   0   0   0   0   0   0   0   0   0   0   0
C23      0    0   0   0   0   0   0   0   0   0   0   0   0   0   0   0   0   0
C24      0    0   0   0   0   0   0   0   0   0   0   0   0   0   0   0   0   0
C25      0    0   0   0   0   0   0   0   0   0   0   0   0   0   0   0   0   0
C3       0    0   0   0   0   0   0   0   0   0   0   0   0   0   0   0   0   0
C4       0    0   0   0   0   0   0   0   0   0   0   0   0   0   0   0   0   0
C5       0    0   0   0   0   0   0   0   0   0   0   0   0   0   0   0   0   0
C6       0    0   0   0   0   0   0   0   0   0   0   0   0   0   0   0   0   0
C7       0    0   0   0   0   0   0   0   0   0   0   0   0   0   0   0   0   0
C8       0    0   0   0   0   0   0   0   0   0   0   0   0   0   0   0   0   0
C9       0    0   0   0   0   0   0   0   0   0   0   0   0   0   0   0   0   0
F26      0    0   0   0   0   0   0   0   0   0   0   0   0   0   0   0   0   0
F26_1    0    0   0   0   0   0   0   0   0   0   0   0   0   0   0   0   0   0
F26_2    0    0   0   0   0   0   0   0   0   0   0   0   0   0   0   0   0   0
F26_3    0    0   0   0   0   0   0   0   0   0   0   0   0   0   0   0   0   0
F27      0    0   0   0   0   0   0   0   0   0   0   0   0   0   0   0   0   0
F27_1    0    0   0   0   0   0   0   0   0   0   0   0   0   0   0   0   0   0
F27_2    0    0   0   0   0   0   0   0   0   0   0   0   0   0   0   0   0   0
F27_3    0    0   0   0   0   0   0   0   0   0   0   0   0   0   0   0   0   0
F28      0    0   0   0   0   0   0   0   0   0   0   0   0   0   0   0   0   0
F28_1    0    0   0   0   0   0   0   0   0   0   0   0   0   0   0   0   0   0
F28_2    0    0   0   0   0   0   0   0   0   0   0   0   0   0   0   0   0   0
F28_3    .    0   0   0   0   0   0   0   0   0   0   0   0   0   0   0   0   0
F29      0    .   0   0   0   0   0   0   0   0   0   0   0   0   0   0   0   0
F29_1    0    0   .   0   0   0   0   0   0   0   0   0   0   0   0   0   0   0
F29_2    0    0   0   .   0   0   0   0   0   0   0   0   0   0   0   0   0   0
F29_3    0    0   0   0   .   0   0   0   0   0   0   0   0   0   0   0   0   0
F30      0    0   0   0   0   .   0   0   0   0   0   0   0   0   0   0   0   0
F30_1    0    0   0   0   0   0   .   0   0   0   0   0   0   0   0   0   0   0
F30_2    0    0   0   0   0   0   0   .   1   0   0   0   0   0   0   0   0   0
F30_3    0    0   0   0   0   0   0   0   .   0   0   0   0   0   0   0   0   0
F31      0    0   0   0   0   0   0   0   0   .   0   0   0   0   0   0   0   0
F31_1    0    0   0   0   0   0   0   0   0   0   .   0   0   0   0   0   0   0
F31_2    0    0   0   0   0   0   0   0   0   0   0   .   0   0   0   0   0   0
F31_3    0    0   0   0   0   0   0   0   0   0   0   0   .   0   0   0   0   0
F32      0    0   0   0   0   0   0   0   0   0   0   0   0   .   0   0   0   0
F32_1    0    0   0   0   0   0   0   0   0   0   0   0   0   0   .   0   0   0
F32_2    0    0   0   0   0   0   0   0   0   0   0   0   0   0   0   .   0   0
F32_3    0    0   0   0   0   0   0   0   0   0   0   0   0   0   0   0   .   0
F33      0    0   0   0   0   0   0   0   0   0   0   0   0   0   0   0   0   .
F33_1    0    0   0   0   0   0   0   0   0   0   0   0   0   0   0   0   0   0
F33_2    0    0   0   0   0   0   0   0   0   0   0   0   0   0   0   0   0   0
F33_3    0    0   0   0   0   0   0   0   0   0   0   0   0   0   0   0   0   0
F34      0    0   0   0   0   0   0   0   0   0   0   0   0   0   0   0   0   0
F34_1    0    0   0   0   0   0   0   0   0   0   0   0   0   0   0   0   0   0
F34_2    0    0   0   0   0   0   0   0   0   0   0   0   0   0   0   0   0   0
F34_3    0    0   0   0   0   0   0   0   0   0   0   0   0   0   0   0   0   0
F35      0    0   0   0   0   0   0   0   0   0   0   0   0   0   0   0   0   0
F35_1    0    0   0   0   0   0   0   0   0   0   0   0   0   0   0   0   0   0
F35_2    0    0   0   0   0   0   0   0   0   0   0   0   0   0   0   0   0   0
F35_3    0    0   0   0   0   0   0   0   0   0   0   0   0   0   0   0   0   0
F36      0    0   0   0   0   0   0   0   0   0   0   0   0   0   0   0   0   0
F36_1    0    0   0   0   0   0   0   0   0   0   0   0   0   0   0   0   0   0
F36_2    0    0   0   0   0   0   0   0   0   0   0   0   0   0   0   0   0   0
F36_3    0    0   0   0   0   0   0   0   0   0   0   0   0   0   0   0   0   0
F37      0    0   0   0   0   0   0   0   0   0   0   0   0   0   0   0   0   0
F37_1    0    0   0   0   0   0   0   0   0   0   0   0   0   0   0   0   0   0
F37_2    0    0   0   0   0   0   0   0   0   0   0   0   0   0   0   0   0   0
F37_3    0    0   0   0   0   0   0   0   0   0   0   0   0   0   0   0   0   0
F38      0    0   0   0   0   0   0   0   0   0   0   0   0   0   0   0   0   0
F38_1    0    0   0   0   0   0   0   0   0   0   0   0   0   0   0   0   0   0
F38_2    0    0   0   0   0   0   0   0   0   0   0   0   0   0   0   0   0   0
F38_3    0    0   0   0   0   0   0   0   0   0   0   0   0   0   0   0   0   0
F39      0    0   0   0   0   0   0   0   0   0   0   0   0   0   0   0   0   0
F39_1    0    0   0   0   0   0   0   0   0   0   0   0   0   0   0   0   0   0
F39_2    0    0   0   0   0   0   0   0   0   0   0   0   0   0   0   0   0   0
F39_3    0    0   0   0   0   0   0   0   0   0   0   0   0   0   0   0   0   0
F40      0    0   0   0   0   0   0   0   0   0   0   0   0   0   0   0   0   0
F40_1    0    0   0   0   0   0   0   0   0   0   0   0   0   0   0   0   0   0
F40_2    0    0   0   0   0   0   0   0   0   0   0   0   0   0   0   0   0   0
F40_3    0    0   0   0   0   0   0   0   0   0   0   0   0   0   0   0   0   0
F41      0    0   0   0   0   0   0   0   0   0   0   0   0   0   0   0   0   0
F41_1    0    0   0   0   0   0   0   0   0   0   0   0   0   0   0   0   0   0
F41_2    0    0   0   0   0   0   0   0   0   0   0   0   0   0   0   0   0   0
F41_3    0    0   0   0   0   0   0   0   0   0   0   0   0   0   0   0   0   0
F42      0    0   0   0   0   0   0   0   0   0   0   0   0   0   0   0   0   0
F42_1    0    0   0   0   0   0   0   0   0   0   0   0   0   0   0   0   0   0
F42_2    0    0   0   0   0   0   0   0   0   0   0   0   0   0   0   0   0   0
F42_3    0    0   0   0   0   0   0   0   0   0   0   0   0   0   0   0   0   0
F43      0    0   0   0   0   0   0   0   0   0   0   0   0   0   0   0   0   0
F43_1    0    0   0   0   0   0   0   0   0   0   0   0   0   0   0   0   0   0
F43_2    0    0   0   0   0   0   0   0   0   0   0   0   0   0   0   0   0   0
F43_3    0    0   0   0   0   0   0   0   0   0   0   0   0   0   0   0   0   0
F44      0    0   0   0   0   0   0   0   0   0   0   0   0   0   0   0   0   0
F44_1    0    0   0   0   0   0   0   0   0   0   0   0   0   0   0   0   0   0
F44_2    0    0   0   0   0   0   0   0   0   0   0   0   0   0   0   0   0   0
F44_3    0    0   0   0   0   0   0   0   0   0   0   0   0   0   0   0   0   0
F45      0    0   0   0   0   0   0   0   0   0   0   0   0   0   0   0   0   0
F45_1    0    0   0   0   0   0   0   0   0   0   0   0   0   0   0   0   0   0
F45_2    0    0   0   0   0   0   0   0   0   0   0   0   0   0   0   0   0   0
F45_3    0    0   0   0   0   0   0   0   0   0   0   0   0   0   0   0   0   0
F46      0    0   0   0   0   0   0   0   0   0   0   0   0   0   0   0   0   0
F46_1    0    0   0   0   0   0   0   0   0   0   0   0   0   0   0   0   0   0
F46_2    0    0   0   0   0   0   0   0   0   0   0   0   0   0   0   0   0   0
F46_3    0    0   0   0   0   0   0   0   0   0   0   0   0   0   0   0   0   0
N0       0    0   0   0   0   0   0   0   0   0   0   0   1   0   0   0   0   0
Nσ       0    0   0   0   0   0   0   0   0   0   0   0   0   0   0   0   0   0

# $1 = F33_1
# $2 = F33_2
# $3 = F33_3
# $5 = F34_1
# $6 = F34_2
# $7 = F34_3
# $10 = F35_2
# $13 = F36_1
:      $1  $2  $3 F34  $5  $6  $7     F35       F35_1   $10    F35_3   F36 $13 :=
C1      0   0   0   0   0   0   0   0          0          0   0          0   0
C10     0   0   0   0   0   0   0   0          0          0   0          0   0
C11     0   0   0   0   0   0   0   0          0          0   0          0   0
C12     0   0   0   0   0   0   0   0          0          0   0          0   0
C13     0   0   0   0   0   0   0   0          0          0   0          0   0
C14     0   0   0   0   0   0   0   0          0          0   0          0   0
C15     0   0   0   0   0   0   0   0.999999   0          0   0          0   0
C16     0   0   0   0   0   0   0   0          0          0   0          0   0
C17     0   0   0   0   0   0   0   0          0          0   0          0   0
C18     0   0   0   0   0   0   0   0          0          0   0          0   0
C19     0   0   0   0   0   0   0   0          0          0   0          0   0
C2      0   0   0   0   0   0   0   0          0          0   0          0   0
C20     0   0   0   0   0   0   0   0          0          0   0          0   0
C21     0   0   0   0   0   0   0   0          0          0   0          0   0
C22     0   0   0   0   0   0   0   0          0          0   0          0   0
C23     0   0   0   0   0   0   0   0          0          0   0          0   0
C24     0   0   0   0   0   0   0   0          0          0   0          0   0
C25     0   0   0   0   0   0   0   0          0          0   0          0   0
C3      0   0   0   0   0   0   0   0          0          0   0          0   0
C4      0   0   0   0   0   0   0   0          0          0   0          0   0
C5      0   0   0   0   0   0   0   0          0          0   0          0   0
C6      0   0   0   0   0   0   0   0          0          0   0          0   0
C7      0   0   0   0   0   0   0   0          0          0   0          0   0
C8      0   0   0   0   0   0   0   0          0          0   0          0   0
C9      0   0   0   0   0   0   0   0          0          0   0          0   0
F26     0   0   0   0   0   0   0   0          0          0   0          0   0
F26_1   0   0   0   0   0   0   0   0          0          0   0          0   0
F26_2   0   0   0   0   0   0   0   0          0          0   0          0   0
F26_3   0   0   0   0   0   0   0   0          0          0   0          0   0
F27     0   0   0   0   0   0   0   0          0          0   0          0   0
F27_1   0   0   0   0   0   0   0   0          0          0   0          0   0
F27_2   0   0   0   0   0   0   0   0          0          0   0          0   0
F27_3   0   0   0   0   0   0   0   0          0          0   0          0   0
F28     0   0   0   0   0   0   0   0          0          0   0          0   0
F28_1   0   0   0   0   0   0   0   0          0          0   0          0   0
F28_2   0   0   0   0   0   0   0   0          0          0   0          0   0
F28_3   0   0   0   0   0   0   0   0          0          0   0          0   0
F29     0   0   0   0   0   0   0   0          0          0   0          0   0
F29_1   0   0   0   0   0   0   0   0          0          0   0          0   0
F29_2   0   0   0   0   0   0   0   0          0          0   0          0   0
F29_3   0   0   0   0   0   0   0   0          0          0   0          0   0
F30     0   0   0   0   0   0   0   0          0          0   0          0   0
F30_1   0   0   0   0   0   0   0   0          0          0   0          0   0
F30_2   0   0   0   0   0   0   0   0          0          0   0          0   0
F30_3   0   0   0   0   0   0   0   0          0          0   0          0   0
F31     0   0   0   0   0   0   0   0          0          0   0          0   0
F31_1   0   0   0   0   0   0   0   0          0          0   0          0   0
F31_2   0   0   0   0   0   0   0   0          0          0   0          0   0
F31_3   0   0   0   0   0   0   0   0          0          0   0          0   0
F32     0   0   0   0   0   0   0   0          0          0   0          0   0
F32_1   0   0   0   0   0   0   0   0          0          0   0          0   0
F32_2   0   0   0   0   0   0   0   0          0          0   0          0   0
F32_3   0   0   0   0   0   0   0   0          0          0   0          0   0
F33     0   0   0   0   0   0   0   0          0          0   0          0   0
F33_1   .   0   0   0   0   0   0   0          0          0   0          0   0
F33_2   0   .   0   0   0   0   0   0          0          0   0          0   0
F33_3   0   0   .   0   0   0   0   0          0          0   0          0   0
F34     0   0   0   .   0   0   0   0          0          0   0          0   0
F34_1   0   0   0   0   .   0   0   0          0          0   0          0   0
F34_2   0   0   0   0   0   .   0   0          0          0   0          0   0
F34_3   0   0   0   0   0   0   .   0          0          0   0          0   0
F35     0   0   0   0   0   0   0    .         0          0   0.999999   0   0
F35_1   0   0   0   0   0   0   0   0           .         1   0          0   0
F35_2   0   0   0   0   0   0   0   0          0          .   0          0   0
F35_3   0   0   0   0   0   0   0   0          0.999999   0    .         0   0
F36     0   0   0   0   0   0   0   0          0          0   0          .   0
F36_1   0   0   0   0   0   0   0   0          0          0   0          0   .
F36_2   0   0   0   0   0   0   0   0          0          0   0          0   0
F36_3   0   0   0   0   0   0   0   0          0          0   0          0   0
F37     0   0   0   0   0   0   0   0          0          0   0          0   0
F37_1   0   0   0   0   0   0   0   0          0          0   0          0   0
F37_2   0   0   0   0   0   0   0   0          0          0   0          0   0
F37_3   0   0   0   0   0   0   0   0          0          0   0          0   0
F38     0   0   0   0   0   0   0   0          0          0   0          0   0
F38_1   0   0   0   0   0   0   0   0          0          0   0          0   0
F38_2   0   0   0   0   0   0   0   0          0          0   0          0   0
F38_3   0   0   0   0   0   0   0   0          0          0   0          0   0
F39     0   0   0   0   0   0   0   0          0          0   0          0   0
F39_1   0   0   0   0   0   0   0   0          0          0   0          0   0
F39_2   0   0   0   0   0   0   0   0          0          0   0          0   0
F39_3   0   0   0   0   0   0   0   0          0          0   0          0   0
F40     0   0   0   0   0   0   0   0          0          0   0          0   0
F40_1   0   0   0   0   0   0   0   0          0          0   0          0   0
F40_2   0   0   0   0   0   0   0   0          0          0   0          0   0
F40_3   0   0   0   0   0   0   0   0          0          0   0          0   0
F41     0   0   0   0   0   0   0   0          0          0   0          0   0
F41_1   0   0   0   0   0   0   0   0          0          0   0          0   0
F41_2   0   0   0   0   0   0   0   0          0          0   0          0   0
F41_3   0   0   0   0   0   0   0   0          0          0   0          0   0
F42     0   0   0   0   0   0   0   0          0          0   0          0   0
F42_1   0   0   0   0   0   0   0   0          0          0   0          0   0
F42_2   0   0   0   0   0   0   0   0          0          0   0          0   0
F42_3   0   0   0   0   0   0   0   0          0          0   0          0   0
F43     0   0   0   0   0   0   0   0          0          0   0          0   0
F43_1   0   0   0   0   0   0   0   0          0          0   0          0   0
F43_2   0   0   0   0   0   0   0   0          0          0   0          0   0
F43_3   0   0   0   0   0   0   0   0          0          0   0          0   0
F44     0   0   0   0   0   0   0   0          0          0   0          0   0
F44_1   0   0   0   0   0   0   0   0          0          0   0          0   0
F44_2   0   0   0   0   0   0   0   0          0          0   0          0   0
F44_3   0   0   0   0   0   0   0   0          0          0   0          0   0
F45     0   0   0   0   0   0   0   0          0          0   0          0   0
F45_1   0   0   0   0   0   0   0   0          0          0   0          0   0
F45_2   0   0   0   0   0   0   0   0          0          0   0          0   0
F45_3   0   0   0   0   0   0   0   0          0          0   0          0   0
F46     0   0   0   0   0   0   0   0          0          0   0          0   0
F46_1   0   0   0   0   0   0   0   0          0          0   0          0   0
F46_2   0   0   0   0   0   0   0   0          0          0   0          0   0
F46_3   0   0   0   0   0   0   0   0          0          0   0          0   0
N0      0   0   0   0   0   0   0   0          0          0   0          0   0
Nσ      0   0   0   0   0   0   0   0          0          0   0          0   0

# $2 = F36_3
# $4 = F37_1
# $5 = F37_2
# $6 = F37_3
# $8 = F38_1
# $9 = F38_2
# $10 = F38_3
# $12 = F39_1
# $13 = F39_2
# $14 = F39_3
# $16 = F40_1
# $17 = F40_2
# $18 = F40_3
:     F36_2  $2 F37  $4  $5  $6 F38  $8  $9 $10 F39 $12 $13 $14 F40 $16 $17 $18 :=
C1       0    0   0   0   0   0   0   0   0   0   0   0   0   0   0   0   0   0
C10      0    0   0   0   0   0   0   0   0   0   0   0   0   0   0   0   0   0
C11      0    0   0   0   0   0   0   0   0   0   0   0   0   0   0   0   0   0
C12      0    0   0   0   0   0   0   0   0   0   0   0   0   0   0   0   0   0
C13      0    0   0   0   0   0   0   0   0   0   0   0   0   0   0   0   0   0
C14      0    0   0   0   0   0   0   0   0   0   0   0   0   0   0   0   0   0
C15      0    0   0   0   0   0   0   0   0   0   0   0   0   0   0   0   0   0
C16      0    0   0   0   0   0   0   0   0   0   0   0   0   0   0   0   0   0
C17      0    0   0   0   0   0   0   0   0   0   0   0   0   0   0   0   0   0
C18      0    0   0   0   0   0   0   0   0   0   0   0   0   0   0   0   0   0
C19      0    0   0   0   0   0   0   0   0   0   0   0   0   0   0   0   0   0
C2       0    0   0   0   0   0   0   0   0   0   0   0   0   0   0   0   0   0
C20      0    0   0   0   0   0   0   0   0   0   0   0   0   0   0   0   0   0
C21      0    0   0   0   0   0   0   0   0   0   0   0   0   0   0   0   0   0
C22      0    0   0   0   0   0   0   0   0   0   0   0   0   0   0   0   0   0
C23      0    0   0   0   0   0   0   0   0   0   0   0   0   0   0   0   0   0
C24      0    0   0   0   0   0   0   0   0   0   0   0   0   0   0   0   0   0
C25      0    0   0   0   0   0   0   0   0   0   0   0   0   0   0   0   0   0
C3       0    0   0   0   0   0   0   0   0   0   0   0   0   0   0   0   0   0
C4       0    0   1   0   0   0   0   0   0   0   0   0   0   0   0   0   0   0
C5       0    0   0   0   0   0   0   0   0   0   0   0   0   0   0   0   0   0
C6       0    0   0   0   0   0   0   0   0   0   0   0   0   0   0   0   0   0
C7       0    0   0   0   0   0   0   0   0   0   0   0   0   0   0   0   0   0
C8       0    0   0   0   0   0   0   0   0   0   0   0   0   0   0   0   0   0
C9       0    0   0   0   0   0   0   0   0   0   0   0   0   0   0   0   0   0
F26      0    0   0   0   0   0   0   0   0   0   0   0   0   0   0   0   0   0
F26_1    0    0   0   0   0   0   0   0   0   0   0   0   0   0   0   0   0   0
F26_2    0    0   0   0   0   0   0   0   0   0   0   0   0   0   0   0   0   0
F26_3    0    0   0   0   0   0   0   0   0   0   0   0   0   0   0   0   0   0
F27      0    0   0   0   0   0   0   0   0   0   0   0   0   0   0   0   0   0
F27_1    0    0   0   0   0   0   0   0   0   0   0   0   0   0   0   0   0   0
F27_2    0    0   0   0   0   0   0   0   0   0   0   0   0   0   0   0   0   0
F27_3    0    0   0   0   0   0   0   0   0   0   0   0   0   0   0   0   0   0
F28      0    0   0   0   0   0   0   0   0   0   0   0   0   0   0   0   0   0
F28_1    0    0   0   0   0   0   0   0   0   0   0   0   0   0   0   0   0   0
F28_2    0    0   0   0   0   0   0   0   0   0   0   0   0   0   0   0   0   0
F28_3    0    0   0   0   0   0   0   0   0   0   0   0   0   0   0   0   0   0
F29      0    0   0   0   0   0   0   0   0   0   0   0   0   0   0   0   0   0
F29_1    0    0   0   0   0   0   0   0   0   0   0   0   0   0   0   0   0   0
F29_2    0    0   0   0   0   0   0   0   0   0   0   0   0   0   0   0   0   0
F29_3    0    0   0   0   0   0   0   0   0   0   0   0   0   0   0   0   0   0
F30      0    0   0   0   0   0   0   0   0   0   0   0   0   0   0   0   0   0
F30_1    0    0   0   0   0   0   0   0   0   0   0   0   0   0   0   0   0   0
F30_2    0    0   0   0   0   0   0   0   0   0   0   0   0   0   0   0   0   0
F30_3    0    0   0   0   0   0   0   0   0   0   0   0   0   0   0   0   0   0
F31      0    0   0   0   0   0   0   0   0   0   0   0   0   0   0   0   0   0
F31_1    0    0   0   0   0   0   0   0   0   0   0   0   0   0   0   0   0   0
F31_2    0    0   0   0   0   0   0   0   0   0   0   0   0   0   0   0   0   0
F31_3    0    0   0   0   0   0   0   0   0   0   0   0   0   0   0   0   0   0
F32      0    0   0   0   0   0   0   0   0   0   0   0   0   0   0   0   0   0
F32_1    0    0   0   0   0   0   0   0   0   0   0   0   0   0   0   0   0   0
F32_2    0    0   0   0   0   0   0   0   0   0   0   0   0   0   0   0   0   0
F32_3    0    0   0   0   0   0   0   0   0   0   0   0   0   0   0   0   0   0
F33      0    0   0   0   0   0   0   0   0   0   0   0   0   0   0   0   0   0
F33_1    0    0   0   0   0   0   0   0   0   0   0   0   0   0   0   0   0   0
F33_2    0    0   0   0   0   0   0   0   0   0   0   0   0   0   0   0   0   0
F33_3    0    0   0   0   0   0   0   0   0   0   0   0   0   0   0   0   0   0
F34      0    0   0   0   0   0   0   0   0   0   0   0   0   0   0   0   0   0
F34_1    0    0   0   0   0   0   0   0   0   0   0   0   0   0   0   0   0   0
F34_2    0    0   0   0   0   0   0   0   0   0   0   0   0   0   0   0   0   0
F34_3    0    0   0   0   0   0   0   0   0   0   0   0   0   0   0   0   0   0
F35      0    0   0   0   0   0   0   0   0   0   0   0   0   0   0   0   0   0
F35_1    0    0   0   0   0   0   0   0   0   0   0   0   0   0   0   0   0   0
F35_2    0    0   0   0   0   0   0   0   0   0   0   0   0   0   0   0   0   0
F35_3    0    0   0   0   0   0   0   0   0   0   0   0   0   0   0   0   0   0
F36      0    0   0   0   0   0   0   0   0   0   0   0   0   0   0   0   0   0
F36_1    0    0   0   0   0   0   0   0   0   0   0   0   0   0   0   0   0   0
F36_2    .    0   0   0   0   0   0   0   0   0   0   0   0   0   0   0   0   0
F36_3    0    .   0   0   0   0   0   0   0   0   0   0   0   0   0   0   0   0
F37      0    0   .   0   0   0   0   0   0   0   0   0   0   0   0   0   0   0
F37_1    0    0   0   .   0   0   0   0   0   0   0   0   0   0   0   0   0   0
F37_2    0    0   0   0   .   0   0   0   0   0   0   0   0   0   0   0   0   0
F37_3    0    0   0   0   0   .   0   0   0   0   0   0   0   0   0   0   0   0
F38      0    0   0   0   0   0   .   0   0   0   0   0   0   0   0   0   0   0
F38_1    0    0   0   0   0   0   0   .   0   0   0   0   0   0   0   0   0   0
F38_2    0    0   0   0   0   0   0   0   .   0   0   0   0   0   0   0   0   0
F38_3    0    0   0   0   0   0   0   0   0   .   0   0   0   0   0   0   0   0
F39      0    0   0   0   0   0   0   0   0   0   .   0   0   0   0   0   0   0
F39_1    0    0   0   0   0   0   0   0   0   0   0   .   0   0   0   0   0   0
F39_2    0    0   0   0   0   0   0   0   0   0   0   0   .   0   0   0   0   0
F39_3    0    0   0   0   0   0   0   0   0   0   0   0   0   .   0   0   0   0
F40      0    0   0   0   0   0   0   0   0   0   0   0   0   0   .   0   0   0
F40_1    0    0   0   0   0   0   0   0   0   0   0   0   0   0   0   .   0   0
F40_2    0    0   0   0   0   0   0   0   0   0   0   0   0   0   0   0   .   0
F40_3    0    0   0   0   0   0   0   0   0   0   0   0   0   0   0   0   0   .
F41      0    0   0   0   0   0   0   0   0   0   0   0   0   0   0   0   0   0
F41_1    0    0   0   0   0   0   0   0   0   0   0   0   0   0   0   0   0   0
F41_2    0    0   0   0   0   0   0   0   0   0   0   0   0   0   0   0   0   0
F41_3    0    0   0   0   0   0   0   0   0   0   0   0   0   0   0   0   0   0
F42      0    0   0   0   0   0   0   0   0   0   0   0   0   0   0   0   0   0
F42_1    0    0   0   0   0   0   0   0   0   0   0   0   0   0   0   0   0   0
F42_2    0    0   0   0   0   0   0   0   0   0   0   0   0   0   0   0   0   0
F42_3    0    0   0   0   0   0   0   0   0   0   0   0   0   0   0   0   0   0
F43      0    0   0   0   0   0   0   0   0   0   0   0   0   0   0   0   0   0
F43_1    0    0   0   0   0   0   0   0   0   0   0   0   0   0   0   0   0   0
F43_2    0    0   0   0   0   0   0   0   0   0   0   0   0   0   0   0   0   0
F43_3    0    0   0   0   0   0   0   0   0   0   0   0   0   0   0   0   0   0
F44      0    0   0   0   0   0   0   0   0   0   0   0   0   0   0   0   0   0
F44_1    0    0   0   0   0   0   0   0   0   0   0   0   0   0   0   0   0   0
F44_2    0    0   0   0   0   0   0   0   0   0   0   0   0   0   0   0   0   0
F44_3    0    0   0   0   0   0   0   0   0   0   0   0   0   0   0   0   0   0
F45      0    0   0   0   0   0   0   0   0   0   0   0   0   0   0   0   0   0
F45_1    0    0   0   0   0   0   0   0   0   0   0   0   0   0   0   0   0   0
F45_2    0    0   0   0   0   0   0   0   0   0   0   0   0   0   0   0   0   0
F45_3    0    0   0   0   0   0   0   0   0   0   0   0   0   0   0   0   0   0
F46      0    0   0   0   0   0   0   0   0   0   0   0   0   0   0   0   0   0
F46_1    0    0   0   0   0   0   0   0   0   0   0   0   0   0   0   0   0   0
F46_2    0    0   0   0   0   0   0   0   0   0   0   0   0   0   0   0   0   0
F46_3    0    0   0   0   0   0   0   0   0   0   0   0   0   0   0   0   0   0
N0       0    0   0   0   0   0   0   0   0   0   0   0   0   0   0   0   0   0
Nσ       0    0   0   0   0   0   0   0   0   0   0   0   0   0   0   0   0   0

# $3 = F41_2
# $4 = F41_3
# $6 = F42_1
# $7 = F42_2
# $8 = F42_3
# $10 = F43_1
# $11 = F43_2
# $12 = F43_3
# $14 = F44_1
# $15 = F44_2
# $16 = F44_3
# $18 = F45_1
:     F41 F41_1  $3  $4 F42  $6  $7  $8 F43 $10 $11 $12 F44 $14 $15 $16 F45 $18 :=
C1      0    0    0   0   0   0   0   0   0   0   0   0   0   0   0   0   0   0
C10     0    0    0   0   0   0   0   0   0   0   0   0   0   0   0   0   0   0
C11     0    0    0   0   0   0   0   0   0   0   0   0   0   0   0   0   0   0
C12     0    0    0   0   0   0   0   0   0   0   0   0   0   0   0   0   0   0
C13     0    0    0   0   0   0   0   0   0   0   0   0   0   0   0   0   0   0
C14     0    0    0   0   0   0   0   0   0   0   0   0   0   0   0   0   0   0
C15     0    0    0   0   0   0   0   0   0   0   0   0   0   0   0   0   0   0
C16     0    0    0   0   0   0   0   0   0   0   0   0   0   0   0   0   0   0
C17     0    0    0   0   0   0   0   0   0   0   0   0   0   0   0   0   0   0
C18     0    0    0   0   0   0   0   0   0   0   0   0   0   0   0   0   0   0
C19     0    0    0   0   0   0   0   0   0   0   0   0   0   0   0   0   0   0
C2      0    0    0   0   0   0   0   0   0   0   0   0   0   0   0   0   0   0
C20     0    0    0   0   0   0   0   0   0   0   0   0   0   0   0   0   0   0
C21     0    0    0   0   0   0   0   0   0   0   0   0   0   0   0   0   0   0
C22     0    0    0   0   0   0   0   0   0   0   0   0   0   0   0   0   0   0
C23     0    0    0   0   0   0   0   0   0   0   0   0   0   0   0   0   0   0
C24     0    0    0   0   0   0   0   0   0   0   0   0   0   0   0   0   0   0
C25     0    0    0   0   0   0   0   0   0   0   0   0   0   0   0   0   0   0
C3      0    0    0   0   0   0   0   0   0   0   0   0   0   0   0   0   0   0
C4      0    0    0   0   0   0   0   0   0   0   0   0   0   0   0   0   0   0
C5      0    0    0   0   0   0   0   0   0   0   0   0   0   0   0   0   0   0
C6      0    0    0   0   0   0   0   0   0   0   0   0   0   0   0   0   0   0
C7      0    0    0   0   0   0   0   0   0   0   0   0   0   0   0   0   0   0
C8      0    0    0   0   0   0   0   0   0   0   0   0   0   0   0   0   0   0
C9      0    0    0   0   0   0   0   0   0   0   0   0   0   0   0   0   0   0
F26     0    0    0   0   0   0   0   0   0   0   0   0   0   0   0   0   0   0
F26_1   0    0    0   0   0   0   0   0   0   0   0   0   0   0   0   0   0   0
F26_2   0    0    0   0   0   0   0   0   0   0   0   0   0   0   0   0   0   0
F26_3   0    0    0   0   0   0   0   0   0   0   0   0   0   0   0   0   0   0
F27     0    0    0   0   0   0   0   0   0   0   0   0   0   0   0   0   0   0
F27_1   0    0    0   0   0   0   0   0   0   0   0   0   0   0   0   0   0   0
F27_2   0    0    0   0   0   0   0   0   0   0   0   0   0   0   0   0   0   0
F27_3   0    0    0   0   0   0   0   0   0   0   0   0   0   0   0   0   0   0
F28     0    0    0   0   0   0   0   0   0   0   0   0   0   0   0   0   0   0
F28_1   0    0    0   0   0   0   0   0   0   0   0   0   0   0   0   0   0   0
F28_2   0    0    0   0   0   0   0   0   0   0   0   0   0   0   0   0   0   0
F28_3   0    0    0   0   0   0   0   0   0   0   0   0   0   0   0   0   0   0
F29     0    0    0   0   0   0   0   0   0   0   0   0   0   0   0   0   0   0
F29_1   0    0    0   0   0   0   0   0   0   0   0   0   0   0   0   0   0   0
F29_2   0    0    0   0   0   0   0   0   0   0   0   0   0   0   0   0   0   0
F29_3   0    0    0   0   0   0   0   0   0   0   0   0   0   0   0   0   0   0
F30     0    0    0   0   0   0   0   0   0   0   0   0   0   0   0   0   0   0
F30_1   0    0    0   0   0   0   0   0   0   0   0   0   0   0   0   0   0   0
F30_2   0    0    0   0   0   0   0   0   0   0   0   0   0   0   0   0   0   0
F30_3   0    0    0   0   0   0   0   0   0   0   0   0   0   0   0   0   0   0
F31     0    0    0   0   0   0   0   0   0   0   0   0   0   0   0   0   0   0
F31_1   0    0    0   0   0   0   0   0   0   0   0   0   0   0   0   0   0   0
F31_2   0    0    0   0   0   0   0   0   0   0   0   0   0   0   0   0   0   0
F31_3   0    0    0   0   0   0   0   0   0   0   0   0   0   0   0   0   0   0
F32     0    0    0   0   0   0   0   0   0   0   0   0   0   0   0   0   0   0
F32_1   0    0    0   0   0   0   0   0   0   0   0   0   0   0   0   0   0   0
F32_2   0    0    0   0   0   0   0   0   0   0   0   0   0   0   0   0   0   0
F32_3   0    0    0   0   0   0   0   0   0   0   0   0   0   0   0   0   0   0
F33     0    0    0   0   0   0   0   0   0   0   0   0   0   0   0   0   0   0
F33_1   0    0    0   0   0   0   0   0   0   0   0   0   0   0   0   0   0   0
F33_2   0    0    0   0   0   0   0   0   0   0   0   0   0   0   0   0   0   0
F33_3   0    0    0   0   0   0   0   0   0   0   0   0   0   0   0   0   0   0
F34     0    0    0   0   0   0   0   0   0   0   0   0   0   0   0   0   0   0
F34_1   0    0    0   0   0   0   0   0   0   0   0   0   0   0   0   0   0   0
F34_2   0    0    0   0   0   0   0   0   0   0   0   0   0   0   0   0   0   0
F34_3   0    0    0   0   0   0   0   0   0   0   0   0   0   0   0   0   0   0
F35     0    0    0   0   0   0   0   0   0   0   0   0   0   0   0   0   0   0
F35_1   0    0    0   0   0   0   0   0   0   0   0   0   0   0   0   0   0   0
F35_2   0    0    0   0   0   0   0   0   0   0   0   0   0   0   0   0   0   0
F35_3   0    0    0   0   0   0   0   0   0   0   0   0   0   0   0   0   0   0
F36     0    0    0   0   0   0   0   0   0   0   0   0   0   0   0   0   0   0
F36_1   0    0    0   0   0   0   0   0   0   0   0   0   0   0   0   0   0   0
F36_2   0    0    0   0   0   0   0   0   0   0   0   0   0   0   0   0   0   0
F36_3   0    0    0   0   0   0   0   0   0   0   0   0   0   0   0   0   0   0
F37     0    0    0   0   0   0   0   0   0   0   0   0   0   0   0   0   0   0
F37_1   0    0    0   0   0   0   0   0   0   0   0   0   0   0   0   0   0   0
F37_2   0    0    0   0   0   0   0   0   0   0   0   0   0   0   0   0   0   0
F37_3   0    0    0   0   0   0   0   0   0   0   0   0   0   0   0   0   0   0
F38     0    0    0   0   0   0   0   0   0   0   0   0   0   0   0   0   0   0
F38_1   0    0    0   0   0   0   0   0   0   0   0   0   0   0   0   0   0   0
F38_2   0    0    0   0   0   0   0   0   0   0   0   0   0   0   0   0   0   0
F38_3   0    0    0   0   0   0   0   0   0   0   0   0   0   0   0   0   0   0
F39     0    0    0   0   0   0   0   0   0   0   0   0   0   0   0   0   0   0
F39_1   0    0    0   0   0   0   0   0   0   0   0   0   0   0   0   0   0   0
F39_2   0    0    0   0   0   0   0   0   0   0   0   0   0   0   0   0   0   0
F39_3   0    0    0   0   0   0   0   0   0   0   0   0   0   0   0   0   0   0
F40     0    0    0   0   0   0   0   0   0   0   0   0   0   0   0   0   0   0
F40_1   0    0    0   0   0   0   0   0   0   0   0   0   0   0   0   0   0   0
F40_2   0    0    0   0   0   0   0   0   0   0   0   0   0   0   0   0   0   0
F40_3   0    0    0   0   0   0   0   0   0   0   0   0   0   0   0   0   0   0
F41     .    0    0   0   0   0   0   0   0   0   0   0   0   0   0   0   0   0
F41_1   0    .    0   0   0   0   0   0   0   0   0   0   0   0   0   0   0   0
F41_2   0    0    .   0   0   0   0   0   0   0   0   0   0   0   0   0   0   0
F41_3   0    0    0   .   0   0   0   0   0   0   0   0   0   0   0   0   0   0
F42     0    0    0   0   .   0   0   0   0   0   0   0   0   0   0   0   0   0
F42_1   0    0    0   0   0   .   0   0   0   0   0   0   0   0   0   0   0   0
F42_2   0    0    0   0   0   0   .   0   0   0   0   0   0   0   0   0   0   0
F42_3   0    0    0   0   0   0   0   .   0   0   0   0   0   0   0   0   0   0
F43     0    0    0   0   0   0   0   0   .   0   0   0   0   0   0   0   0   0
F43_1   0    0    0   0   0   0   0   0   0   .   0   0   0   0   0   0   0   0
F43_2   0    0    0   0   0   0   0   0   0   0   .   0   0   0   0   0   0   0
F43_3   0    0    0   0   0   0   0   0   0   0   0   .   0   0   0   0   0   0
F44     0    0    0   0   0   0   0   0   0   0   0   0   .   0   0   0   0   0
F44_1   0    0    0   0   0   0   0   0   0   0   0   0   0   .   0   0   0   0
F44_2   0    0    0   0   0   0   0   0   0   0   0   0   0   0   .   0   0   0
F44_3   0    0    0   0   0   0   0   0   0   0   0   0   0   0   0   .   0   0
F45     0    0    0   0   0   0   0   0   0   0   0   0   0   0   0   0   .   0
F45_1   0    0    0   0   0   0   0   0   0   0   0   0   0   0   0   0   0   .
F45_2   0    0    0   0   0   0   0   0   0   0   0   0   0   0   0   0   0   0
F45_3   0    0    0   0   0   0   0   0   0   0   0   0   0   0   0   0   0   0
F46     0    0    0   0   0   0   0   0   0   0   0   0   0   0   0   0   0   0
F46_1   0    0    0   0   0   0   0   0   0   0   0   0   0   0   0   0   0   0
F46_2   0    0    0   0   0   0   0   0   0   0   0   0   0   0   0   0   0   0
F46_3   0    0    0   0   0   0   0   0   0   0   0   0   0   0   0   0   0   0
N0      0    0    0   0   0   0   0   0   0   0   0   0   0   0   0   0   0   0
Nσ      0    0    0   0   0   0   0   0   0   0   0   0   0   0   0   0   0   0

:     F45_2 F45_3 F46 F46_1 F46_2 F46_3  N0  Nσ    :=
C1       0     0    0    0     0     0    0   0
C10      0     0    0    0     0     0    0   1
C11      0     0    0    0     0     0    0   0
C12      0     0    0    0     0     0    0   0
C13      0     0    0    0     0     0    0   0
C14      0     0    0    0     0     0    0   0
C15      0     0    0    0     0     0    0   0
C16      0     0    0    0     0     0    0   0
C17      0     0    0    0     0     0    0   1
C18      0     0    0    0     0     0    0   0
C19      0     0    0    0     0     0    0   0
C2       0     0    0    0     0     0    0   1
C20      0     0    0    0     0     0    0   0
C21      0     0    0    0     0     0    0   0
C22      0     0    0    0     0     0    0   1
C23      0     0    0    0     0     0    0   1
C24      0     0    0    0     0     0    0   0
C25      0     0    0    0     0     0    0   0
C3       0     0    0    0     0     0    0   0
C4       0     0    0    0     0     0    0   0
C5       0     0    0    0     0     0    0   0
C6       0     0    0    0     0     0    0   1
C7       0     0    0    0     0     0    0   0
C8       0     0    0    0     0     0    0   1
C9       0     0    0    0     0     0    0   1
F26      0     0    0    0     0     0    0   0
F26_1    0     0    0    0     0     0    0   0
F26_2    0     0    0    0     0     0    0   0
F26_3    0     0    0    0     0     0    0   0
F27      0     0    0    0     0     0    0   0
F27_1    0     0    0    0     0     0    0   0
F27_2    0     0    0    0     0     0    0   0
F27_3    0     0    0    0     0     0    0   0
F28      0     0    0    0     0     0    0   0
F28_1    0     0    0    0     0     0    0   0
F28_2    0     0    0    0     0     0    0   0
F28_3    0     0    0    0     0     0    0   0
F29      0     0    0    0     0     0    0   0
F29_1    0     0    0    0     0     0    0   0
F29_2    0     0    0    0     0     0    0   0
F29_3    0     0    0    0     0     0    0   0
F30      0     0    0    0     0     0    0   0
F30_1    0     0    0    0     0     0    0   0
F30_2    0     0    0    0     0     0    0   0
F30_3    0     0    0    0     0     0    0   0
F31      0     0    0    0     0     0    0   0
F31_1    0     0    0    0     0     0    0   0
F31_2    0     0    0    0     0     0    0   0
F31_3    0     0    0    0     0     0    0   0
F32      0     0    0    0     0     0    0   0
F32_1    0     0    0    0     0     0    0   0
F32_2    0     0    0    0     0     0    0   0
F32_3    0     0    0    0     0     0    0   0
F33      0     0    0    0     0     0    0   0
F33_1    0     0    0    0     0     0    0   0
F33_2    0     0    0    0     0     0    0   0
F33_3    0     0    0    0     0     0    0   0
F34      0     0    0    0     0     0    0   0
F34_1    0     0    0    0     0     0    0   0
F34_2    0     0    0    0     0     0    0   0
F34_3    0     0    0    0     0     0    0   0
F35      0     0    0    0     0     0    0   0
F35_1    0     0    0    0     0     0    0   0
F35_2    0     0    0    0     0     0    0   0
F35_3    0     0    0    0     0     0    0   0
F36      0     0    0    0     0     0    0   0
F36_1    0     0    0    0     0     0    0   0
F36_2    0     0    0    0     0     0    0   0
F36_3    0     0    0    0     0     0    0   0
F37      0     0    0    0     0     0    0   0
F37_1    0     0    0    0     0     0    0   0
F37_2    0     0    0    0     0     0    0   0
F37_3    0     0    0    0     0     0    0   0
F38      0     0    0    0     0     0    0   0
F38_1    0     0    0    0     0     0    0   0
F38_2    0     0    0    0     0     0    0   0
F38_3    0     0    0    0     0     0    0   0
F39      0     0    0    0     0     0    0   0
F39_1    0     0    0    0     0     0    0   0
F39_2    0     0    0    0     0     0    0   0
F39_3    0     0    0    0     0     0    0   0
F40      0     0    0    0     0     0    0   0
F40_1    0     0    0    0     0     0    0   0
F40_2    0     0    0    0     0     0    0   0
F40_3    0     0    0    0     0     0    0   0
F41      0     0    0    0     0     0    0   0
F41_1    0     0    0    0     0     0    0   0
F41_2    0     0    0    0     0     0    0   0
F41_3    0     0    0    0     0     0    0   0
F42      0     0    0    0     0     0    0   0
F42_1    0     0    0    0     0     0    0   0
F42_2    0     0    0    0     0     0    0   0
F42_3    0     0    0    0     0     0    0   0
F43      0     0    0    0     0     0    0   0
F43_1    0     0    0    0     0     0    0   0
F43_2    0     0    0    0     0     0    0   0
F43_3    0     0    0    0     0     0    0   0
F44      0     0    0    0     0     0    0   0
F44_1    0     0    0    0     0     0    0   0
F44_2    0     0    0    0     0     0    0   0
F44_3    0     0    0    0     0     0    0   0
F45      0     0    0    0     0     0    0   0
F45_1    0     0    0    0     0     0    0   0
F45_2    .     0    0    0     0     0    0   0
F45_3    0     .    0    0     0     0    0   0
F46      0     0    .    0     0     0    0   0
F46_1    0     0    0    .     0     0    0   0
F46_2    0     0    0    0     .     0    0   0
F46_3    0     0    0    0     0     .    0   0
N0       0     0    0    0     0     0    .   0
Nσ       0     0    0    0     0     0    0   .
;

sum{i in D0, j in Vplun} x[i,j] = 8

sum{i in Vall, j in Vall: i != j} x[i,j]*t[i,j] = 540.976

sum{i in F} z[i]*R[i] = 68.2165

sum{i in F, j in Vplunend: i != j} y[i]*x[i,j] = 0

a [*] :=
   C1  31.6228   F26_3 230        F33_3   0        F40_3   0
  C10  83          F27  69.9558     F34 106.604      F41   0
  C11 111.029    F27_1 230        F34_1 230        F41_1 230
  C12  14.8661   F27_2 230        F34_2 230        F41_2   0
  C13 172.858    F27_3 230        F34_3 230        F41_3   0
  C14  51.917      F28 128.153      F35  28.0475     F42 230
  C15  15.8114   F28_1  65.806    F35_1  29.2435   F42_1   0
  C16  95        F28_2   0        F35_2  30.4395   F42_2   0
  C17 169        F28_3 230        F35_3  29.2435   F42_3   0
  C18  67.6754     F29  78.0575     F36  65.1018     F43 230
  C19 152.66     F29_1   0        F36_1 230        F43_1   0
   C2 125.501    F29_2  81.6569   F36_2 230        F43_2   0
  C20  80        F29_3 230        F36_3 230        F43_3   0
  C21  18.3848     F30  59.8062     F37 142.81       F44  78.0575
  C22 198        F30_1   0        F37_1 230        F44_1 230
  C23 197        F30_2  53.6228   F37_2   0        F44_2 230
  C24 119.142    F30_3  97.4355   F37_3   0        F44_3 230
  C25  40.3903     F31 138.228      F38 230          F45  87.2306
   C3 145.847    F31_1 230        F38_1 150.597    F45_1 230
   C4  93        F31_2   0        F38_2 150.597    F45_2 230
   C5 167        F31_3  24.7386   F38_3 150.597    F45_3   0
   C6 136.213      F32  70.0949     F39  58.3872     F46 130.795
   C7  50.3953   F32_1  50.2462   F39_1   0        F46_1 230
   C8  84        F32_2  50.2462   F39_2   0        F46_2 230
   C9 189.649    F32_3 202.28     F39_3 230        F46_3 230
  F26  25.4439     F33  70.7671     F40 230           N0   0
F26_1 230        F33_1 230        F40_1   0           Nσ 230
F26_2 230        F33_2 230        F40_2   0
;

u [*] :=
   C1 200      C4 198   F29_1 200     F34 200   F38_3 200   F43_2 200
  C10 161      C5 200   F29_2 200   F34_1 200     F39 161   F43_3 200
  C11 200      C6 162   F29_3 200   F34_2 200   F39_1 200     F44 200
  C12 200      C7 183     F30 200   F34_3 200   F39_2 161   F44_1 200
  C13 183      C8 123   F30_1 123     F35 183   F39_3 200   F44_2 200
  C14 200      C9 198   F30_2 191   F35_1 183     F40 200   F44_3 200
  C15 200     F26 200   F30_3 191   F35_2 183   F40_1 200     F45 200
  C16 200   F26_1 200     F31 200   F35_3 183   F40_2 200   F45_1 200
  C17 184   F26_2 200   F31_1 200     F36 200   F40_3 200   F45_2 200
  C18 128   F26_3 200   F31_2 123   F36_1 200     F41 123   F45_3 200
  C19 191     F27 200   F31_3 200   F36_2 200   F41_1 123     F46 200
   C2 190   F27_1 200     F32 200   F36_3 200   F41_2 200   F46_1 200
  C20 194   F27_2 200   F32_1 200     F37 182   F41_3 123   F46_2 200
  C21 200   F27_3 200   F32_2 200   F37_1 200     F42 200   F46_3 200
  C22 182     F28 200   F32_3 123   F37_2 200   F42_1 200      N0 200
  C23 169   F28_1 200     F33 123   F37_3 200   F42_2 200      Nσ   0
  C24 181   F28_2 200   F33_1 200     F38 200   F42_3 200
  C25 180   F28_3 200   F33_2 123   F38_1 200     F43 200
   C3 191     F29 200   F33_3 123   F38_2 200   F43_1 200
;

v [*] :=
   C1 30.5172      C8 19.2354   F31_1  0          F37  2.2207   F42_3  0
  C10 20.0878      C9 19.0771   F31_2 62.14     F37_1 62.14       F43  0
  C11 36.7211     F26 62.14     F31_3 37.4014   F37_2 62.14     F43_1 62.14
  C12 47.2739   F26_1 62.14       F32 62.14     F37_3  0        F43_2 62.14
  C13 36.5028   F26_2 62.14     F32_1  0          F38  0        F43_3 62.14
  C14 49.9745   F26_3 62.14     F32_2  0        F38_1 62.14       F44 62.14
  C15 46.3286     F27 62.14     F32_3 62.14     F38_2  0        F44_1 62.14
  C16 50.9597   F27_1 62.14       F33  0        F38_3 62.14     F44_2 62.14
  C17 11.1803   F27_2 62.14     F33_1 62.14       F39  0        F44_3  0
  C18 25.56     F27_3 62.14     F33_2 62.14     F39_1  0          F45  0
  C19 46.7008     F28 62.14     F33_3  0        F39_2  0        F45_1 62.14
   C2 32.249    F28_1  0          F34  0        F39_3  0        F45_2 62.14
  C20 30.6207   F28_2 62.14     F34_1 62.14       F40 16.2745   F45_3 62.14
  C21 43.7552   F28_3 62.14     F34_2 62.14     F40_1  0          F46 62.14
  C22 20.2485     F29  0        F34_3  0        F40_2 62.14     F46_1  0
  C23 22.3607   F29_1  0          F35 44.0925   F40_3  0        F46_2 62.14
  C24 18.2514   F29_2  0        F35_1 44.0926     F41 62.14     F46_3  0
  C25 31.7497   F29_3  0        F35_2 44.9231   F41_1 62.14        N0 62.14
   C3 35.6954     F30 62.14     F35_3 44.0926   F41_2 62.14        Nσ  0
   C4 19.7136   F30_1 62.14       F36 62.14     F41_3 62.14
   C5 31.7262   F30_2 18.5172   F36_1  0          F42  0
   C6 11.1803   F30_3 18.5172   F36_2  0        F42_1  0
   C7 32.8401     F31  0        F36_3 62.14     F42_2  0
;

y [*] :=
  F26 0   F28_3 0   F31_2 0   F34_1 0     F37 0   F39_3 0   F42_2 0   F45_1 0
F26_1 0     F29 0   F31_3 0   F34_2 0   F37_1 0     F40 0   F42_3 0   F45_2 0
F26_2 0   F29_1 0     F32 0   F34_3 0   F37_2 0   F40_1 0     F43 0   F45_3 0
F26_3 0   F29_2 0   F32_1 0     F35 0   F37_3 0   F40_2 0   F43_1 0     F46 0
  F27 0   F29_3 0   F32_2 0   F35_1 0     F38 0   F40_3 0   F43_2 0   F46_1 0
F27_1 0     F30 0   F32_3 0   F35_2 0   F38_1 0     F41 0   F43_3 0   F46_2 0
F27_2 0   F30_1 0     F33 0   F35_3 0   F38_2 0   F41_1 0     F44 0   F46_3 0
F27_3 0   F30_2 0   F33_1 0     F36 0   F38_3 0   F41_2 0   F44_1 0
  F28 0   F30_3 0   F33_2 0   F36_1 0     F39 0   F41_3 0   F44_2 0
F28_1 0     F31 0   F33_3 0   F36_2 0   F39_1 0     F42 0   F44_3 0
F28_2 0   F31_1 0     F34 0   F36_3 0   F39_2 0   F42_1 0     F45 0
;

z [*] :=
  F26 1   F28_3 1   F31_2 1   F34_1 1     F37 1   F39_3 1   F42_2 1   F45_1 1
F26_1 1     F29 1   F31_3 1   F34_2 1   F37_1 1     F40 1   F42_3 1   F45_2 1
F26_2 1   F29_1 1     F32 1   F34_3 1   F37_2 1   F40_1 1     F43 1   F45_3 1
F26_3 1   F29_2 1   F32_1 1     F35 1   F37_3 1   F40_2 1   F43_1 1     F46 1
  F27 1   F29_3 1   F32_2 1   F35_1 1     F38 1   F40_3 1   F43_2 1   F46_1 1
F27_1 1     F30 1   F32_3 1   F35_2 1   F38_1 1     F41 1   F43_3 1   F46_2 1
F27_2 1   F30_1 1     F33 1   F35_3 1   F38_2 1   F41_1 1     F44 1   F46_3 1
F27_3 1   F30_2 1   F33_1 1     F36 1   F38_3 1   F41_2 1   F44_1 1
  F28 1   F30_3 1   F33_2 1   F36_1 1     F39 1   F41_3 1   F44_2 1
F28_1 1     F31 1   F33_3 1   F36_2 1   F39_1 1     F42 1   F44_3 1
F28_2 1   F31_1 1     F34 1   F36_3 1   F39_2 1   F42_1 1     F45 1
;

R [*] :=
  F26  0          F31_1  0          F36_2  0          F41_3  0
F26_1  0          F31_2  0          F36_3  0            F42  0
F26_2  0          F31_3  9.5177       F37 23.6847     F42_1  0
F26_3  0            F32  0          F37_1  0          F42_2  0
  F27  0          F32_1  0          F37_2  0          F42_3  0
F27_1  0          F32_2  0          F37_3  0            F43  0
F27_2  0          F32_3  0            F38  0          F43_1  0
F27_3  0            F33  0          F38_1  0          F43_2  0
  F28  0          F33_1  0          F38_2  0          F43_3  0
F28_1  0          F33_2  0          F38_3  0            F44  0
F28_2  0          F33_3  0            F39  0          F44_1  0
F28_3  0            F34  0          F39_1  0          F44_2  0
  F29  0          F34_1  0          F39_2  0          F44_3  0
F29_1  0          F34_2  0          F39_3  0            F45  0
F29_2  0          F34_3  0            F40  0          F45_1  0
F29_3  0            F35  0          F40_1  0          F45_2  0
  F30  0          F35_1  0.830491   F40_2  0          F45_3  0
F30_1  0          F35_2  0          F40_3  0            F46  0
F30_2  0          F35_3  0            F41  0          F46_1  0
F30_3 34.1836       F36  0          F41_1  0          F46_2  0
  F31  0          F36_1  0          F41_2  0          F46_3  0
;

Y [*] :=
  F26 62.14     F30_1 62.14     F34_2 62.14     F38_3 62.14       F43  0
F26_1 62.14     F30_2 18.5172   F34_3  0          F39  0        F43_1 62.14
F26_2 62.14     F30_3 52.7008     F35 44.0925   F39_1  0        F43_2 62.14
F26_3 62.14       F31  0        F35_1 44.9231   F39_2  0        F43_3 62.14
  F27 62.14     F31_1  0        F35_2 44.9231   F39_3  0          F44 62.14
F27_1 62.14     F31_2 62.14     F35_3 44.0926     F40 16.2745   F44_1 62.14
F27_2 62.14     F31_3 46.9191     F36 62.14     F40_1  0        F44_2 62.14
F27_3 62.14       F32 62.14     F36_1  0        F40_2 62.14     F44_3  0
  F28 62.14     F32_1  0        F36_2  0        F40_3  0          F45  0
F28_1  0        F32_2  0        F36_3 62.14       F41 62.14     F45_1 62.14
F28_2 62.14     F32_3 62.14       F37 25.9054   F41_1 62.14     F45_2 62.14
F28_3 62.14       F33  0        F37_1 62.14     F41_2 62.14     F45_3 62.14
  F29  0        F33_1 62.14     F37_2 62.14     F41_3 62.14       F46 62.14
F29_1  0        F33_2 62.14     F37_3  0          F42  0        F46_1  0
F29_2  0        F33_3  0          F38  0        F42_1  0        F46_2 62.14
F29_3  0          F34  0        F38_1 62.14     F42_2  0        F46_3  0
  F30 62.14     F34_1 62.14     F38_2  0        F42_3  0
;

