MIP Gap (%):  74.2075760784664
_solve_elapsed_time = 28800.6

TotalCost = 8507.41

x [*,*]
:      C1 C10 C11 C12 C13 C14 C15 C16 C17 C18 C19  C2 C20 C21 C22 C23 C24 C25 :=
C1      .   0   0   0   0   0   0   0   0   0   0   0   0   0   0   0   0   0
C10     0   .   0   0   0   0   0   0   0   0   0   0   0   0   1   0   0   0
C11     0   0   .   0   0   0   0   0   0   1   0   0   0   0   0   0   0   0
C12     0   0   0   .   0   0   0   0   0   0   0   0   0   0   0   0   0   1
C13     0   0   0   0   .   0   0   0   0   0   0   0   0   0   0   0   0   0
C14     0   0   0   0   0   .   0   0   0   0   0   0   0   0   0   0   0   0
C15     0   0   0   0   0   0   .   0   0   0   0   0   0   0   0   0   0   0
C16     0   0   0   0   0   0   0   .   0   0   0   0   0   0   0   0   0   0
C17     0   0   0   0   0   0   0   0   .   0   0   0   0   1   0   0   0   0
C18     0   0   0   0   0   0   0   0   0   .   0   0   0   0   0   0   0   0
C19     0   0   0   0   0   0   0   0   0   0   .   0   0   0   0   0   0   0
C2      0   0   1   0   0   0   0   0   0   0   0   .   0   0   0   0   0   0
C20     0   0   0   0   0   0   1   0   0   0   0   0   .   0   0   0   0   0
C21     0   0   0   0   1   0   0   0   0   0   0   0   0   .   0   0   0   0
C22     0   0   0   0   0   0   0   1   0   0   0   0   0   0   .   0   0   0
C23     0   0   0   0   0   0   0   0   0   0   0   0   0   0   0   .   0   0
C24     0   0   0   0   0   0   0   0   0   0   0   0   0   0   0   0   .   0
C25     0   0   0   0   0   0   0   0   0   0   0   0   0   0   0   0   0   .
C3      0   0   0   0   0   0   0   0   0   0   0   0   0   0   0   0   0   0
C4      0   0   0   0   0   0   0   0   0   0   0   0   0   0   0   0   0   0
C5      0   0   0   0   0   0   0   0   0   0   0   0   0   0   0   0   0   0
C6      0   0   0   0   0   0   0   0   0   0   0   0   0   0   0   0   0   0
C7      0   0   0   0   0   0   0   0   0   0   0   0   0   0   0   0   0   0
C8      0   0   0   0   0   0   0   0   0   0   1   0   0   0   0   0   0   0
C9      0   0   0   0   0   0   0   0   0   0   0   0   0   0   0   0   1   0
F26     0   0   0   0   0   0   0   0   0   0   0   0   0   0   0   0   0   0
F26_1   0   0   0   0   0   0   0   0   0   0   0   0   0   0   0   0   0   0
F26_2   0   0   0   0   0   0   0   0   0   0   0   0   0   0   0   0   0   0
F26_3   0   0   0   0   0   0   0   0   0   0   0   0   0   0   0   0   0   0
F27     0   0   0   0   0   0   0   0   0   0   0   0   0   0   0   0   0   0
F27_1   0   0   0   0   0   0   0   0   0   0   0   0   0   0   0   0   0   0
F27_2   0   0   0   0   0   0   0   0   0   0   0   0   0   0   0   0   0   0
F27_3   0   0   0   0   0   0   0   0   0   0   0   0   0   0   0   0   0   0
F28     0   0   0   0   0   0   0   0   0   0   0   0   0   0   0   0   0   0
F28_1   0   0   0   0   0   0   0   0   0   0   0   0   0   0   0   0   0   0
F28_2   0   0   0   0   0   0   0   0   0   0   0   0   0   0   0   0   0   0
F28_3   0   0   0   0   0   0   0   0   0   0   0   0   0   0   0   0   0   0
F29     0   0   0   0   0   0   0   0   0   0   0   0   0   0   0   0   0   0
F29_1   0   0   0   0   0   0   0   0   0   0   0   0   0   0   0   0   0   0
F29_2   0   0   0   0   0   0   0   0   0   0   0   0   0   0   0   0   0   0
F29_3   0   0   0   0   0   0   0   0   0   0   0   0   0   0   0   0   0   0
F30     0   0   0   0   0   0   0   0   0   0   0   0   0   0   0   0   0   0
F30_1   0   0   0   0   0   0   0   0   0   0   0   0   0   0   0   0   0   0
F30_2   0   0   0   0   0   0   0   0   0   0   0   0   0   0   0   0   0   0
F30_3   0   0   0   0   0   0   0   0   0   0   0   0   0   0   0   0   0   0
F31     0   0   0   0   0   0   0   0   0   0   0   0   0   0   0   0   0   0
F31_1   0   0   0   0   0   0   0   0   0   0   0   0   0   0   0   0   0   0
F31_2   0   0   0   0   0   0   0   0   0   0   0   0   0   0   0   0   0   0
F31_3   0   0   0   0   0   0   0   0   0   0   0   0   0   0   0   0   0   0
F32     0   0   0   0   0   0   0   0   0   0   0   0   0   0   0   0   0   0
F32_1   0   0   0   0   0   0   0   0   0   0   0   0   0   0   0   0   0   0
F32_2   0   0   0   0   0   0   0   0   0   0   0   0   0   0   0   0   0   0
F32_3   0   0   0   0   0   0   0   0   0   0   0   0   0   0   0   0   0   0
F33     0   0   0   0   0   0   0   0   0   0   0   0   0   0   0   0   0   0
F33_1   0   0   0   0   0   0   0   0   0   0   0   0   0   0   0   0   0   0
F33_2   0   0   0   0   0   0   0   0   0   0   0   0   0   0   0   0   0   0
F33_3   0   0   0   0   0   0   0   0   0   0   0   0   0   0   0   0   0   0
F34     0   0   0   0   0   0   0   0   0   0   0   0   0   0   0   0   0   0
F34_1   0   0   0   0   0   0   0   0   0   0   0   0   0   0   0   0   0   0
F34_2   0   0   0   0   0   0   0   0   0   0   0   0   0   0   0   0   0   0
F34_3   0   0   0   0   0   0   0   0   0   0   0   0   0   0   0   0   0   0
F35     0   0   0   0   0   0   0   0   0   0   0   0   0   0   0   0   0   0
F35_1   0   0   0   0   0   0   0   0   0   0   0   0   0   0   0   0   0   0
F35_2   0   0   0   0   0   0   0   0   0   0   0   0   0   0   0   0   0   0
F35_3   0   0   0   0   0   0   0   0   0   0   0   0   0   0   0   0   0   0
F36     0   0   0   0   0   0   0   0   0   0   0   0   0   0   0   0   0   0
F36_1   0   0   0   0   0   0   0   0   0   0   0   0   0   0   0   0   0   0
F36_2   0   0   0   0   0   0   0   0   0   0   0   0   0   0   0   0   0   0
F36_3   0   0   0   0   0   0   0   0   0   0   0   0   0   0   0   0   0   0
F37     0   0   0   0   0   0   0   0   0   0   0   0   0   0   0   0   0   0
F37_1   0   0   0   0   0   0   0   0   0   0   0   0   0   0   0   0   0   0
F37_2   0   0   0   0   0   0   0   0   0   0   0   0   0   0   0   0   0   0
F37_3   0   0   0   0   0   0   0   0   0   0   0   0   0   0   0   0   0   0
F38     0   0   0   0   0   0   0   0   0   0   0   0   0   0   0   0   0   0
F38_1   0   0   0   0   0   0   0   0   0   0   0   0   0   0   0   0   0   0
F38_2   0   0   0   0   0   0   0   0   0   0   0   0   0   0   0   0   0   0
F38_3   0   0   0   0   0   0   0   0   0   0   0   0   0   0   0   0   0   0
F39     0   0   0   0   0   0   0   0   0   0   0   0   0   0   0   0   0   0
F39_1   0   0   0   0   0   0   0   0   0   0   0   0   0   0   0   0   0   0
F39_2   0   0   0   0   0   0   0   0   0   0   0   0   0   0   0   0   0   0
F39_3   0   0   0   0   0   0   0   0   0   0   0   0   0   0   0   0   0   0
F40     0   0   0   0   0   0   0   0   0   0   0   0   0   0   0   0   0   0
F40_1   0   0   0   0   0   0   0   0   0   0   0   0   0   0   0   0   0   0
F40_2   0   0   0   0   0   0   0   0   0   0   0   0   0   0   0   0   0   0
F40_3   0   0   0   0   0   0   0   0   0   0   0   0   0   0   0   0   0   0
F41     0   0   0   0   0   0   0   0   0   0   0   0   0   0   0   0   0   0
F41_1   0   0   0   0   0   0   0   0   0   0   0   0   0   0   0   0   0   0
F41_2   0   0   0   0   0   0   0   0   0   0   0   0   0   0   0   0   0   0
F41_3   0   0   0   0   0   0   0   0   0   0   0   0   0   0   0   0   0   0
F42     0   0   0   0   0   0   0   0   0   0   0   0   0   0   0   0   0   0
F42_1   0   0   0   0   0   0   0   0   0   0   0   0   0   0   0   0   0   0
F42_2   0   0   0   0   0   0   0   0   0   0   0   0   0   0   0   0   0   0
F42_3   0   0   0   0   0   0   0   0   0   0   0   0   0   0   0   0   0   0
F43     0   0   0   0   0   0   0   0   0   0   0   0   0   0   0   0   0   0
F43_1   0   0   0   0   0   0   0   0   0   0   0   0   0   0   0   0   0   0
F43_2   0   0   0   0   0   0   0   0   0   0   0   0   0   0   0   0   0   0
F43_3   0   0   0   0   0   0   0   0   0   0   0   0   0   0   0   0   0   0
F44     0   0   0   0   0   0   0   0   0   0   0   0   0   0   0   0   0   0
F44_1   0   0   0   0   0   0   0   0   0   0   0   0   0   0   0   0   0   0
F44_2   0   0   0   0   0   0   0   0   0   0   0   0   0   0   0   0   0   0
F44_3   0   0   0   0   0   0   0   0   0   0   0   0   0   0   0   0   0   0
F45     0   0   0   0   0   0   0   0   0   0   0   0   0   0   0   1   0   0
F45_1   0   0   0   0   0   0   0   0   0   0   0   0   0   0   0   0   0   0
F45_2   0   0   0   0   0   0   0   0   0   0   0   0   0   0   0   0   0   0
F45_3   0   0   0   0   0   0   0   0   0   0   0   0   0   0   0   0   0   0
F46     0   0   0   0   0   0   0   0   0   0   0   0   0   0   0   0   0   0
F46_1   0   0   0   0   0   0   0   0   0   0   0   0   0   0   0   0   0   0
F46_2   0   0   0   0   0   0   0   0   0   0   0   0   0   0   0   0   0   0
F46_3   0   0   0   0   0   0   0   0   0   0   0   0   0   0   0   0   0   0
N0      1   1   0   1   0   1   0   0   1   0   0   1   1   0   0   0   0   0
Nσ      0   0   0   0   0   0   0   0   0   0   0   0   0   0   0   0   0   0

# $10 = F26_2
# $11 = F26_3
# $13 = F27_1
# $14 = F27_2
# $15 = F27_3
# $17 = F28_1
# $18 = F28_2
:      C3  C4  C5  C6  C7  C8  C9 F26 F26_1 $10 $11 F27 $13 $14 $15 F28 $17 $18 :=
C1      0   0   0   0   0   0   0   0    0    0   0   0   0   0   0   0   0   0
C10     0   0   0   0   0   0   0   0    0    0   0   0   0   0   0   0   0   0
C11     0   0   0   0   0   0   0   0    0    0   0   0   0   0   0   0   0   0
C12     0   0   0   0   0   0   0   0    0    0   0   0   0   0   0   0   0   0
C13     0   0   0   0   1   0   0   0    0    0   0   0   0   0   0   0   0   0
C14     0   0   0   0   0   0   0   0    0    0   1   0   0   0   0   0   0   0
C15     0   1   0   0   0   0   0   0    0    0   0   0   0   0   0   0   0   0
C16     0   0   0   0   0   0   0   0    0    0   0   0   0   0   0   0   0   0
C17     0   0   0   0   0   0   0   0    0    0   0   0   0   0   0   0   0   0
C18     0   0   0   0   0   0   0   0    0    0   0   0   0   0   0   0   0   0
C19     0   0   0   0   0   0   0   0    0    0   0   0   0   0   0   0   0   0
C2      0   0   0   0   0   0   0   0    0    0   0   0   0   0   0   0   0   0
C20     0   0   0   0   0   0   0   0    0    0   0   0   0   0   0   0   0   0
C21     0   0   0   0   0   0   0   0    0    0   0   0   0   0   0   0   0   0
C22     0   0   0   0   0   0   0   0    0    0   0   0   0   0   0   0   0   0
C23     0   0   0   0   0   0   0   0    0    0   0   0   0   0   0   0   0   0
C24     0   0   0   0   0   0   0   1    0    0   0   0   0   0   0   0   0   0
C25     0   0   0   0   0   0   0   0    0    0   0   0   0   0   0   0   0   0
C3      .   0   0   1   0   0   0   0    0    0   0   0   0   0   0   0   0   0
C4      0   .   0   0   0   0   1   0    0    0   0   0   0   0   0   0   0   0
C5      0   0   .   0   0   0   0   0    0    0   0   0   0   0   0   0   0   0
C6      0   0   0   .   0   1   0   0    0    0   0   0   0   0   0   0   0   0
C7      0   0   1   0   .   0   0   0    0    0   0   0   0   0   0   0   0   0
C8      0   0   0   0   0   .   0   0    0    0   0   0   0   0   0   0   0   0
C9      0   0   0   0   0   0   .   0    0    0   0   0   0   0   0   0   0   0
F26     0   0   0   0   0   0   0   .    0    0   0   0   0   0   0   0   0   0
F26_1   0   0   0   0   0   0   0   0    .    0   0   0   0   0   0   0   0   0
F26_2   0   0   0   0   0   0   0   0    0    .   0   0   0   0   0   0   0   0
F26_3   0   0   0   0   0   0   0   0    0    1   .   0   0   0   0   0   0   0
F27     0   0   0   0   0   0   0   0    0    0   0   .   0   0   0   0   0   0
F27_1   0   0   0   0   0   0   0   0    0    0   0   0   .   0   0   0   0   0
F27_2   0   0   0   0   0   0   0   0    0    0   0   0   0   .   0   0   0   0
F27_3   0   0   0   0   0   0   0   0    0    0   0   0   0   0   .   0   0   0
F28     0   0   0   0   0   0   0   0    0    0   0   0   0   0   0   .   0   0
F28_1   0   0   0   0   0   0   0   0    0    0   0   0   0   0   0   0   .   0
F28_2   0   0   0   0   0   0   0   0    0    0   0   0   0   0   0   0   0   .
F28_3   0   0   0   0   0   0   0   0    0    0   0   0   0   0   0   0   0   0
F29     0   0   0   0   0   0   0   0    0    0   0   0   0   0   0   0   0   0
F29_1   0   0   0   0   0   0   0   0    0    0   0   0   0   0   0   0   0   0
F29_2   1   0   0   0   0   0   0   0    0    0   0   0   0   0   0   0   0   0
F29_3   0   0   0   0   0   0   0   0    0    0   0   0   0   0   0   0   0   0
F30     0   0   0   0   0   0   0   0    0    0   0   0   0   0   0   0   0   0
F30_1   0   0   0   0   0   0   0   0    0    0   0   0   0   0   0   0   0   0
F30_2   0   0   0   0   0   0   0   0    0    0   0   0   0   0   0   0   0   0
F30_3   0   0   0   0   0   0   0   0    0    0   0   0   0   0   0   0   0   0
F31     0   0   0   0   0   0   0   0    0    0   0   0   0   0   0   0   0   0
F31_1   0   0   0   0   0   0   0   0    0    0   0   0   0   0   0   0   0   0
F31_2   0   0   0   0   0   0   0   0    0    0   0   0   0   0   0   0   0   0
F31_3   0   0   0   0   0   0   0   0    0    0   0   0   0   0   0   0   0   0
F32     0   0   0   0   0   0   0   0    0    0   0   0   0   0   0   0   0   0
F32_1   0   0   0   0   0   0   0   0    0    0   0   0   0   0   0   0   0   0
F32_2   0   0   0   0   0   0   0   0    0    0   0   0   0   0   0   0   0   0
F32_3   0   0   0   0   0   0   0   0    0    0   0   0   0   0   0   0   0   0
F33     0   0   0   0   0   0   0   0    0    0   0   0   0   0   0   0   0   0
F33_1   0   0   0   0   0   0   0   0    0    0   0   0   0   0   0   0   0   0
F33_2   0   0   0   0   0   0   0   0    0    0   0   0   0   0   0   0   0   0
F33_3   0   0   0   0   0   0   0   0    0    0   0   0   0   0   0   0   0   0
F34     0   0   0   0   0   0   0   0    0    0   0   0   0   0   0   0   0   0
F34_1   0   0   0   0   0   0   0   0    0    0   0   0   0   0   0   0   0   0
F34_2   0   0   0   0   0   0   0   0    0    0   0   0   0   0   0   0   0   0
F34_3   0   0   0   0   0   0   0   0    0    0   0   0   0   0   0   0   0   0
F35     0   0   0   0   0   0   0   0    0    0   0   0   0   0   0   0   0   0
F35_1   0   0   0   0   0   0   0   0    0    0   0   0   0   0   0   0   0   0
F35_2   0   0   0   0   0   0   0   0    0    0   0   0   0   0   0   0   0   0
F35_3   0   0   0   0   0   0   0   0    0    0   0   0   0   0   0   0   0   0
F36     0   0   0   0   0   0   0   0    0    0   0   0   0   0   0   0   0   0
F36_1   0   0   0   0   0   0   0   0    0    0   0   0   0   0   0   0   0   0
F36_2   0   0   0   0   0   0   0   0    0    0   0   0   0   0   0   0   0   0
F36_3   0   0   0   0   0   0   0   0    0    0   0   0   0   0   0   0   0   0
F37     0   0   0   0   0   0   0   0    0    0   0   0   0   0   0   0   0   0
F37_1   0   0   0   0   0   0   0   0    0    0   0   0   0   0   0   0   0   0
F37_2   0   0   0   0   0   0   0   0    0    0   0   0   0   0   0   0   0   0
F37_3   0   0   0   0   0   0   0   0    0    0   0   0   0   0   0   0   0   0
F38     0   0   0   0   0   0   0   0    0    0   0   0   0   0   0   0   0   0
F38_1   0   0   0   0   0   0   0   0    0    0   0   0   0   0   0   0   0   0
F38_2   0   0   0   0   0   0   0   0    0    0   0   0   0   0   0   0   0   0
F38_3   0   0   0   0   0   0   0   0    0    0   0   0   0   0   0   0   0   0
F39     0   0   0   0   0   0   0   0    0    0   0   0   0   0   0   0   0   0
F39_1   0   0   0   0   0   0   0   0    0    0   0   0   0   0   0   0   0   0
F39_2   0   0   0   0   0   0   0   0    0    0   0   0   0   0   0   0   0   0
F39_3   0   0   0   0   0   0   0   0    0    0   0   0   0   0   0   0   0   0
F40     0   0   0   0   0   0   0   0    0    0   0   0   0   0   0   0   0   0
F40_1   0   0   0   0   0   0   0   0    0    0   0   0   0   0   0   0   0   0
F40_2   0   0   0   0   0   0   0   0    0    0   0   0   0   0   0   0   0   0
F40_3   0   0   0   0   0   0   0   0    0    0   0   0   0   0   0   0   0   0
F41     0   0   0   0   0   0   0   0    0    0   0   0   0   0   0   0   0   0
F41_1   0   0   0   0   0   0   0   0    0    0   0   0   0   0   0   0   0   0
F41_2   0   0   0   0   0   0   0   0    0    0   0   0   0   0   0   0   0   0
F41_3   0   0   0   0   0   0   0   0    0    0   0   0   0   0   0   0   0   0
F42     0   0   0   0   0   0   0   0    0    0   0   0   0   0   0   0   0   0
F42_1   0   0   0   0   0   0   0   0    0    0   0   0   0   0   0   0   0   0
F42_2   0   0   0   0   0   0   0   0    0    0   0   0   0   0   0   0   0   0
F42_3   0   0   0   0   0   0   0   0    0    0   0   0   0   0   0   0   0   0
F43     0   0   0   0   0   0   0   0    0    0   0   0   0   0   0   0   0   0
F43_1   0   0   0   0   0   0   0   0    0    0   0   0   0   0   0   0   0   0
F43_2   0   0   0   0   0   0   0   0    0    0   0   0   0   0   0   0   0   0
F43_3   0   0   0   0   0   0   0   0    0    0   0   0   0   0   0   0   0   0
F44     0   0   0   0   0   0   0   0    0    0   0   0   0   0   0   0   0   0
F44_1   0   0   0   0   0   0   0   0    0    0   0   0   0   0   0   0   0   0
F44_2   0   0   0   0   0   0   0   0    0    0   0   0   0   0   0   0   0   0
F44_3   0   0   0   0   0   0   0   0    0    0   0   0   0   0   0   0   0   0
F45     0   0   0   0   0   0   0   0    0    0   0   0   0   0   0   0   0   0
F45_1   0   0   0   0   0   0   0   0    0    0   0   0   0   0   0   0   0   0
F45_2   0   0   0   0   0   0   0   0    0    0   0   0   0   0   0   0   0   0
F45_3   0   0   0   0   0   0   0   0    0    0   0   0   0   0   0   0   0   0
F46     0   0   0   0   0   0   0   0    0    0   0   0   0   0   0   0   0   0
F46_1   0   0   0   0   0   0   0   0    0    0   0   0   0   0   0   0   0   0
F46_2   0   0   0   0   0   0   0   0    0    0   0   0   0   0   0   0   0   0
F46_3   0   0   0   0   0   0   0   0    0    0   0   0   0   0   0   0   0   0
N0      0   0   0   0   0   0   0   0    0    0   0   0   0   0   0   0   0   0
Nσ      0   0   0   0   0   0   0   0    0    0   0   0   0   0   0   0   0   0

# $3 = F29_1
# $4 = F29_2
# $5 = F29_3
# $7 = F30_1
# $8 = F30_2
# $9 = F30_3
# $11 = F31_1
# $12 = F31_2
# $13 = F31_3
# $15 = F32_1
# $16 = F32_2
# $17 = F32_3
:     F28_3 F29  $3  $4  $5 F30  $7  $8  $9 F31 $11 $12 $13 F32 $15 $16 $17 F33 :=
C1       0    0   0   0   0   0   0   0   0   0   0   0   0   0   0   0   0   0
C10      0    0   0   0   0   0   0   0   0   0   0   0   0   0   0   0   0   0
C11      0    0   0   0   0   0   0   0   0   0   0   0   0   0   0   0   0   0
C12      0    0   0   0   0   0   0   0   0   0   0   0   0   0   0   0   0   0
C13      0    0   0   0   0   0   0   0   0   0   0   0   0   0   0   0   0   0
C14      0    0   0   0   0   0   0   0   0   0   0   0   0   0   0   0   0   0
C15      0    0   0   0   0   0   0   0   0   0   0   0   0   0   0   0   0   0
C16      0    0   0   0   0   0   0   0   0   0   0   0   0   0   0   0   0   0
C17      0    0   0   0   0   0   0   0   0   0   0   0   0   0   0   0   0   0
C18      0    0   0   0   0   0   0   0   0   0   0   0   0   0   0   0   0   0
C19      0    0   0   0   0   0   0   0   0   0   0   0   0   0   0   0   0   0
C2       0    0   0   0   0   0   0   0   0   0   0   0   0   0   0   0   0   0
C20      0    0   0   0   0   0   0   0   0   0   0   0   0   0   0   0   0   0
C21      0    0   0   0   0   0   0   0   0   0   0   0   0   0   0   0   0   0
C22      0    0   0   0   0   0   0   0   0   0   0   0   0   0   0   0   0   0
C23      0    0   0   0   0   0   0   0   0   0   0   0   0   0   0   0   0   0
C24      0    0   0   0   0   0   0   0   0   0   0   0   0   0   0   0   0   0
C25      0    0   0   0   0   0   0   0   0   0   0   0   0   0   0   0   0   0
C3       0    0   0   0   0   0   0   0   0   0   0   0   0   0   0   0   0   0
C4       0    0   0   0   0   0   0   0   0   0   0   0   0   0   0   0   0   0
C5       0    0   0   0   0   0   0   0   0   0   0   0   0   0   0   0   0   0
C6       0    0   0   0   0   0   0   0   0   0   0   0   0   0   0   0   0   0
C7       0    0   0   0   0   0   0   0   0   0   0   0   0   0   0   0   0   0
C8       0    0   0   0   0   0   0   0   0   0   0   0   0   0   0   0   0   0
C9       0    0   0   0   0   0   0   0   0   0   0   0   0   0   0   0   0   0
F26      0    0   0   0   0   0   0   0   0   0   0   0   0   0   0   0   0   0
F26_1    0    0   0   0   0   0   0   0   0   0   0   0   0   0   0   0   0   0
F26_2    0    0   0   0   0   0   0   0   0   0   0   0   0   0   0   0   0   0
F26_3    0    0   0   0   0   0   0   0   0   0   0   0   0   0   0   0   0   0
F27      0    0   0   0   0   0   0   0   0   0   0   0   0   0   0   0   0   0
F27_1    0    0   0   0   0   0   0   0   0   0   0   0   0   0   0   0   0   0
F27_2    0    0   0   0   0   0   0   0   0   0   0   0   0   0   0   0   0   0
F27_3    0    0   0   0   0   0   0   0   0   0   0   0   0   0   0   0   0   0
F28      0    0   0   0   0   0   0   0   0   0   0   0   0   0   0   0   0   0
F28_1    0    0   0   0   0   0   0   0   0   0   0   0   0   0   0   0   0   0
F28_2    0    0   0   0   0   0   0   0   0   0   0   0   0   0   0   0   0   0
F28_3    .    0   0   0   0   0   0   0   0   0   0   0   0   0   0   0   0   0
F29      0    .   0   1   0   0   0   0   0   0   0   0   0   0   0   0   0   0
F29_1    0    0   .   0   0   0   0   0   0   0   0   0   0   0   0   0   0   0
F29_2    0    0   0   .   0   0   0   0   0   0   0   0   0   0   0   0   0   0
F29_3    0    0   0   0   .   0   0   0   0   0   0   0   0   0   0   0   0   0
F30      0    0   0   0   0   .   0   0   0   0   0   0   0   0   0   0   0   0
F30_1    0    0   0   0   0   0   .   0   0   0   0   0   0   0   0   0   0   0
F30_2    0    0   0   0   0   0   0   .   0   0   0   0   0   0   0   0   0   0
F30_3    0    0   0   0   0   0   0   0   .   0   0   0   0   0   0   0   0   0
F31      0    0   0   0   0   0   0   0   0   .   0   0   0   0   0   0   0   0
F31_1    0    0   0   0   0   0   0   0   0   0   .   0   0   0   0   0   0   0
F31_2    0    0   0   0   0   0   0   0   0   0   0   .   0   0   0   0   0   0
F31_3    0    0   0   0   0   0   0   0   0   0   0   0   .   0   0   0   0   0
F32      0    0   0   0   0   0   0   0   0   0   0   0   0   .   0   0   0   0
F32_1    0    0   0   0   0   0   0   0   0   0   0   0   0   0   .   0   0   0
F32_2    0    0   0   0   0   0   0   0   0   0   0   0   0   0   0   .   0   0
F32_3    0    0   0   0   0   0   0   0   0   0   0   0   0   0   0   0   .   0
F33      0    0   0   0   0   0   0   0   0   0   0   0   0   0   0   0   0   .
F33_1    0    0   0   0   0   0   0   0   0   0   0   0   0   0   0   0   0   0
F33_2    0    0   0   0   0   0   0   0   0   0   0   0   0   0   0   0   0   0
F33_3    0    0   0   0   0   0   0   0   0   0   0   0   0   0   0   0   0   0
F34      0    0   0   0   0   0   0   0   0   0   0   0   0   0   0   0   0   0
F34_1    0    0   0   0   0   0   0   0   0   0   0   0   0   0   0   0   0   0
F34_2    0    0   0   0   0   0   0   0   0   0   0   0   0   0   0   0   0   0
F34_3    0    0   0   0   0   0   0   0   0   0   0   0   0   0   0   0   0   0
F35      0    0   0   0   0   0   0   0   0   0   0   0   0   0   0   0   0   0
F35_1    0    0   0   0   0   0   0   0   0   0   0   0   0   0   0   0   0   0
F35_2    0    0   0   0   0   0   0   0   0   0   0   0   0   0   0   0   0   0
F35_3    0    0   0   0   0   0   0   0   0   0   0   0   0   0   0   0   0   0
F36      0    0   0   0   0   0   0   0   0   0   0   0   0   0   0   0   0   0
F36_1    0    0   0   0   0   0   0   0   0   0   0   0   0   0   0   0   0   0
F36_2    0    0   0   0   0   0   0   0   0   0   0   0   0   0   0   0   0   0
F36_3    0    0   0   0   0   0   0   0   0   0   0   0   0   0   0   0   0   0
F37      0    0   0   0   0   0   0   0   0   0   0   0   0   0   0   0   0   0
F37_1    0    0   0   0   0   0   0   0   0   0   0   0   0   0   0   0   0   0
F37_2    0    0   0   0   0   0   0   0   0   0   0   0   0   0   0   0   0   0
F37_3    0    0   0   0   0   0   0   0   0   0   0   0   0   0   0   0   0   0
F38      0    0   0   0   0   0   0   0   0   0   0   0   0   0   0   0   0   0
F38_1    0    0   0   0   0   0   0   0   0   0   0   0   0   0   0   0   0   0
F38_2    0    0   0   0   0   0   0   0   0   0   0   0   0   0   0   0   0   0
F38_3    0    0   0   0   0   0   0   0   0   0   0   0   0   0   0   0   0   0
F39      0    0   0   0   0   0   0   0   0   0   0   0   0   0   0   0   0   0
F39_1    0    0   0   0   0   0   0   0   0   0   0   0   0   0   0   0   0   0
F39_2    0    0   0   0   0   0   0   0   0   0   0   0   0   0   0   0   0   0
F39_3    0    0   0   0   0   0   0   0   0   0   0   0   0   0   0   0   0   0
F40      0    0   0   0   0   0   0   0   0   0   0   0   0   0   0   0   0   0
F40_1    0    0   0   0   0   0   0   0   0   0   0   0   0   0   0   0   0   0
F40_2    0    0   0   0   0   0   0   0   0   0   0   0   0   0   0   0   0   0
F40_3    0    0   0   0   0   0   0   0   0   0   0   0   0   0   0   0   0   0
F41      0    0   0   0   0   0   0   0   0   0   0   0   0   0   0   0   0   0
F41_1    0    0   0   0   0   0   0   0   0   0   0   0   0   0   0   0   0   0
F41_2    0    0   0   0   0   0   0   0   0   0   0   0   0   0   0   0   0   0
F41_3    0    0   0   0   0   0   0   0   0   0   0   0   0   0   0   0   0   0
F42      0    0   0   0   0   0   0   0   0   0   0   0   0   0   0   0   0   0
F42_1    0    0   0   0   0   0   0   0   0   0   0   0   0   0   0   0   0   0
F42_2    0    0   0   0   0   0   0   0   0   0   0   0   0   0   0   0   0   0
F42_3    0    0   0   0   0   0   0   0   0   0   0   0   0   0   0   0   0   0
F43      0    0   0   0   0   0   0   0   0   0   0   0   0   0   0   0   0   0
F43_1    0    0   0   0   0   0   0   0   0   0   0   0   0   0   0   0   0   0
F43_2    0    0   0   0   0   0   0   0   0   0   0   0   0   0   0   0   0   0
F43_3    0    0   0   0   0   0   0   0   0   0   0   0   0   0   0   0   0   0
F44      0    0   0   0   0   0   0   0   0   0   0   0   0   0   0   0   0   0
F44_1    0    0   0   0   0   0   0   0   0   0   0   0   0   0   0   0   0   0
F44_2    0    0   0   0   0   0   0   0   0   0   0   0   0   0   0   0   0   0
F44_3    0    0   0   0   0   0   0   0   0   0   0   0   0   0   0   0   0   0
F45      0    0   0   0   0   0   0   0   0   0   0   0   0   0   0   0   0   0
F45_1    0    0   0   0   0   0   0   0   0   0   0   0   0   0   0   0   0   0
F45_2    0    0   0   0   0   0   0   0   0   0   0   0   0   0   0   0   0   0
F45_3    0    0   0   0   0   0   0   0   0   0   0   0   0   0   0   0   0   0
F46      0    0   0   0   0   0   0   0   0   0   0   0   0   0   0   0   0   0
F46_1    0    0   0   0   0   0   0   0   0   0   0   0   0   0   0   0   0   0
F46_2    0    0   0   0   0   0   0   0   0   0   0   0   0   0   0   0   0   0
F46_3    0    0   0   0   0   0   0   0   0   0   0   0   0   0   0   0   0   0
N0       0    1   0   0   0   0   0   0   0   0   0   0   0   0   0   0   0   0
Nσ       0    0   0   0   0   0   0   0   0   0   0   0   0   0   0   0   0   0

# $2 = F33_2
# $3 = F33_3
# $5 = F34_1
# $6 = F34_2
# $7 = F34_3
# $9 = F35_1
# $10 = F35_2
# $11 = F35_3
# $13 = F36_1
# $14 = F36_2
# $15 = F36_3
# $17 = F37_1
# $18 = F37_2
:     F33_1  $2  $3 F34  $5  $6  $7 F35  $9 $10 $11 F36 $13 $14 $15 F37 $17 $18 :=
C1       0    0   0   0   0   0   0   0   0   0   0   0   0   0   0   0   0   0
C10      0    0   0   0   0   0   0   0   0   0   0   0   0   0   0   0   0   0
C11      0    0   0   0   0   0   0   0   0   0   0   0   0   0   0   0   0   0
C12      0    0   0   0   0   0   0   0   0   0   0   0   0   0   0   0   0   0
C13      0    0   0   0   0   0   0   0   0   0   0   0   0   0   0   0   0   0
C14      0    0   0   0   0   0   0   0   0   0   0   0   0   0   0   0   0   0
C15      0    0   0   0   0   0   0   0   0   0   0   0   0   0   0   0   0   0
C16      0    0   0   0   0   0   0   0   0   0   0   0   0   0   0   0   0   0
C17      0    0   0   0   0   0   0   0   0   0   0   0   0   0   0   0   0   0
C18      0    0   0   0   0   0   0   0   0   0   0   0   0   0   0   0   0   0
C19      0    0   0   0   0   0   0   0   0   0   0   0   0   0   0   0   0   0
C2       0    0   0   0   0   0   0   0   0   0   0   0   0   0   0   0   0   0
C20      0    0   0   0   0   0   0   0   0   0   0   0   0   0   0   0   0   0
C21      0    0   0   0   0   0   0   0   0   0   0   0   0   0   0   0   0   0
C22      0    0   0   0   0   0   0   0   0   0   0   0   0   0   0   0   0   0
C23      0    0   0   0   0   0   0   0   0   0   0   0   0   0   0   0   0   0
C24      0    0   0   0   0   0   0   0   0   0   0   0   0   0   0   0   0   0
C25      0    0   0   0   0   0   0   0   0   0   0   0   0   0   0   0   0   0
C3       0    0   0   0   0   0   0   0   0   0   0   0   0   0   0   0   0   0
C4       0    0   0   0   0   0   0   0   0   0   0   0   0   0   0   0   0   0
C5       0    0   0   0   0   0   0   0   0   0   0   0   0   0   0   0   0   0
C6       0    0   0   0   0   0   0   0   0   0   0   0   0   0   0   0   0   0
C7       0    0   0   0   0   0   0   0   0   0   0   0   0   0   0   0   0   0
C8       0    0   0   0   0   0   0   0   0   0   0   0   0   0   0   0   0   0
C9       0    0   0   0   0   0   0   0   0   0   0   0   0   0   0   0   0   0
F26      0    0   0   0   0   0   0   0   0   0   0   0   0   0   0   0   0   0
F26_1    0    0   0   0   0   0   0   0   0   0   0   0   0   0   0   0   0   0
F26_2    0    0   0   0   0   0   0   0   0   0   0   0   0   0   0   0   0   0
F26_3    0    0   0   0   0   0   0   0   0   0   0   0   0   0   0   0   0   0
F27      0    0   0   0   0   0   0   0   0   0   0   0   0   0   0   0   0   0
F27_1    0    0   0   0   0   0   0   0   0   0   0   0   0   0   0   0   0   0
F27_2    0    0   0   0   0   0   0   0   0   0   0   0   0   0   0   0   0   0
F27_3    0    0   0   0   0   0   0   0   0   0   0   0   0   0   0   0   0   0
F28      0    0   0   0   0   0   0   0   0   0   0   0   0   0   0   0   0   0
F28_1    0    0   0   0   0   0   0   0   0   0   0   0   0   0   0   0   0   0
F28_2    0    0   0   0   0   0   0   0   0   0   0   0   0   0   0   0   0   0
F28_3    0    0   0   0   0   0   0   0   0   0   0   0   0   0   0   0   0   0
F29      0    0   0   0   0   0   0   0   0   0   0   0   0   0   0   0   0   0
F29_1    0    0   0   0   0   0   0   0   0   0   0   0   0   0   0   0   0   0
F29_2    0    0   0   0   0   0   0   0   0   0   0   0   0   0   0   0   0   0
F29_3    0    0   0   0   0   0   0   0   0   0   0   0   0   0   0   0   0   0
F30      0    0   0   0   0   0   0   0   0   0   0   0   0   0   0   0   0   0
F30_1    0    0   0   0   0   0   0   0   0   0   0   0   0   0   0   0   0   0
F30_2    0    0   0   0   0   0   0   0   0   0   0   0   0   0   0   0   0   0
F30_3    0    0   0   0   0   0   0   0   0   0   0   0   0   0   0   0   0   0
F31      0    0   0   0   0   0   0   0   0   0   0   0   0   0   0   0   0   0
F31_1    0    0   0   0   0   0   0   0   0   0   0   0   0   0   0   0   0   0
F31_2    0    0   0   0   0   0   0   0   0   0   0   0   0   0   0   0   0   0
F31_3    0    0   0   0   0   0   0   0   0   0   0   0   0   0   0   0   0   0
F32      0    0   0   0   0   0   0   0   0   0   0   0   0   0   0   0   0   0
F32_1    0    0   0   0   0   0   0   0   0   0   0   0   0   0   0   0   0   0
F32_2    0    0   0   0   0   0   0   0   0   0   0   0   0   0   0   0   0   0
F32_3    0    0   0   0   0   0   0   0   0   0   0   0   0   0   0   0   0   0
F33      0    0   0   0   0   0   0   0   0   0   0   0   0   0   0   0   0   0
F33_1    .    0   0   0   0   0   0   0   0   0   0   0   0   0   0   0   0   0
F33_2    0    .   0   0   0   0   0   0   0   0   0   0   0   0   0   0   0   0
F33_3    0    0   .   0   0   0   0   0   0   0   0   0   0   0   0   0   0   0
F34      0    0   0   .   0   0   0   0   0   0   0   0   0   0   0   0   0   0
F34_1    0    0   0   0   .   0   0   0   0   0   0   0   0   0   0   0   0   0
F34_2    0    0   0   0   0   .   0   0   0   0   0   0   0   0   0   0   0   0
F34_3    0    0   0   0   0   0   .   0   0   0   0   0   0   0   0   0   0   0
F35      0    0   0   0   0   0   0   .   0   0   0   0   0   0   0   0   0   0
F35_1    0    0   0   0   0   0   0   0   .   0   0   0   0   0   0   0   0   0
F35_2    0    0   0   0   0   0   0   0   0   .   0   0   0   0   0   0   0   0
F35_3    0    0   0   0   0   0   0   0   0   0   .   0   0   0   0   0   0   0
F36      0    0   0   0   0   0   0   0   0   0   0   .   0   0   0   0   0   0
F36_1    0    0   0   0   0   0   0   0   0   0   0   0   .   0   0   0   0   0
F36_2    0    0   0   0   0   0   0   0   0   0   0   0   0   .   0   0   0   0
F36_3    0    0   0   0   0   0   0   0   0   0   0   0   0   0   .   0   0   0
F37      0    0   0   0   0   0   0   0   0   0   0   0   0   0   0   .   0   0
F37_1    0    0   0   0   0   0   0   0   0   0   0   0   0   0   0   0   .   0
F37_2    0    0   0   0   0   0   0   0   0   0   0   0   0   0   0   0   0   .
F37_3    0    0   0   0   0   0   0   0   0   0   0   0   0   0   0   0   0   0
F38      0    0   0   0   0   0   0   0   0   0   0   0   0   0   0   0   0   0
F38_1    0    0   0   0   0   0   0   0   0   0   0   0   0   0   0   0   0   0
F38_2    0    0   0   0   0   0   0   0   0   0   0   0   0   0   0   0   0   0
F38_3    0    0   0   0   0   0   0   0   0   0   0   0   0   0   0   0   0   0
F39      0    0   0   0   0   0   0   0   0   0   0   0   0   0   0   0   0   0
F39_1    0    0   0   0   0   0   0   0   0   0   0   0   0   0   0   0   0   0
F39_2    0    0   0   0   0   0   0   0   0   0   0   0   0   0   0   0   0   0
F39_3    0    0   0   0   0   0   0   0   0   0   0   0   0   0   0   0   0   0
F40      0    0   0   0   0   0   0   0   0   0   0   0   0   0   0   0   0   0
F40_1    0    0   0   0   0   0   0   0   0   0   0   0   0   0   0   0   0   0
F40_2    0    0   0   0   0   0   0   0   0   0   0   0   0   0   0   0   0   0
F40_3    0    0   0   0   0   0   0   0   0   0   0   0   0   0   0   0   0   0
F41      0    0   0   0   0   0   0   0   0   0   0   0   0   0   0   0   0   0
F41_1    0    0   0   0   0   0   0   0   0   0   0   0   0   0   0   0   0   0
F41_2    0    0   0   0   0   0   0   0   0   0   0   0   0   0   0   0   0   0
F41_3    0    0   0   0   0   0   0   0   0   0   0   0   0   0   0   0   0   0
F42      0    0   0   0   0   0   0   0   0   0   0   0   0   0   0   0   0   0
F42_1    0    0   0   0   0   0   0   0   0   0   0   0   0   0   0   0   0   0
F42_2    0    0   0   0   0   0   0   0   0   0   0   0   0   0   0   0   0   0
F42_3    0    0   0   0   0   0   0   0   0   0   0   0   0   0   0   0   0   0
F43      0    0   0   0   0   0   0   0   0   0   0   0   0   0   0   0   0   0
F43_1    0    0   0   0   0   0   0   0   0   0   0   0   0   0   0   0   0   0
F43_2    0    0   0   0   0   0   0   0   0   0   0   0   0   0   0   0   0   0
F43_3    0    0   0   0   0   0   0   0   0   0   0   0   0   0   0   0   0   0
F44      0    0   0   0   0   0   0   0   0   0   0   0   0   0   0   0   0   0
F44_1    0    0   0   0   0   0   0   0   0   0   0   0   0   0   0   0   0   0
F44_2    0    0   0   0   0   0   0   0   0   0   0   0   0   0   0   0   0   0
F44_3    0    0   0   0   0   0   0   0   0   0   0   0   0   0   0   0   0   0
F45      0    0   0   0   0   0   0   0   0   0   0   0   0   0   0   0   0   0
F45_1    0    0   0   0   0   0   0   0   0   0   0   0   0   0   0   0   0   0
F45_2    0    0   0   0   0   0   0   0   0   0   0   0   0   0   0   0   0   0
F45_3    0    0   0   0   0   0   0   0   0   0   0   0   0   0   0   0   0   0
F46      0    0   0   0   0   0   0   0   0   0   0   0   0   0   0   0   0   0
F46_1    0    0   0   0   0   0   0   0   0   0   0   0   0   0   0   0   0   0
F46_2    0    0   0   0   0   0   0   0   0   0   0   0   0   0   0   0   0   0
F46_3    0    0   0   0   0   0   0   0   0   0   0   0   0   0   0   0   0   0
N0       0    0   0   0   0   0   0   0   0   0   0   0   0   0   0   0   0   0
Nσ       0    0   0   0   0   0   0   0   0   0   0   0   0   0   0   0   0   0

# $3 = F38_1
# $4 = F38_2
# $5 = F38_3
# $7 = F39_1
# $8 = F39_2
# $9 = F39_3
# $11 = F40_1
# $12 = F40_2
# $13 = F40_3
# $15 = F41_1
# $16 = F41_2
# $17 = F41_3
:     F37_3 F38  $3  $4  $5 F39  $7  $8  $9 F40 $11 $12 $13 F41 $15 $16 $17 F42 :=
C1       0    0   0   0   0   0   0   0   0   0   0   0   0   0   0   0   0   0
C10      0    0   0   0   0   0   0   0   0   0   0   0   0   0   0   0   0   0
C11      0    0   0   0   0   0   0   0   0   0   0   0   0   0   0   0   0   0
C12      0    0   0   0   0   0   0   0   0   0   0   0   0   0   0   0   0   0
C13      0    0   0   0   0   0   0   0   0   0   0   0   0   0   0   0   0   0
C14      0    0   0   0   0   0   0   0   0   0   0   0   0   0   0   0   0   0
C15      0    0   0   0   0   0   0   0   0   0   0   0   0   0   0   0   0   0
C16      0    0   0   0   0   0   0   0   0   0   0   0   0   0   0   0   0   0
C17      0    0   0   0   0   0   0   0   0   0   0   0   0   0   0   0   0   0
C18      0    0   0   0   0   0   0   0   0   0   0   0   0   0   0   0   0   0
C19      0    0   0   0   0   0   0   0   0   0   0   0   0   0   0   0   0   0
C2       0    0   0   0   0   0   0   0   0   0   0   0   0   0   0   0   0   0
C20      0    0   0   0   0   0   0   0   0   0   0   0   0   0   0   0   0   0
C21      0    0   0   0   0   0   0   0   0   0   0   0   0   0   0   0   0   0
C22      0    0   0   0   0   0   0   0   0   0   0   0   0   0   0   0   0   0
C23      0    0   0   0   0   0   0   0   0   0   0   0   0   0   0   0   0   0
C24      0    0   0   0   0   0   0   0   0   0   0   0   0   0   0   0   0   0
C25      0    0   0   0   0   0   0   0   0   0   0   0   0   0   0   0   0   0
C3       0    0   0   0   0   0   0   0   0   0   0   0   0   0   0   0   0   0
C4       0    0   0   0   0   0   0   0   0   0   0   0   0   0   0   0   0   0
C5       0    0   0   0   0   0   0   0   0   0   0   0   0   0   0   0   0   0
C6       0    0   0   0   0   0   0   0   0   0   0   0   0   0   0   0   0   0
C7       0    0   0   0   0   0   0   0   0   0   0   0   0   0   0   0   0   0
C8       0    0   0   0   0   0   0   0   0   0   0   0   0   0   0   0   0   0
C9       0    0   0   0   0   0   0   0   0   0   0   0   0   0   0   0   0   0
F26      0    0   0   0   0   0   0   0   0   0   0   0   0   0   0   0   0   0
F26_1    0    0   0   0   0   0   0   0   0   0   0   0   0   0   0   0   0   0
F26_2    0    0   0   0   0   0   0   0   0   0   0   0   0   0   0   0   0   0
F26_3    0    0   0   0   0   0   0   0   0   0   0   0   0   0   0   0   0   0
F27      0    0   0   0   0   0   0   0   0   0   0   0   0   0   0   0   0   0
F27_1    0    0   0   0   0   0   0   0   0   0   0   0   0   0   0   0   0   0
F27_2    0    0   0   0   0   0   0   0   0   0   0   0   0   0   0   0   0   0
F27_3    0    0   0   0   0   0   0   0   0   0   0   0   0   0   0   0   0   0
F28      0    0   0   0   0   0   0   0   0   0   0   0   0   0   0   0   0   0
F28_1    0    0   0   0   0   0   0   0   0   0   0   0   0   0   0   0   0   0
F28_2    0    0   0   0   0   0   0   0   0   0   0   0   0   0   0   0   0   0
F28_3    0    0   0   0   0   0   0   0   0   0   0   0   0   0   0   0   0   0
F29      0    0   0   0   0   0   0   0   0   0   0   0   0   0   0   0   0   0
F29_1    0    0   0   0   0   0   0   0   0   0   0   0   0   0   0   0   0   0
F29_2    0    0   0   0   0   0   0   0   0   0   0   0   0   0   0   0   0   0
F29_3    0    0   0   0   0   0   0   0   0   0   0   0   0   0   0   0   0   0
F30      0    0   0   0   0   0   0   0   0   0   0   0   0   0   0   0   0   0
F30_1    0    0   0   0   0   0   0   0   0   0   0   0   0   0   0   0   0   0
F30_2    0    0   0   0   0   0   0   0   0   0   0   0   0   0   0   0   0   0
F30_3    0    0   0   0   0   0   0   0   0   0   0   0   0   0   0   0   0   0
F31      0    0   0   0   0   0   0   0   0   0   0   0   0   0   0   0   0   0
F31_1    0    0   0   0   0   0   0   0   0   0   0   0   0   0   0   0   0   0
F31_2    0    0   0   0   0   0   0   0   0   0   0   0   0   0   0   0   0   0
F31_3    0    0   0   0   0   0   0   0   0   0   0   0   0   0   0   0   0   0
F32      0    0   0   0   0   0   0   0   0   0   0   0   0   0   0   0   0   0
F32_1    0    0   0   0   0   0   0   0   0   0   0   0   0   0   0   0   0   0
F32_2    0    0   0   0   0   0   0   0   0   0   0   0   0   0   0   0   0   0
F32_3    0    0   0   0   0   0   0   0   0   0   0   0   0   0   0   0   0   0
F33      0    0   0   0   0   0   0   0   0   0   0   0   0   0   0   0   0   0
F33_1    0    0   0   0   0   0   0   0   0   0   0   0   0   0   0   0   0   0
F33_2    0    0   0   0   0   0   0   0   0   0   0   0   0   0   0   0   0   0
F33_3    0    0   0   0   0   0   0   0   0   0   0   0   0   0   0   0   0   0
F34      0    0   0   0   0   0   0   0   0   0   0   0   0   0   0   0   0   0
F34_1    0    0   0   0   0   0   0   0   0   0   0   0   0   0   0   0   0   0
F34_2    0    0   0   0   0   0   0   0   0   0   0   0   0   0   0   0   0   0
F34_3    0    0   0   0   0   0   0   0   0   0   0   0   0   0   0   0   0   0
F35      0    0   0   0   0   0   0   0   0   0   0   0   0   0   0   0   0   0
F35_1    0    0   0   0   0   0   0   0   0   0   0   0   0   0   0   0   0   0
F35_2    0    0   0   0   0   0   0   0   0   0   0   0   0   0   0   0   0   0
F35_3    0    0   0   0   0   0   0   0   0   0   0   0   0   0   0   0   0   0
F36      0    0   0   0   0   0   0   0   0   0   0   0   0   0   0   0   0   0
F36_1    0    0   0   0   0   0   0   0   0   0   0   0   0   0   0   0   0   0
F36_2    0    0   0   0   0   0   0   0   0   0   0   0   0   0   0   0   0   0
F36_3    0    0   0   0   0   0   0   0   0   0   0   0   0   0   0   0   0   0
F37      0    0   0   0   0   0   0   0   0   0   0   0   0   0   0   0   0   0
F37_1    0    0   0   0   0   0   0   0   0   0   0   0   0   0   0   0   0   0
F37_2    0    0   0   0   0   0   0   0   0   0   0   0   0   0   0   0   0   0
F37_3    .    0   0   0   0   0   0   0   0   0   0   0   0   0   0   0   0   0
F38      0    .   0   0   0   0   0   0   0   0   0   0   0   0   0   0   0   0
F38_1    0    0   .   0   0   0   0   0   0   0   0   0   0   0   0   0   0   0
F38_2    0    0   0   .   0   0   0   0   0   0   0   0   0   0   0   0   0   0
F38_3    0    0   0   0   .   0   0   0   0   0   0   0   0   0   0   0   0   0
F39      0    0   0   0   0   .   0   0   0   0   0   0   0   0   0   0   0   0
F39_1    0    0   0   0   0   0   .   0   0   0   0   0   0   0   0   0   0   0
F39_2    0    0   0   0   0   0   0   .   0   0   0   0   0   0   0   0   0   0
F39_3    0    0   0   0   0   0   0   0   .   0   0   0   0   0   0   0   0   0
F40      0    0   0   0   0   0   0   0   0   .   0   0   0   0   0   0   0   0
F40_1    0    0   0   0   0   0   0   0   0   0   .   0   0   0   0   0   0   0
F40_2    0    0   0   0   0   0   0   0   0   0   0   .   0   0   0   0   0   0
F40_3    0    0   0   0   0   0   0   0   0   0   0   0   .   0   0   0   0   0
F41      0    0   0   0   0   0   0   0   0   0   0   0   0   .   0   0   0   0
F41_1    0    0   0   0   0   0   0   0   0   0   0   0   0   0   .   0   0   0
F41_2    0    0   0   0   0   0   0   0   0   0   0   0   0   0   0   .   0   0
F41_3    0    0   0   0   0   0   0   0   0   0   0   0   0   0   0   0   .   0
F42      0    0   0   0   0   0   0   0   0   0   0   0   0   0   0   0   0   .
F42_1    0    0   0   0   0   0   0   0   0   0   0   0   0   0   0   0   0   0
F42_2    0    0   0   0   0   0   0   0   0   0   0   0   0   0   0   0   0   0
F42_3    0    0   0   0   0   0   0   0   0   0   0   0   0   0   0   0   0   0
F43      0    0   0   0   0   0   0   0   0   0   0   0   0   0   0   0   0   0
F43_1    0    0   0   0   0   0   0   0   0   0   0   0   0   0   0   0   0   0
F43_2    0    0   0   0   0   0   0   0   0   0   0   0   0   0   0   0   0   0
F43_3    0    0   0   0   0   0   0   0   0   0   0   0   0   0   0   0   0   0
F44      0    0   0   0   0   0   0   0   0   0   0   0   0   0   0   0   0   0
F44_1    0    0   0   0   0   0   0   0   0   0   0   0   0   0   0   0   0   0
F44_2    0    0   0   0   0   0   0   0   0   0   0   0   0   0   0   0   0   0
F44_3    0    0   0   0   0   0   0   0   0   0   0   0   0   0   0   0   0   0
F45      0    0   0   0   0   0   0   0   0   0   0   0   0   0   0   0   0   0
F45_1    0    0   0   0   0   0   0   0   0   0   0   0   0   0   0   0   0   0
F45_2    0    0   0   0   0   0   0   0   0   0   0   0   0   0   0   0   0   0
F45_3    0    0   0   0   0   0   0   0   0   0   0   0   0   0   0   0   0   0
F46      0    0   0   0   0   0   0   0   0   0   0   0   0   0   0   0   0   0
F46_1    0    0   0   0   0   0   0   0   0   0   0   0   0   0   0   0   0   0
F46_2    0    0   0   0   0   0   0   0   0   0   0   0   0   0   0   0   0   0
F46_3    0    0   0   0   0   0   0   0   0   0   0   0   0   0   0   0   0   0
N0       0    0   0   0   0   0   0   0   0   0   0   0   0   0   0   0   0   0
Nσ       0    0   0   0   0   0   0   0   0   0   0   0   0   0   0   0   0   0

# $2 = F42_2
# $3 = F42_3
# $5 = F43_1
# $6 = F43_2
# $7 = F43_3
# $9 = F44_1
# $10 = F44_2
# $11 = F44_3
# $13 = F45_1
# $14 = F45_2
# $15 = F45_3
# $17 = F46_1
# $18 = F46_2
:     F42_1  $2  $3 F43  $5  $6  $7 F44  $9 $10 $11 F45 $13 $14 $15 F46 $17 $18 :=
C1       0    0   0   0   0   0   0   0   0   0   0   0   0   0   0   0   0   0
C10      0    0   0   0   0   0   0   0   0   0   0   0   0   0   0   0   0   0
C11      0    0   0   0   0   0   0   0   0   0   0   0   0   0   0   0   0   0
C12      0    0   0   0   0   0   0   0   0   0   0   0   0   0   0   0   0   0
C13      0    0   0   0   0   0   0   0   0   0   0   0   0   0   0   0   0   0
C14      0    0   0   0   0   0   0   0   0   0   0   0   0   0   0   0   0   0
C15      0    0   0   0   0   0   0   0   0   0   0   0   0   0   0   0   0   0
C16      0    0   0   0   0   0   0   0   0   0   0   0   0   0   0   0   0   0
C17      0    0   0   0   0   0   0   0   0   0   0   0   0   0   0   0   0   0
C18      0    0   0   0   0   0   0   0   0   0   0   0   0   0   0   0   0   0
C19      0    0   0   0   0   0   0   0   0   0   0   0   0   0   0   0   0   0
C2       0    0   0   0   0   0   0   0   0   0   0   0   0   0   0   0   0   0
C20      0    0   0   0   0   0   0   0   0   0   0   0   0   0   0   0   0   0
C21      0    0   0   0   0   0   0   0   0   0   0   0   0   0   0   0   0   0
C22      0    0   0   0   0   0   0   0   0   0   0   0   0   0   0   0   0   0
C23      0    0   0   0   0   0   0   0   0   0   0   0   0   0   0   0   0   0
C24      0    0   0   0   0   0   0   0   0   0   0   0   0   0   0   0   0   0
C25      0    0   0   0   0   0   0   0   0   0   0   0   1   0   0   0   0   0
C3       0    0   0   0   0   0   0   0   0   0   0   0   0   0   0   0   0   0
C4       0    0   0   0   0   0   0   0   0   0   0   0   0   0   0   0   0   0
C5       0    0   0   0   0   0   0   0   0   0   0   0   0   0   0   0   0   0
C6       0    0   0   0   0   0   0   0   0   0   0   0   0   0   0   0   0   0
C7       0    0   0   0   0   0   0   0   0   0   0   0   0   0   0   0   0   0
C8       0    0   0   0   0   0   0   0   0   0   0   0   0   0   0   0   0   0
C9       0    0   0   0   0   0   0   0   0   0   0   0   0   0   0   0   0   0
F26      0    0   0   0   0   0   0   0   0   0   0   0   0   0   0   0   0   0
F26_1    0    0   0   0   0   0   0   0   0   0   0   0   0   0   0   0   0   0
F26_2    0    0   0   0   0   0   0   0   0   0   0   0   0   0   0   0   0   0
F26_3    0    0   0   0   0   0   0   0   0   0   0   0   0   0   0   0   0   0
F27      0    0   0   0   0   0   0   0   0   0   0   0   0   0   0   0   0   0
F27_1    0    0   0   0   0   0   0   0   0   0   0   0   0   0   0   0   0   0
F27_2    0    0   0   0   0   0   0   0   0   0   0   0   0   0   0   0   0   0
F27_3    0    0   0   0   0   0   0   0   0   0   0   0   0   0   0   0   0   0
F28      0    0   0   0   0   0   0   0   0   0   0   0   0   0   0   0   0   0
F28_1    0    0   0   0   0   0   0   0   0   0   0   0   0   0   0   0   0   0
F28_2    0    0   0   0   0   0   0   0   0   0   0   0   0   0   0   0   0   0
F28_3    0    0   0   0   0   0   0   0   0   0   0   0   0   0   0   0   0   0
F29      0    0   0   0   0   0   0   0   0   0   0   0   0   0   0   0   0   0
F29_1    0    0   0   0   0   0   0   0   0   0   0   0   0   0   0   0   0   0
F29_2    0    0   0   0   0   0   0   0   0   0   0   0   0   0   0   0   0   0
F29_3    0    0   0   0   0   0   0   0   0   0   0   0   0   0   0   0   0   0
F30      0    0   0   0   0   0   0   0   0   0   0   0   0   0   0   0   0   0
F30_1    0    0   0   0   0   0   0   0   0   0   0   0   0   0   0   0   0   0
F30_2    0    0   0   0   0   0   0   0   0   0   0   0   0   0   0   0   0   0
F30_3    0    0   0   0   0   0   0   0   0   0   0   0   0   0   0   0   0   0
F31      0    0   0   0   0   0   0   0   0   0   0   0   0   0   0   0   0   0
F31_1    0    0   0   0   0   0   0   0   0   0   0   0   0   0   0   0   0   0
F31_2    0    0   0   0   0   0   0   0   0   0   0   0   0   0   0   0   0   0
F31_3    0    0   0   0   0   0   0   0   0   0   0   0   0   0   0   0   0   0
F32      0    0   0   0   0   0   0   0   0   0   0   0   0   0   0   0   0   0
F32_1    0    0   0   0   0   0   0   0   0   0   0   0   0   0   0   0   0   0
F32_2    0    0   0   0   0   0   0   0   0   0   0   0   0   0   0   0   0   0
F32_3    0    0   0   0   0   0   0   0   0   0   0   0   0   0   0   0   0   0
F33      0    0   0   0   0   0   0   0   0   0   0   0   0   0   0   0   0   0
F33_1    0    0   0   0   0   0   0   0   0   0   0   0   0   0   0   0   0   0
F33_2    0    0   0   0   0   0   0   0   0   0   0   0   0   0   0   0   0   0
F33_3    0    0   0   0   0   0   0   0   0   0   0   0   0   0   0   0   0   0
F34      0    0   0   0   0   0   0   0   0   0   0   0   0   0   0   0   0   0
F34_1    0    0   0   0   0   0   0   0   0   0   0   0   0   0   0   0   0   0
F34_2    0    0   0   0   0   0   0   0   0   0   0   0   0   0   0   0   0   0
F34_3    0    0   0   0   0   0   0   0   0   0   0   0   0   0   0   0   0   0
F35      0    0   0   0   0   0   0   0   0   0   0   0   0   0   0   0   0   0
F35_1    0    0   0   0   0   0   0   0   0   0   0   0   0   0   0   0   0   0
F35_2    0    0   0   0   0   0   0   0   0   0   0   0   0   0   0   0   0   0
F35_3    0    0   0   0   0   0   0   0   0   0   0   0   0   0   0   0   0   0
F36      0    0   0   0   0   0   0   0   0   0   0   0   0   0   0   0   0   0
F36_1    0    0   0   0   0   0   0   0   0   0   0   0   0   0   0   0   0   0
F36_2    0    0   0   0   0   0   0   0   0   0   0   0   0   0   0   0   0   0
F36_3    0    0   0   0   0   0   0   0   0   0   0   0   0   0   0   0   0   0
F37      0    0   0   0   0   0   0   0   0   0   0   0   0   0   0   0   0   0
F37_1    0    0   0   0   0   0   0   0   0   0   0   0   0   0   0   0   0   0
F37_2    0    0   0   0   0   0   0   0   0   0   0   0   0   0   0   0   0   0
F37_3    0    0   0   0   0   0   0   0   0   0   0   0   0   0   0   0   0   0
F38      0    0   0   0   0   0   0   0   0   0   0   0   0   0   0   0   0   0
F38_1    0    0   0   0   0   0   0   0   0   0   0   0   0   0   0   0   0   0
F38_2    0    0   0   0   0   0   0   0   0   0   0   0   0   0   0   0   0   0
F38_3    0    0   0   0   0   0   0   0   0   0   0   0   0   0   0   0   0   0
F39      0    0   0   0   0   0   0   0   0   0   0   0   0   0   0   0   0   0
F39_1    0    0   0   0   0   0   0   0   0   0   0   0   0   0   0   0   0   0
F39_2    0    0   0   0   0   0   0   0   0   0   0   0   0   0   0   0   0   0
F39_3    0    0   0   0   0   0   0   0   0   0   0   0   0   0   0   0   0   0
F40      0    0   0   0   0   0   0   0   0   0   0   0   0   0   0   0   0   0
F40_1    0    0   0   0   0   0   0   0   0   0   0   0   0   0   0   0   0   0
F40_2    0    0   0   0   0   0   0   0   0   0   0   0   0   0   0   0   0   0
F40_3    0    0   0   0   0   0   0   0   0   0   0   0   0   0   0   0   0   0
F41      0    0   0   0   0   0   0   0   0   0   0   0   0   0   0   0   0   0
F41_1    0    0   0   0   0   0   0   0   0   0   0   0   0   0   0   0   0   0
F41_2    0    0   0   0   0   0   0   0   0   0   0   0   0   0   0   0   0   0
F41_3    0    0   0   0   0   0   0   0   0   0   0   0   0   0   0   0   0   0
F42      0    0   0   0   0   0   0   0   0   0   0   0   0   0   0   0   0   0
F42_1    .    0   0   0   0   0   0   0   0   0   0   0   0   0   0   0   0   0
F42_2    0    .   0   0   0   0   0   0   0   0   0   0   0   0   0   0   0   0
F42_3    0    0   .   0   0   0   0   0   0   0   0   0   0   0   0   0   0   0
F43      0    0   0   .   0   0   0   0   0   0   0   0   0   0   0   0   0   0
F43_1    0    0   0   0   .   0   0   0   0   0   0   0   0   0   0   0   0   0
F43_2    0    0   0   0   0   .   0   0   0   0   0   0   0   0   0   0   0   0
F43_3    0    0   0   0   0   0   .   0   0   0   0   0   0   0   0   0   0   0
F44      0    0   0   0   0   0   0   .   0   0   0   0   0   0   0   0   0   0
F44_1    0    0   0   0   0   0   0   0   .   0   0   0   0   0   0   0   0   0
F44_2    0    0   0   0   0   0   0   0   0   .   0   0   0   0   0   0   0   0
F44_3    0    0   0   0   0   0   0   0   0   0   .   0   0   0   0   0   0   0
F45      0    0   0   0   0   0   0   0   0   0   0   .   0   0   0   0   0   0
F45_1    0    0   0   0   0   0   0   0   0   0   0   0   .   1   0   0   0   0
F45_2    0    0   0   0   0   0   0   0   0   0   0   1   0   .   0   0   0   0
F45_3    0    0   0   0   0   0   0   0   0   0   0   0   0   0   .   0   0   0
F46      0    0   0   0   0   0   0   0   0   0   0   0   0   0   0   .   0   0
F46_1    0    0   0   0   0   0   0   0   0   0   0   0   0   0   0   0   .   0
F46_2    0    0   0   0   0   0   0   0   0   0   0   0   0   0   0   0   0   .
F46_3    0    0   0   0   0   0   0   0   0   0   0   0   0   0   0   0   0   0
N0       0    0   0   0   0   0   0   0   0   0   0   0   0   0   0   0   0   0
Nσ       0    0   0   0   0   0   0   0   0   0   0   0   0   0   0   0   0   0

:     F46_3  N0  Nσ    :=
C1       0    0   1
C10      0    0   0
C11      0    0   0
C12      0    0   0
C13      0    0   0
C14      0    0   0
C15      0    0   0
C16      0    0   1
C17      0    0   0
C18      0    0   1
C19      0    0   1
C2       0    0   0
C20      0    0   0
C21      0    0   0
C22      0    0   0
C23      0    0   1
C24      0    0   0
C25      0    0   0
C3       0    0   0
C4       0    0   0
C5       0    0   1
C6       0    0   0
C7       0    0   0
C8       0    0   0
C9       0    0   0
F26      0    0   1
F26_1    0    0   0
F26_2    0    0   1
F26_3    0    0   0
F27      0    0   0
F27_1    0    0   0
F27_2    0    0   0
F27_3    0    0   0
F28      0    0   0
F28_1    0    0   0
F28_2    0    0   0
F28_3    0    0   0
F29      0    0   0
F29_1    0    0   0
F29_2    0    0   0
F29_3    0    0   0
F30      0    0   0
F30_1    0    0   0
F30_2    0    0   0
F30_3    0    0   0
F31      0    0   0
F31_1    0    0   0
F31_2    0    0   0
F31_3    0    0   0
F32      0    0   0
F32_1    0    0   0
F32_2    0    0   0
F32_3    0    0   0
F33      0    0   0
F33_1    0    0   0
F33_2    0    0   0
F33_3    0    0   0
F34      0    0   0
F34_1    0    0   0
F34_2    0    0   0
F34_3    0    0   0
F35      0    0   0
F35_1    0    0   0
F35_2    0    0   0
F35_3    0    0   0
F36      0    0   0
F36_1    0    0   0
F36_2    0    0   0
F36_3    0    0   0
F37      0    0   0
F37_1    0    0   0
F37_2    0    0   0
F37_3    0    0   0
F38      0    0   0
F38_1    0    0   0
F38_2    0    0   0
F38_3    0    0   0
F39      0    0   0
F39_1    0    0   0
F39_2    0    0   0
F39_3    0    0   0
F40      0    0   0
F40_1    0    0   0
F40_2    0    0   0
F40_3    0    0   0
F41      0    0   0
F41_1    0    0   0
F41_2    0    0   0
F41_3    0    0   0
F42      0    0   0
F42_1    0    0   0
F42_2    0    0   0
F42_3    0    0   0
F43      0    0   0
F43_1    0    0   0
F43_2    0    0   0
F43_3    0    0   0
F44      0    0   0
F44_1    0    0   0
F44_2    0    0   0
F44_3    0    0   0
F45      0    0   0
F45_1    0    0   0
F45_2    0    0   0
F45_3    0    0   0
F46      0    0   0
F46_1    0    0   0
F46_2    0    0   0
F46_3    .    0   0
N0       0    .   0
Nσ       0    0   .
;

sum{i in D0, j in Vplun} x[i,j] = 8

sum{i in Vall, j in Vall: i != j} x[i,j]*t[i,j] = 515.075

sum{i in F} z[i]*R[i] = 17.5666

sum{i in F, j in Vplunend: i != j} y[i]*x[i,j] = 0

a [*] :=
   C1 190        F26_3 110.541    F33_3 230        F40_3   0
  C10  22.4722     F27 139.569      F34 119.956      F41 220.601
  C11  36.2769   F27_1 230        F34_1  41.2315   F41_1   0
  C12 146        F27_2 230        F34_2  41.2315   F41_2   0
  C13  57.0941   F27_3 230        F34_3 230        F41_3 230
  C14  67          F28 119.956      F35 230          F42   0
  C15  28.4266   F28_1 230        F35_1   0        F42_1   0
  C16  95        F28_2 210.359    F35_2   0        F42_2   0
  C17  21.2132   F28_3 230        F35_3   0        F42_3   0
  C18 198          F29  25.0599     F36 119.956      F43  63.2222
  C19 170.645    F29_1 230        F36_1 230        F43_1  20.1751
   C2  15.2315   F29_2  33.6164   F36_2 230        F43_2 210.359
  C20  15.2643   F29_3 230        F36_3 230        F43_3  95.0586
  C21  37.0442     F30 230          F37   0          F44 119.956
  C22  62.5278   F30_1 230        F37_1   0        F44_1  41.2315
  C23 208        F30_2   0        F37_2   0        F44_2  41.2315
  C24  77.2697   F30_3   0        F37_3   0        F44_3  41.2315
  C25 172          F31 139.569      F38   0          F45 188.765
   C3 107        F31_1 230        F38_1   0        F45_1 185.162
   C4  43.8118   F31_2 230        F38_2 230        F45_2 185.833
   C5  96.2482   F31_3 210.359    F38_3   0        F45_3   0
   C6 126.434      F32 139.569      F39   0          F46  97.2142
   C7  74.1652   F32_1 230        F39_1   0        F46_1  65.419
   C8 152.835    F32_2 223.297    F39_2   0        F46_2 230
   C9  56.9741   F32_3 223.297    F39_3   0        F46_3  33.6238
  F26 112.765      F33   0          F40 230           N0   0
F26_1   0        F33_1   0        F40_1   0           Nσ 230
F26_2 110.541    F33_2 230        F40_2   0
;

u [*] :=
   C1 105      C4 161   F29_1 200     F34 200   F38_3 200   F43_2 200
  C10 200      C5 142   F29_2 200   F34_1 200     F39 105   F43_3 200
  C11 190      C6 184   F29_3 200   F34_2 200   F39_1 105     F44 200
  C12 200      C7 168     F30 200   F34_3 200   F39_2 105   F44_1 200
  C13 179      C8 176   F30_1 200     F35 105   F39_3 105   F44_2 200
  C14 200      C9 120   F30_2 105   F35_1 105     F40 105   F44_3 200
  C15 189     F26 105   F30_3 105   F35_2 105   F40_1 200     F45 105
  C16 157   F26_1 127     F31 200   F35_3 200   F40_2 200   F45_1 105
  C17 200   F26_2 105   F31_1 200     F36 200   F40_3 200   F45_2 105
  C18 169   F26_3 105   F31_2 200   F36_1 200     F41 105   F45_3 157
  C19 165     F27 200   F31_3 200   F36_2 200   F41_1 105     F46 200
   C2 200   F27_1 200     F32 200   F36_3 200   F41_2 200   F46_1 200
  C20 200   F27_2 200   F32_1 200     F37 200   F41_3 200   F46_2 200
  C21 195   F27_3 200   F32_2 200   F37_1 105     F42 105   F46_3 200
  C22 175     F28 200   F32_3 200   F37_2 200   F42_1 105      N0 200
  C23 105   F28_1 200     F33 105   F37_3 105   F42_2 105      Nσ   0
  C24 110   F28_2 200   F33_1 200     F38 200   F42_3 105
  C25 198   F28_3 200   F33_2 200   F38_1 200     F43 200
   C3 200     F29 200   F33_3 200   F38_2 200   F43_1 200
;

v [*] :=
   C1 30           C8 24.7808   F31_1 67.15       F37  0        F42_3 67.15
  C10 33.2689      C9 35.7907   F31_2  0        F37_1 67.15       F43 67.15
  C11 40.8731     F26  0        F31_3 67.15     F37_2 67.15     F43_1 67.15
  C12 36.6869   F26_1 67.15       F32 67.15     F37_3 67.15     F43_2 67.15
  C13 28.1541   F26_2  0.068    F32_1 67.15       F38  0        F43_3  0
  C14 33.609    F26_3  0.068    F32_2 67.15     F38_1  0          F44  0
  C15 44.3382     F27  0        F32_3 67.15     F38_2  0        F44_1 67.15
  C16  4.4721   F27_1  0          F33 67.15     F38_3  0        F44_2  0
  C17 45.9368   F27_2  0        F33_1 67.15       F39  0        F44_3 67.15
  C18 21.095    F27_3 67.15     F33_2 67.15     F39_1  0          F45 30.4157
  C19 16.9706     F28  0        F33_3 67.15     F39_2  0        F45_1 29.919
   C2 51.9185   F28_1  0          F34  0        F39_3 67.15     F45_2 30.4157
  C20 51.8857   F28_2 67.15     F34_1 67.15       F40 67.15     F45_3  0
  C21 40.1058   F28_3  0        F34_2 67.15     F40_1  0          F46 67.15
  C22 26.9443     F29 42.0901   F34_3 67.15     F40_2  0        F46_1 67.15
  C23 11.1803   F29_1  0          F35 67.15     F40_3  0        F46_2  0
  C24 25.4951   F29_2 42.0901   F35_1  0          F41 67.15     F46_3  0
  C25 33.0813   F29_3  0        F35_2  0        F41_1 67.15        N0 67.15
   C3 50.616      F30  0        F35_3  0        F41_2 67.15        Nσ  0
   C4 38.953    F30_1 67.15       F36  0        F41_3  0
   C5  9        F30_2 67.15     F36_1  0          F42  0
   C6 41.182    F30_3 67.15     F36_2 67.15     F42_1 67.15
   C7 21.083      F31 67.15     F36_3  0        F42_2  0
;

y [*] :=
  F26 0   F28_3 0   F31_2 0   F34_1 0     F37 0   F39_3 0   F42_2 0   F45_1 0
F26_1 0     F29 0   F31_3 0   F34_2 0   F37_1 0     F40 0   F42_3 0   F45_2 0
F26_2 0   F29_1 0     F32 0   F34_3 0   F37_2 0   F40_1 0     F43 0   F45_3 0
F26_3 0   F29_2 0   F32_1 0     F35 0   F37_3 0   F40_2 0   F43_1 0     F46 0
  F27 0   F29_3 0   F32_2 0   F35_1 0     F38 0   F40_3 0   F43_2 0   F46_1 0
F27_1 0     F30 0   F32_3 0   F35_2 0   F38_1 0     F41 0   F43_3 0   F46_2 0
F27_2 0   F30_1 0     F33 0   F35_3 0   F38_2 0   F41_1 0     F44 0   F46_3 0
F27_3 0   F30_2 0   F33_1 0     F36 0   F38_3 0   F41_2 0   F44_1 0
  F28 0   F30_3 0   F33_2 0   F36_1 0     F39 0   F41_3 0   F44_2 0
F28_1 0     F31 0   F33_3 0   F36_2 0   F39_1 0     F42 0   F44_3 0
F28_2 0   F31_1 0     F34 0   F36_3 0   F39_2 0   F42_1 0     F45 0
;

z [*] :=
  F26 1   F28_3 1   F31_2 1   F34_1 1     F37 1   F39_3 1   F42_2 1   F45_1 1
F26_1 1     F29 1   F31_3 1   F34_2 1   F37_1 1     F40 1   F42_3 1   F45_2 1
F26_2 1   F29_1 1     F32 1   F34_3 1   F37_2 1   F40_1 1     F43 1   F45_3 1
F26_3 1   F29_2 1   F32_1 1     F35 1   F37_3 1   F40_2 1   F43_1 1     F46 1
  F27 1   F29_3 1   F32_2 1   F35_1 1     F38 1   F40_3 1   F43_2 1   F46_1 1
F27_1 1     F30 1   F32_3 1   F35_2 1   F38_1 1     F41 1   F43_3 1   F46_2 1
F27_2 1   F30_1 1     F33 1   F35_3 1   F38_2 1   F41_1 1     F44 1   F46_3 1
F27_3 1   F30_2 1   F33_1 1     F36 1   F38_3 1   F41_2 1   F44_1 1
  F28 1   F30_3 1   F33_2 1   F36_1 1     F39 1   F41_3 1   F44_2 1
F28_1 1     F31 1   F33_3 1   F36_2 1   F39_1 1     F42 1   F44_3 1
F28_2 1   F31_1 1     F34 1   F36_3 1   F39_2 1   F42_1 1     F45 1
;

R [*] :=
  F26  0        F30_1  0        F34_2  0        F38_3  0          F43  0
F26_1  0        F30_2  0        F34_3  0          F39  0        F43_1  0
F26_2  0        F30_3  0          F35  0        F39_1  0        F43_2  0
F26_3  0          F31  0        F35_1  0        F39_2  0        F43_3  0
  F27  0        F31_1  0        F35_2  0        F39_3  0          F44  0
F27_1  0        F31_2  0        F35_3  0          F40  0        F44_1  0
F27_2  0        F31_3  0          F36  0        F40_1  0        F44_2  0
F27_3  0          F32  0        F36_1  0        F40_2  0        F44_3  0
  F28  0        F32_1  0        F36_2  0        F40_3  0          F45  0
F28_1  0        F32_2  0        F36_3  0          F41  0        F45_1  0.4967
F28_2  0        F32_3  0          F37  0        F41_1  0        F45_2  0
F28_3  0          F33  0        F37_1  0        F41_2  0        F45_3  0
  F29  0        F33_1  0        F37_2  0        F41_3  0          F46  0
F29_1  0        F33_2  0        F37_3  0          F42  0        F46_1  0
F29_2 17.0699   F33_3  0          F38  0        F42_1  0        F46_2  0
F29_3  0          F34  0        F38_1  0        F42_2  0        F46_3  0
  F30  0        F34_1  0        F38_2  0        F42_3  0
;

Y [*] :=
  F26  0        F30_1 67.15     F34_2 67.15     F38_3  0          F43 67.15
F26_1 67.15     F30_2 67.15     F34_3 67.15       F39  0        F43_1 67.15
F26_2  0.068    F30_3 67.15       F35 67.15     F39_1  0        F43_2 67.15
F26_3  0.068      F31 67.15     F35_1  0        F39_2  0        F43_3  0
  F27  0        F31_1 67.15     F35_2  0        F39_3 67.15       F44  0
F27_1  0        F31_2  0        F35_3  0          F40 67.15     F44_1 67.15
F27_2  0        F31_3 67.15       F36  0        F40_1  0        F44_2  0
F27_3 67.15       F32 67.15     F36_1  0        F40_2  0        F44_3 67.15
  F28  0        F32_1 67.15     F36_2 67.15     F40_3  0          F45 30.4157
F28_1  0        F32_2 67.15     F36_3  0          F41 67.15     F45_1 30.4157
F28_2 67.15     F32_3 67.15       F37  0        F41_1 67.15     F45_2 30.4157
F28_3  0          F33 67.15     F37_1 67.15     F41_2 67.15     F45_3  0
  F29 42.0901   F33_1 67.15     F37_2 67.15     F41_3  0          F46 67.15
F29_1  0        F33_2 67.15     F37_3 67.15       F42  0        F46_1 67.15
F29_2 59.16     F33_3 67.15       F38  0        F42_1 67.15     F46_2  0
F29_3  0          F34  0        F38_1  0        F42_2  0        F46_3  0
  F30  0        F34_1 67.15     F38_2  0        F42_3 67.15
;

