MIP Gap (%):  54.92907651485972
_solve_elapsed_time = 28800.1

TotalCost = 4906.05

x [*,*]
:      C1     C10    C11 C12 C13 C14 C15 C16 C17 C18 C19  C2 C20 C21 C22 C23 :=
C1      .   0          0   0   0   0   0   0   0   0   0   0   0   0   0   0
C10     0    .         0   0   0   0   0   0   0   0   0   0   0   0   0   0
C11     0   0          .   0   0   0   0   0   0   0   0   0   0   0   0   1
C12     0   0          1   .   0   0   0   0   0   0   0   0   0   0   0   0
C13     0   0          0   0   .   0   0   1   0   0   0   0   0   0   0   0
C14     0   0          0   0   0   .   0   0   0   0   0   0   0   1   0   0
C15     0   0          0   0   0   0   .   0   0   0   0   0   0   0   0   0
C16     0   0          0   0   0   0   0   .   0   0   0   0   0   0   0   0
C17     0   0          0   0   0   0   0   0   .   0   0   0   0   0   0   0
C18     0   0          0   0   0   0   0   0   0   .   0   0   0   0   0   0
C19     0   0          0   0   0   0   1   0   0   0   .   0   0   0   0   0
C2      0   0          0   0   0   0   0   0   0   0   0   .   0   0   0   0
C20     0   0          0   1   0   0   0   0   0   0   0   0   .   0   0   0
C21     0   0          0   0   0   0   0   0   0   0   0   0   1   .   0   0
C22     0   0          0   0   0   0   0   0   0   0   0   1   0   0   .   0
C23     0   0          0   0   0   0   0   0   0   0   0   0   0   0   1   .
C24     0   0          0   0   0   0   0   0   0   0   1   0   0   0   0   0
C25     0   0          0   0   0   0   0   0   0   1   0   0   0   0   0   0
C3      0   0          0   0   0   0   0   0   0   0   0   0   0   0   0   0
C4      0   0          0   0   0   0   0   0   0   0   0   0   0   0   0   0
C5      0   0          0   0   0   0   0   0   0   0   0   0   0   0   0   0
C6      0   0.999999   0   0   0   0   0   0   0   0   0   0   0   0   0   0
C7      1   0          0   0   0   0   0   0   0   0   0   0   0   0   0   0
C8      0   0          0   0   0   0   0   0   0   0   0   0   0   0   0   0
C9      0   0          0   0   0   0   0   0   0   0   0   0   0   0   0   0
F26     0   0          0   0   0   0   0   0   0   0   0   0   0   0   0   0
F26_1   0   0          0   0   0   0   0   0   0   0   0   0   0   0   0   0
F26_2   0   0          0   0   0   0   0   0   0   0   0   0   0   0   0   0
F26_3   0   0          0   0   0   0   0   0   0   0   0   0   0   0   0   0
F27     0   0          0   0   0   0   0   0   0   0   0   0   0   0   0   0
F27_1   0   0          0   0   0   0   0   0   0   0   0   0   0   0   0   0
F27_2   0   0          0   0   0   0   0   0   0   0   0   0   0   0   0   0
F27_3   0   0          0   0   0   0   0   0   0   0   0   0   0   0   0   0
F28     0   0          0   0   0   0   0   0   0   0   0   0   0   0   0   0
F28_1   0   0          0   0   0   0   0   0   0   0   0   0   0   0   0   0
F28_2   0   0          0   0   0   0   0   0   0   0   0   0   0   0   0   0
F28_3   0   0          0   0   0   0   0   0   0   0   0   0   0   0   0   0
F29     0   0          0   0   0   0   0   0   0   0   0   0   0   0   0   0
F29_1   0   0          0   0   0   0   0   0   0   0   0   0   0   0   0   0
F29_2   0   0          0   0   0   0   0   0   0   0   0   0   0   0   0   0
F29_3   0   0          0   0   0   0   0   0   0   0   0   0   0   0   0   0
F30     0   0          0   0   0   0   0   0   0   0   0   0   0   0   0   0
F30_1   0   0          0   0   0   0   0   0   0   0   0   0   0   0   0   0
F30_2   0   0          0   0   0   0   0   0   0   0   0   0   0   0   0   0
F30_3   0   0          0   0   0   0   0   0   0   0   0   0   0   0   0   0
F31     0   0          0   0   0   0   0   0   0   0   0   0   0   0   0   0
F31_1   0   0          0   0   0   0   0   0   0   0   0   0   0   0   0   0
F31_2   0   0          0   0   0   0   0   0   0   0   0   0   0   0   0   0
F31_3   0   0          0   0   0   0   0   0   0   0   0   0   0   0   0   0
F32     0   0          0   0   0   0   0   0   0   0   0   0   0   0   0   0
F32_1   0   0          0   0   0   0   0   0   0   0   0   0   0   0   0   0
F32_2   0   0          0   0   0   0   0   0   0   0   0   0   0   0   0   0
F32_3   0   0          0   0   0   0   0   0   0   0   0   0   0   0   0   0
F33     0   0          0   0   0   0   0   0   0   0   0   0   0   0   0   0
F33_1   0   0          0   0   0   0   0   0   0   0   0   0   0   0   0   0
F33_2   0   0          0   0   0   0   0   0   0   0   0   0   0   0   0   0
F33_3   0   0          0   0   0   0   0   0   0   0   0   0   0   0   0   0
F34     0   0          0   0   0   0   0   0   0   0   0   0   0   0   0   0
F34_1   0   0          0   0   0   0   0   0   0   0   0   0   0   0   0   0
F34_2   0   0          0   0   0   0   0   0   0   0   0   0   0   0   0   0
F34_3   0   0          0   0   0   0   0   0   0   0   0   0   0   0   0   0
F35     0   0          0   0   0   0   0   0   0   0   0   0   0   0   0   0
F35_1   0   0          0   0   0   0   0   0   0   0   0   0   0   0   0   0
F35_2   0   0          0   0   0   0   0   0   0   0   0   0   0   0   0   0
F35_3   0   0          0   0   0   0   0   0   0   0   0   0   0   0   0   0
F36     0   0          0   0   0   0   0   0   0   0   0   0   0   0   0   0
F36_1   0   0          0   0   0   0   0   0   0   0   0   0   0   0   0   0
F36_2   0   0          0   0   0   0   0   0   0   0   0   0   0   0   0   0
F36_3   0   0          0   0   0   0   0   0   0   0   0   0   0   0   0   0
F37     0   0          0   0   0   0   0   0   0   0   0   0   0   0   0   0
F37_1   0   0          0   0   0   0   0   0   0   0   0   0   0   0   0   0
F37_2   0   0          0   0   0   0   0   0   0   0   0   0   0   0   0   0
F37_3   0   0          0   0   0   0   0   0   0   0   0   0   0   0   0   0
F38     0   0          0   0   0   0   0   0   0   0   0   0   0   0   0   0
F38_1   0   0          0   0   0   0   0   0   0   0   0   0   0   0   0   0
F38_2   0   0          0   0   0   0   0   0   0   0   0   0   0   0   0   0
F38_3   0   0          0   0   0   0   0   0   0   0   0   0   0   0   0   0
F39     0   0          0   0   0   0   0   0   0   0   0   0   0   0   0   0
F39_1   0   0          0   0   0   0   0   0   0   0   0   0   0   0   0   0
F39_2   0   0          0   0   0   0   0   0   0   0   0   0   0   0   0   0
F39_3   0   0          0   0   0   0   0   0   0   0   0   0   0   0   0   0
F40     0   0          0   0   0   0   0   0   0   0   0   0   0   0   0   0
F40_1   0   0          0   0   0   0   0   0   0   0   0   0   0   0   0   0
F40_2   0   0          0   0   0   0   0   0   0   0   0   0   0   0   0   0
F40_3   0   0          0   0   0   0   0   0   0   0   0   0   0   0   0   0
F41     0   0          0   0   0   0   0   0   0   0   0   0   0   0   0   0
F41_1   0   0          0   0   0   0   0   0   0   0   0   0   0   0   0   0
F41_2   0   0          0   0   0   0   0   0   0   0   0   0   0   0   0   0
F41_3   0   0          0   0   0   0   0   0   0   0   0   0   0   0   0   0
F42     0   0          0   0   0   0   0   0   0   0   0   0   0   0   0   0
F42_1   0   0          0   0   0   0   0   0   0   0   0   0   0   0   0   0
F42_2   0   0          0   0   0   0   0   0   0   0   0   0   0   0   0   0
F42_3   0   0          0   0   0   0   0   0   0   0   0   0   0   0   0   0
F43     0   0          0   0   0   0   0   0   0   0   0   0   0   0   0   0
F43_1   0   0          0   0   0   0   0   0   0   0   0   0   0   0   0   0
F43_2   0   0          0   0   0   0   0   0   0   0   0   0   0   0   0   0
F43_3   0   0          0   0   0   0   0   0   0   0   0   0   0   0   0   0
F44     0   0          0   0   0   0   0   0   0   0   0   0   0   0   0   0
F44_1   0   0          0   0   0   0   0   0   0   0   0   0   0   0   0   0
F44_2   0   0          0   0   0   0   0   0   0   0   0   0   0   0   0   0
F44_3   0   0          0   0   0   0   0   0   0   0   0   0   0   0   0   0
F45     0   0          0   0   0   0   0   0   0   0   0   0   0   0   0   0
F45_1   0   0          0   0   0   0   0   0   0   0   0   0   0   0   0   0
F45_2   0   0          0   0   0   0   0   0   0   0   0   0   0   0   0   0
F45_3   0   0          0   0   0   0   0   0   0   0   0   0   0   0   0   0
F46     0   0          0   0   0   0   0   0   0   0   0   0   0   0   0   0
F46_1   0   0          0   0   0   0   0   0   0   0   0   0   0   0   0   0
F46_2   0   0          0   0   0   0   0   0   0   0   0   0   0   0   0   0
F46_3   0   0          0   0   0   0   0   0   0   0   0   0   0   0   0   0
N0      0   0          0   0   1   1   0   0   1   0   0   0   0   0   0   0
Nσ      0   0          0   0   0   0   0   0   0   0   0   0   0   0   0   0

# $11 = F26_1
# $12 = F26_2
# $13 = F26_3
# $15 = F27_1
:         C24    C25  C3  C4  C5      C6     C7  C8  C9 F26 $11 $12 $13 F27 $15 :=
C1      0          1   0   0   0   0          0   0   0   0   0   0   0   0   0
C10     0.999999   0   0   0   0   0          0   0   0   0   0   0   0   0   0
C11     0          0   0   0   0   0          0   0   0   0   0   0   0   0   0
C12     0          0   0   0   0   0          0   0   0   0   0   0   0   0   0
C13     0          0   0   0   0   0          0   0   0   0   0   0   0   0   0
C14     0          0   0   0   0   0          0   0   0   0   0   0   0   0   0
C15     0          0   0   0   1   0          0   0   0   0   0   0   0   0   0
C16     0          0   0   0   0   0          0   1   0   0   0   0   0   0   0
C17     0          0   1   0   0   0          0   0   0   0   0   0   0   0   0
C18     0          0   0   0   0   0          0   0   1   0   0   0   0   0   0
C19     0          0   0   0   0   0          0   0   0   0   0   0   0   0   0
C2      0          0   0   0   0   0          0   0   0   0   0   0   0   0   0
C20     0          0   0   0   0   0          0   0   0   0   0   0   0   0   0
C21     0          0   0   0   0   0          0   0   0   0   0   0   0   0   0
C22     0          0   0   0   0   0          0   0   0   0   0   0   0   0   0
C23     0          0   0   0   0   0          0   0   0   0   0   0   0   0   0
C24      .         0   0   0   0   0          0   0   0   0   0   0   0   0   0
C25     0          .   0   0   0   0          0   0   0   0   0   0   0   0   0
C3      0          0   .   0   0   0          1   0   0   0   0   0   0   0   0
C4      0          0   0   .   0   0          0   0   0   0   0   0   0   0   0
C5      0          0   0   1   .   0          0   0   0   0   0   0   0   0   0
C6      0          0   0   0   0    .         0   0   0   0   0   0   0   0   0
C7      0          0   0   0   0   0          .   0   0   0   0   0   0   0   0
C8      0          0   0   0   0   0.999999   0   .   0   0   0   0   0   0   0
C9      0          0   0   0   0   0          0   0   .   0   0   0   0   0   0
F26     0          0   0   0   0   0          0   0   0   .   0   0   0   0   0
F26_1   0          0   0   0   0   0          0   0   0   0   .   0   0   0   0
F26_2   0          0   0   0   0   0          0   0   0   0   0   .   0   0   0
F26_3   0          0   0   0   0   0          0   0   0   0   0   0   .   0   0
F27     0          0   0   0   0   0          0   0   0   0   0   0   0   .   0
F27_1   0          0   0   0   0   0          0   0   0   0   0   0   0   0   .
F27_2   0          0   0   0   0   0          0   0   0   0   0   0   0   0   0
F27_3   0          0   0   0   0   0          0   0   0   0   0   0   0   0   0
F28     0          0   0   0   0   0          0   0   0   0   0   0   0   0   0
F28_1   0          0   0   0   0   0          0   0   0   0   0   0   0   0   0
F28_2   0          0   0   0   0   0          0   0   0   0   0   0   0   0   0
F28_3   0          0   0   0   0   0          0   0   0   0   0   0   0   0   0
F29     0          0   0   0   0   0          0   0   0   0   0   0   0   0   0
F29_1   0          0   0   0   0   0          0   0   0   0   0   0   0   0   0
F29_2   0          0   0   0   0   0          0   0   0   0   0   0   0   0   0
F29_3   0          0   0   0   0   0          0   0   0   0   0   0   0   0   0
F30     0          0   0   0   0   0          0   0   0   0   0   0   0   0   0
F30_1   0          0   0   0   0   0          0   0   0   0   0   0   0   0   0
F30_2   0          0   0   0   0   0          0   0   0   0   0   0   0   0   0
F30_3   0          0   0   0   0   0          0   0   0   0   0   0   0   0   0
F31     0          0   0   0   0   0          0   0   0   0   0   0   0   0   0
F31_1   0          0   0   0   0   0          0   0   0   0   0   0   0   0   0
F31_2   0          0   0   0   0   0          0   0   0   0   0   0   0   0   0
F31_3   0          0   0   0   0   0          0   0   0   0   0   0   0   0   0
F32     0          0   0   0   0   0          0   0   0   0   0   0   0   0   0
F32_1   0          0   0   0   0   0          0   0   0   0   0   0   0   0   0
F32_2   0          0   0   0   0   0          0   0   0   0   0   0   0   0   0
F32_3   0          0   0   0   0   0          0   0   0   0   0   0   0   0   0
F33     0          0   0   0   0   0          0   0   0   0   0   0   0   0   0
F33_1   0          0   0   0   0   0          0   0   0   0   0   0   0   0   0
F33_2   0          0   0   0   0   0          0   0   0   0   0   0   0   0   0
F33_3   0          0   0   0   0   0          0   0   0   0   0   0   0   0   0
F34     0          0   0   0   0   0          0   0   0   0   0   0   0   0   0
F34_1   0          0   0   0   0   0          0   0   0   0   0   0   0   0   0
F34_2   0          0   0   0   0   0          0   0   0   0   0   0   0   0   0
F34_3   0          0   0   0   0   0          0   0   0   0   0   0   0   0   0
F35     0          0   0   0   0   0          0   0   0   0   0   0   0   0   0
F35_1   0          0   0   0   0   0          0   0   0   0   0   0   0   0   0
F35_2   0          0   0   0   0   0          0   0   0   0   0   0   0   0   0
F35_3   0          0   0   0   0   0          0   0   0   0   0   0   0   0   0
F36     0          0   0   0   0   0          0   0   0   0   0   0   0   0   0
F36_1   0          0   0   0   0   0          0   0   0   0   0   0   0   0   0
F36_2   0          0   0   0   0   0          0   0   0   0   0   0   0   0   0
F36_3   0          0   0   0   0   0          0   0   0   0   0   0   0   0   0
F37     0          0   0   0   0   0          0   0   0   0   0   0   0   0   0
F37_1   0          0   0   0   0   0          0   0   0   0   0   0   0   0   0
F37_2   0          0   0   0   0   0          0   0   0   0   0   0   0   0   0
F37_3   0          0   0   0   0   0          0   0   0   0   0   0   0   0   0
F38     0          0   0   0   0   0          0   0   0   0   0   0   0   0   0
F38_1   0          0   0   0   0   0          0   0   0   0   0   0   0   0   0
F38_2   0          0   0   0   0   0          0   0   0   0   0   0   0   0   0
F38_3   0          0   0   0   0   0          0   0   0   0   0   0   0   0   0
F39     0          0   0   0   0   0          0   0   0   0   0   0   0   0   0
F39_1   0          0   0   0   0   0          0   0   0   0   0   0   0   0   0
F39_2   0          0   0   0   0   0          0   0   0   0   0   0   0   0   0
F39_3   0          0   0   0   0   0          0   0   0   0   0   0   0   0   0
F40     0          0   0   0   0   0          0   0   0   0   0   0   0   0   0
F40_1   0          0   0   0   0   0          0   0   0   0   0   0   0   0   0
F40_2   0          0   0   0   0   0          0   0   0   0   0   0   0   0   0
F40_3   0          0   0   0   0   0          0   0   0   0   0   0   0   0   0
F41     0          0   0   0   0   0          0   0   0   0   0   0   0   0   0
F41_1   0          0   0   0   0   0          0   0   0   0   0   0   0   0   0
F41_2   0          0   0   0   0   0          0   0   0   0   0   0   0   0   0
F41_3   0          0   0   0   0   0          0   0   0   0   0   0   0   0   0
F42     0          0   0   0   0   0          0   0   0   0   0   0   0   0   0
F42_1   0          0   0   0   0   0          0   0   0   0   0   0   0   0   0
F42_2   0          0   0   0   0   0          0   0   0   0   0   0   0   0   0
F42_3   0          0   0   0   0   0          0   0   0   0   0   0   0   0   0
F43     0          0   0   0   0   0          0   0   0   0   0   0   0   0   0
F43_1   0          0   0   0   0   0          0   0   0   0   0   0   0   0   0
F43_2   0          0   0   0   0   0          0   0   0   0   0   0   0   0   0
F43_3   0          0   0   0   0   0          0   0   0   0   0   0   0   0   0
F44     0          0   0   0   0   0          0   0   0   0   0   0   0   0   0
F44_1   0          0   0   0   0   0          0   0   0   0   0   0   0   0   0
F44_2   0          0   0   0   0   0          0   0   0   0   0   0   0   0   0
F44_3   0          0   0   0   0   0          0   0   0   0   0   0   0   0   0
F45     0          0   0   0   0   0          0   0   0   0   0   0   0   0   0
F45_1   0          0   0   0   0   0          0   0   0   0   0   0   0   0   0
F45_2   0          0   0   0   0   0          0   0   0   0   0   0   0   0   0
F45_3   0          0   0   0   0   0          0   0   0   0   0   0   0   0   0
F46     0          0   0   0   0   0          0   0   0   0   0   0   0   0   0
F46_1   0          0   0   0   0   0          0   0   0   0   0   0   0   0   0
F46_2   0          0   0   0   0   0          0   0   0   0   0   0   0   0   0
F46_3   0          0   0   0   0   0          0   0   0   0   0   0   0   0   0
N0      0          0   0   0   0   0          0   0   0   0   0   0   0   0   0
Nσ      0          0   0   0   0   0          0   0   0   0   0   0   0   0   0

# $2 = F27_3
# $4 = F28_1
# $5 = F28_2
# $6 = F28_3
# $8 = F29_1
# $9 = F29_2
# $10 = F29_3
# $12 = F30_1
# $13 = F30_2
# $14 = F30_3
# $16 = F31_1
# $17 = F31_2
# $18 = F31_3
:     F27_2  $2 F28  $4  $5  $6 F29  $8  $9 $10 F30 $12 $13 $14 F31 $16 $17 $18 :=
C1       0    0   0   0   0   0   0   0   0   0   0   0   0   0   0   0   0   0
C10      0    0   0   0   0   0   0   0   0   0   0   0   0   0   0   0   0   0
C11      0    0   0   0   0   0   0   0   0   0   0   0   0   0   0   0   0   0
C12      0    0   0   0   0   0   0   0   0   0   0   0   0   0   0   0   0   0
C13      0    0   0   0   0   0   0   0   0   0   0   0   0   0   0   0   0   0
C14      0    0   0   0   0   0   0   0   0   0   0   0   0   0   0   0   0   0
C15      0    0   0   0   0   0   0   0   0   0   0   0   0   0   0   0   0   0
C16      0    0   0   0   0   0   0   0   0   0   0   0   0   0   0   0   0   0
C17      0    0   0   0   0   0   0   0   0   0   0   0   0   0   0   0   0   0
C18      0    0   0   0   0   0   0   0   0   0   0   0   0   0   0   0   0   0
C19      0    0   0   0   0   0   0   0   0   0   0   0   0   0   0   0   0   0
C2       0    0   0   0   0   0   0   0   0   0   0   0   0   0   0   0   0   0
C20      0    0   0   0   0   0   0   0   0   0   0   0   0   0   0   0   0   0
C21      0    0   0   0   0   0   0   0   0   0   0   0   0   0   0   0   0   0
C22      0    0   0   0   0   0   0   0   0   0   0   0   0   0   0   0   0   0
C23      0    0   0   0   0   0   0   0   0   0   0   0   0   0   0   0   0   0
C24      0    0   0   0   0   0   0   0   0   0   0   0   0   0   0   0   0   0
C25      0    0   0   0   0   0   0   0   0   0   0   0   0   0   0   0   0   0
C3       0    0   0   0   0   0   0   0   0   0   0   0   0   0   0   0   0   0
C4       0    0   0   0   0   0   0   0   0   0   0   0   0   0   0   0   0   0
C5       0    0   0   0   0   0   0   0   0   0   0   0   0   0   0   0   0   0
C6       0    0   0   0   0   0   0   0   0   0   0   0   0   0   0   0   0   0
C7       0    0   0   0   0   0   0   0   0   0   0   0   0   0   0   0   0   0
C8       0    0   0   0   0   0   0   0   0   0   0   0   0   0   0   0   0   0
C9       0    0   0   0   0   0   0   0   0   0   0   0   0   0   0   0   0   0
F26      0    0   0   0   0   0   0   0   0   0   0   0   0   0   0   0   0   0
F26_1    0    0   0   0   0   0   0   0   0   0   0   0   0   0   0   0   0   0
F26_2    0    0   0   0   0   0   0   0   0   0   0   0   0   0   0   0   0   0
F26_3    0    0   0   0   0   0   0   0   0   0   0   0   0   0   0   0   0   0
F27      0    0   0   0   0   0   0   0   0   0   0   0   0   0   0   0   0   0
F27_1    0    0   0   0   0   0   0   0   0   0   0   0   0   0   0   0   0   0
F27_2    .    0   0   0   0   0   0   0   0   0   0   0   0   0   0   0   0   0
F27_3    0    .   0   0   0   0   0   0   0   0   0   0   0   0   0   0   0   0
F28      0    0   .   0   0   0   0   0   0   0   0   0   0   0   0   0   0   0
F28_1    0    0   0   .   0   0   0   0   0   0   0   0   0   0   0   0   0   0
F28_2    0    0   0   0   .   0   0   0   0   0   0   0   0   0   0   0   0   0
F28_3    0    0   0   0   0   .   0   0   0   0   0   0   0   0   0   0   0   0
F29      0    0   0   0   0   0   .   0   0   0   0   0   0   0   0   0   0   0
F29_1    0    0   0   0   0   0   0   .   0   0   0   0   0   0   0   0   0   0
F29_2    0    0   0   0   0   0   0   0   .   0   0   0   0   0   0   0   0   0
F29_3    0    0   0   0   0   0   0   0   0   .   0   0   0   0   0   0   0   0
F30      0    0   0   0   0   0   0   0   0   0   .   0   0   0   0   0   0   0
F30_1    0    0   0   0   0   0   0   0   0   0   0   .   0   0   0   0   0   0
F30_2    0    0   0   0   0   0   0   0   0   0   0   0   .   0   0   0   0   0
F30_3    0    0   0   0   0   0   0   0   0   0   0   0   0   .   0   0   0   0
F31      0    0   0   0   0   0   0   0   0   0   0   0   0   0   .   0   0   0
F31_1    0    0   0   0   0   0   0   0   0   0   0   0   0   0   0   .   0   0
F31_2    0    0   0   0   0   0   0   0   0   0   0   0   0   0   0   0   .   0
F31_3    0    0   0   0   0   0   0   0   0   0   0   0   0   0   0   0   0   .
F32      0    0   0   0   0   0   0   0   0   0   0   0   0   0   0   0   0   0
F32_1    0    0   0   0   0   0   0   0   0   0   0   0   0   0   0   0   0   0
F32_2    0    0   0   0   0   0   0   0   0   0   0   0   0   0   0   0   0   0
F32_3    0    0   0   0   0   0   0   0   0   0   0   0   0   0   0   0   0   0
F33      0    0   0   0   0   0   0   0   0   0   0   0   0   0   0   0   0   0
F33_1    0    0   0   0   0   0   0   0   0   0   0   0   0   0   0   0   0   0
F33_2    0    0   0   0   0   0   0   0   0   0   0   0   0   0   0   0   0   0
F33_3    0    0   0   0   0   0   0   0   0   0   0   0   0   0   0   0   0   0
F34      0    0   0   0   0   0   0   0   0   0   0   0   0   0   0   0   0   0
F34_1    0    0   0   0   0   0   0   0   0   0   0   0   0   0   0   0   0   0
F34_2    0    0   0   0   0   0   0   0   0   0   0   0   0   0   0   0   0   0
F34_3    0    0   0   0   0   0   0   0   0   0   0   0   0   0   0   0   0   0
F35      0    0   0   0   0   0   0   0   0   0   0   0   0   0   0   0   0   0
F35_1    0    0   0   0   0   0   0   0   0   0   0   0   0   0   0   0   0   0
F35_2    0    0   0   0   0   0   0   0   0   0   0   0   0   0   0   0   0   0
F35_3    0    0   0   0   0   0   0   0   0   0   0   0   0   0   0   0   0   0
F36      0    0   0   0   0   0   0   0   0   0   0   0   0   0   0   0   0   0
F36_1    0    0   0   0   0   0   0   0   0   0   0   0   0   0   0   0   0   0
F36_2    0    0   0   0   0   0   0   0   0   0   0   0   0   0   0   0   0   0
F36_3    0    0   0   0   0   0   0   0   0   0   0   0   0   0   0   0   0   0
F37      0    0   0   0   0   0   0   0   0   0   0   0   0   0   0   0   0   0
F37_1    0    0   0   0   0   0   0   0   0   0   0   0   0   0   0   0   0   0
F37_2    0    0   0   0   0   0   0   0   0   0   0   0   0   0   0   0   0   0
F37_3    0    0   0   0   0   0   0   0   0   0   0   0   0   0   0   0   0   0
F38      0    0   0   0   0   0   0   0   0   0   0   0   0   0   0   0   0   0
F38_1    0    0   0   0   0   0   0   0   0   0   0   0   0   0   0   0   0   0
F38_2    0    0   0   0   0   0   0   0   0   0   0   0   0   0   0   0   0   0
F38_3    0    0   0   0   0   0   0   0   0   0   0   0   0   0   0   0   0   0
F39      0    0   0   0   0   0   0   0   0   0   0   0   0   0   0   0   0   0
F39_1    0    0   0   0   0   0   0   0   0   0   0   0   0   0   0   0   0   0
F39_2    0    0   0   0   0   0   0   0   0   0   0   0   0   0   0   0   0   0
F39_3    0    0   0   0   0   0   0   0   0   0   0   0   0   0   0   0   0   0
F40      0    0   0   0   0   0   0   0   0   0   0   0   0   0   0   0   0   0
F40_1    0    0   0   0   0   0   0   0   0   0   0   0   0   0   0   0   0   0
F40_2    0    0   0   0   0   0   0   0   0   0   0   0   0   0   0   0   0   0
F40_3    0    0   0   0   0   0   0   0   0   0   0   0   0   0   0   0   0   0
F41      0    0   0   0   0   0   0   0   0   0   0   0   0   0   0   0   0   0
F41_1    0    0   0   0   0   0   0   0   0   0   0   0   0   0   0   0   0   0
F41_2    0    0   0   0   0   0   0   0   0   0   0   0   0   0   0   0   0   0
F41_3    0    0   0   0   0   0   0   0   0   0   0   0   0   0   0   0   0   0
F42      0    0   0   0   0   0   0   0   0   0   0   0   0   0   0   0   0   0
F42_1    0    0   0   0   0   0   0   0   0   0   0   0   0   0   0   0   0   0
F42_2    0    0   0   0   0   0   0   0   0   0   0   0   0   0   0   0   0   0
F42_3    0    0   0   0   0   0   0   0   0   0   0   0   0   0   0   0   0   0
F43      0    0   0   0   0   0   0   0   0   0   0   0   0   0   0   0   0   0
F43_1    0    0   0   0   0   0   0   0   0   0   0   0   0   0   0   0   0   0
F43_2    0    0   0   0   0   0   0   0   0   0   0   0   0   0   0   0   0   0
F43_3    0    0   0   0   0   0   0   0   0   0   0   0   0   0   0   0   0   0
F44      0    0   0   0   0   0   0   0   0   0   0   0   0   0   0   0   0   0
F44_1    0    0   0   0   0   0   0   0   0   0   0   0   0   0   0   0   0   0
F44_2    0    0   0   0   0   0   0   0   0   0   0   0   0   0   0   0   0   0
F44_3    0    0   0   0   0   0   0   0   0   0   0   0   0   0   0   0   0   0
F45      0    0   0   0   0   0   0   0   0   0   0   0   0   0   0   0   0   0
F45_1    0    0   0   0   0   0   0   0   0   0   0   0   0   0   0   0   0   0
F45_2    0    0   0   0   0   0   0   0   0   0   0   0   0   0   0   0   0   0
F45_3    0    0   0   0   0   0   0   0   0   0   0   0   0   0   0   0   0   0
F46      0    0   0   0   0   0   0   0   0   0   0   0   0   0   0   0   0   0
F46_1    0    0   0   0   0   0   0   0   0   0   0   0   0   0   0   0   0   0
F46_2    0    0   0   0   0   0   0   0   0   0   0   0   0   0   0   0   0   0
F46_3    0    0   0   0   0   0   0   0   0   0   0   0   0   0   0   0   0   0
N0       0    0   0   0   0   0   0   0   0   0   0   0   0   0   0   0   0   0
Nσ       0    0   0   0   0   0   0   0   0   0   0   0   0   0   0   0   0   0

# $3 = F32_2
# $4 = F32_3
# $6 = F33_1
# $7 = F33_2
# $8 = F33_3
# $10 = F34_1
# $11 = F34_2
# $12 = F34_3
# $14 = F35_1
# $15 = F35_2
# $16 = F35_3
# $18 = F36_1
:     F32 F32_1  $3  $4 F33  $6  $7  $8 F34 $10 $11 $12 F35 $14 $15 $16 F36 $18 :=
C1      0    0    0   0   0   0   0   0   0   0   0   0   0   0   0   0   0   0
C10     0    0    0   0   0   0   0   0   0   0   0   0   0   0   0   0   0   0
C11     0    0    0   0   0   0   0   0   0   0   0   0   0   0   0   0   0   0
C12     0    0    0   0   0   0   0   0   0   0   0   0   0   0   0   0   0   0
C13     0    0    0   0   0   0   0   0   0   0   0   0   0   0   0   0   0   0
C14     0    0    0   0   0   0   0   0   0   0   0   0   0   0   0   0   0   0
C15     0    0    0   0   0   0   0   0   0   0   0   0   0   0   0   0   0   0
C16     0    0    0   0   0   0   0   0   0   0   0   0   0   0   0   0   0   0
C17     0    0    0   0   0   0   0   0   0   0   0   0   0   0   0   0   0   0
C18     0    0    0   0   0   0   0   0   0   0   0   0   0   0   0   0   0   0
C19     0    0    0   0   0   0   0   0   0   0   0   0   0   0   0   0   0   0
C2      0    0    0   0   0   0   0   0   0   0   0   0   0   0   0   0   0   0
C20     0    0    0   0   0   0   0   0   0   0   0   0   0   0   0   0   0   0
C21     0    0    0   0   0   0   0   0   0   0   0   0   0   0   0   0   0   0
C22     0    0    0   0   0   0   0   0   0   0   0   0   0   0   0   0   0   0
C23     0    0    0   0   0   0   0   0   0   0   0   0   0   0   0   0   0   0
C24     0    0    0   0   0   0   0   0   0   0   0   0   0   0   0   0   0   0
C25     0    0    0   0   0   0   0   0   0   0   0   0   0   0   0   0   0   0
C3      0    0    0   0   0   0   0   0   0   0   0   0   0   0   0   0   0   0
C4      0    0    0   0   0   0   0   0   0   0   0   0   0   0   0   0   0   0
C5      0    0    0   0   0   0   0   0   0   0   0   0   0   0   0   0   0   0
C6      0    0    0   0   0   0   0   0   0   0   0   0   0   0   0   0   0   0
C7      0    0    0   0   0   0   0   0   0   0   0   0   0   0   0   0   0   0
C8      0    0    0   0   0   0   0   0   0   0   0   0   0   0   0   0   0   0
C9      0    0    0   0   0   0   0   0   0   0   0   0   0   0   0   0   0   0
F26     0    0    0   0   0   0   0   0   0   0   0   0   0   0   0   0   0   0
F26_1   0    0    0   0   0   0   0   0   0   0   0   0   0   0   0   0   0   0
F26_2   0    0    0   0   0   0   0   0   0   0   0   0   0   0   0   0   0   0
F26_3   0    0    0   0   0   0   0   0   0   0   0   0   0   0   0   0   0   0
F27     0    0    0   0   0   0   0   0   0   0   0   0   0   0   0   0   0   0
F27_1   0    0    0   0   0   0   0   0   0   0   0   0   0   0   0   0   0   0
F27_2   0    0    0   0   0   0   0   0   0   0   0   0   0   0   0   0   0   0
F27_3   0    0    0   0   0   0   0   0   0   0   0   0   0   0   0   0   0   0
F28     0    0    0   0   0   0   0   0   0   0   0   0   0   0   0   0   0   0
F28_1   0    0    0   0   0   0   0   0   0   0   0   0   0   0   0   0   0   0
F28_2   0    0    0   0   0   0   0   0   0   0   0   0   0   0   0   0   0   0
F28_3   0    0    0   0   0   0   0   0   0   0   0   0   0   0   0   0   0   0
F29     0    0    0   0   0   0   0   0   0   0   0   0   0   0   0   0   0   0
F29_1   0    0    0   0   0   0   0   0   0   0   0   0   0   0   0   0   0   0
F29_2   0    0    0   0   0   0   0   0   0   0   0   0   0   0   0   0   0   0
F29_3   0    0    0   0   0   0   0   0   0   0   0   0   0   0   0   0   0   0
F30     0    0    0   0   0   0   0   0   0   0   0   0   0   0   0   0   0   0
F30_1   0    0    0   0   0   0   0   0   0   0   0   0   0   0   0   0   0   0
F30_2   0    0    0   0   0   0   0   0   0   0   0   0   0   0   0   0   0   0
F30_3   0    0    0   0   0   0   0   0   0   0   0   0   0   0   0   0   0   0
F31     0    0    0   0   0   0   0   0   0   0   0   0   0   0   0   0   0   0
F31_1   0    0    0   0   0   0   0   0   0   0   0   0   0   0   0   0   0   0
F31_2   0    0    0   0   0   0   0   0   0   0   0   0   0   0   0   0   0   0
F31_3   0    0    0   0   0   0   0   0   0   0   0   0   0   0   0   0   0   0
F32     .    0    0   0   0   0   0   0   0   0   0   0   0   0   0   0   0   0
F32_1   0    .    0   0   0   0   0   0   0   0   0   0   0   0   0   0   0   0
F32_2   0    0    .   0   0   0   0   0   0   0   0   0   0   0   0   0   0   0
F32_3   0    0    0   .   0   0   0   0   0   0   0   0   0   0   0   0   0   0
F33     0    0    0   0   .   0   0   0   0   0   0   0   0   0   0   0   0   0
F33_1   0    0    0   0   0   .   0   0   0   0   0   0   0   0   0   0   0   0
F33_2   0    0    0   0   0   0   .   0   0   0   0   0   0   0   0   0   0   0
F33_3   0    0    0   0   0   0   0   .   0   0   0   0   0   0   0   0   0   0
F34     0    0    0   0   0   0   0   0   .   0   0   0   0   0   0   0   0   0
F34_1   0    0    0   0   0   0   0   0   0   .   0   0   0   0   0   0   0   0
F34_2   0    0    0   0   0   0   0   0   0   0   .   0   0   0   0   0   0   0
F34_3   0    0    0   0   0   0   0   0   0   0   0   .   0   0   0   0   0   0
F35     0    0    0   0   0   0   0   0   0   0   0   0   .   0   0   0   0   0
F35_1   0    0    0   0   0   0   0   0   0   0   0   0   0   .   0   0   0   0
F35_2   0    0    0   0   0   0   0   0   0   0   0   0   0   0   .   0   0   0
F35_3   0    0    0   0   0   0   0   0   0   0   0   0   0   0   0   .   0   0
F36     0    0    0   0   0   0   0   0   0   0   0   0   0   0   0   0   .   0
F36_1   0    0    0   0   0   0   0   0   0   0   0   0   0   0   0   0   0   .
F36_2   0    0    0   0   0   0   0   0   0   0   0   0   0   0   0   0   0   0
F36_3   0    0    0   0   0   0   0   0   0   0   0   0   0   0   0   0   0   0
F37     0    0    0   0   0   0   0   0   0   0   0   0   0   0   0   0   0   0
F37_1   0    0    0   0   0   0   0   0   0   0   0   0   0   0   0   0   0   0
F37_2   0    0    0   0   0   0   0   0   0   0   0   0   0   0   0   0   0   0
F37_3   0    0    0   0   0   0   0   0   0   0   0   0   0   0   0   0   0   0
F38     0    0    0   0   0   0   0   0   0   0   0   0   0   0   0   0   0   0
F38_1   0    0    0   0   0   0   0   0   0   0   0   0   0   0   0   0   0   0
F38_2   0    0    0   0   0   0   0   0   0   0   0   0   0   0   0   0   0   0
F38_3   0    0    0   0   0   0   0   0   0   0   0   0   0   0   0   0   0   0
F39     0    0    0   0   0   0   0   0   0   0   0   0   0   0   0   0   0   0
F39_1   0    0    0   0   0   0   0   0   0   0   0   0   0   0   0   0   0   0
F39_2   0    0    0   0   0   0   0   0   0   0   0   0   0   0   0   0   0   0
F39_3   0    0    0   0   0   0   0   0   0   0   0   0   0   0   0   0   0   0
F40     0    0    0   0   0   0   0   0   0   0   0   0   0   0   0   0   0   0
F40_1   0    0    0   0   0   0   0   0   0   0   0   0   0   0   0   0   0   0
F40_2   0    0    0   0   0   0   0   0   0   0   0   0   0   0   0   0   0   0
F40_3   0    0    0   0   0   0   0   0   0   0   0   0   0   0   0   0   0   0
F41     0    0    0   0   0   0   0   0   0   0   0   0   0   0   0   0   0   0
F41_1   0    0    0   0   0   0   0   0   0   0   0   0   0   0   0   0   0   0
F41_2   0    0    0   0   0   0   0   0   0   0   0   0   0   0   0   0   0   0
F41_3   0    0    0   0   0   0   0   0   0   0   0   0   0   0   0   0   0   0
F42     0    0    0   0   0   0   0   0   0   0   0   0   0   0   0   0   0   0
F42_1   0    0    0   0   0   0   0   0   0   0   0   0   0   0   0   0   0   0
F42_2   0    0    0   0   0   0   0   0   0   0   0   0   0   0   0   0   0   0
F42_3   0    0    0   0   0   0   0   0   0   0   0   0   0   0   0   0   0   0
F43     0    0    0   0   0   0   0   0   0   0   0   0   0   0   0   0   0   0
F43_1   0    0    0   0   0   0   0   0   0   0   0   0   0   0   0   0   0   0
F43_2   0    0    0   0   0   0   0   0   0   0   0   0   0   0   0   0   0   0
F43_3   0    0    0   0   0   0   0   0   0   0   0   0   0   0   0   0   0   0
F44     0    0    0   0   0   0   0   0   0   0   0   0   0   0   0   0   0   0
F44_1   0    0    0   0   0   0   0   0   0   0   0   0   0   0   0   0   0   0
F44_2   0    0    0   0   0   0   0   0   0   0   0   0   0   0   0   0   0   0
F44_3   0    0    0   0   0   0   0   0   0   0   0   0   0   0   0   0   0   0
F45     0    0    0   0   0   0   0   0   0   0   0   0   0   0   0   0   0   0
F45_1   0    0    0   0   0   0   0   0   0   0   0   0   0   0   0   0   0   0
F45_2   0    0    0   0   0   0   0   0   0   0   0   0   0   0   0   0   0   0
F45_3   0    0    0   0   0   0   0   0   0   0   0   0   0   0   0   0   0   0
F46     0    0    0   0   0   0   0   0   0   0   0   0   0   0   0   0   0   0
F46_1   0    0    0   0   0   0   0   0   0   0   0   0   0   0   0   0   0   0
F46_2   0    0    0   0   0   0   0   0   0   0   0   0   0   0   0   0   0   0
F46_3   0    0    0   0   0   0   0   0   0   0   0   0   0   0   0   0   0   0
N0      0    0    0   0   0   0   0   0   0   0   0   0   0   0   0   0   0   0
Nσ      0    0    0   0   0   0   0   0   0   0   0   0   0   0   0   0   0   0

# $2 = F36_3
# $4 = F37_1
# $5 = F37_2
# $6 = F37_3
# $8 = F38_1
# $9 = F38_2
# $10 = F38_3
# $12 = F39_1
# $13 = F39_2
# $14 = F39_3
# $16 = F40_1
# $17 = F40_2
# $18 = F40_3
:     F36_2  $2 F37  $4  $5  $6 F38  $8  $9 $10 F39 $12 $13 $14 F40 $16 $17 $18 :=
C1       0    0   0   0   0   0   0   0   0   0   0   0   0   0   0   0   0   0
C10      0    0   0   0   0   0   0   0   0   0   0   0   0   0   0   0   0   0
C11      0    0   0   0   0   0   0   0   0   0   0   0   0   0   0   0   0   0
C12      0    0   0   0   0   0   0   0   0   0   0   0   0   0   0   0   0   0
C13      0    0   0   0   0   0   0   0   0   0   0   0   0   0   0   0   0   0
C14      0    0   0   0   0   0   0   0   0   0   0   0   0   0   0   0   0   0
C15      0    0   0   0   0   0   0   0   0   0   0   0   0   0   0   0   0   0
C16      0    0   0   0   0   0   0   0   0   0   0   0   0   0   0   0   0   0
C17      0    0   0   0   0   0   0   0   0   0   0   0   0   0   0   0   0   0
C18      0    0   0   0   0   0   0   0   0   0   0   0   0   0   0   0   0   0
C19      0    0   0   0   0   0   0   0   0   0   0   0   0   0   0   0   0   0
C2       0    0   0   0   0   0   0   0   0   0   0   0   0   0   0   0   0   0
C20      0    0   0   0   0   0   0   0   0   0   0   0   0   0   0   0   0   0
C21      0    0   0   0   0   0   0   0   0   0   0   0   0   0   0   0   0   0
C22      0    0   0   0   0   0   0   0   0   0   0   0   0   0   0   0   0   0
C23      0    0   0   0   0   0   0   0   0   0   0   0   0   0   0   0   0   0
C24      0    0   0   0   0   0   0   0   0   0   0   0   0   0   0   0   0   0
C25      0    0   0   0   0   0   0   0   0   0   0   0   0   0   0   0   0   0
C3       0    0   0   0   0   0   0   0   0   0   0   0   0   0   0   0   0   0
C4       0    0   0   0   0   0   0   0   0   0   0   0   0   0   0   0   0   0
C5       0    0   0   0   0   0   0   0   0   0   0   0   0   0   0   0   0   0
C6       0    0   0   0   0   0   0   0   0   0   0   0   0   0   0   0   0   0
C7       0    0   0   0   0   0   0   0   0   0   0   0   0   0   0   0   0   0
C8       0    0   0   0   0   0   0   0   0   0   0   0   0   0   0   0   0   0
C9       0    0   0   0   0   0   0   0   0   0   0   0   0   0   0   0   0   0
F26      0    0   0   0   0   0   0   0   0   0   0   0   0   0   0   0   0   0
F26_1    0    0   0   0   0   0   0   0   0   0   0   0   0   0   0   0   0   0
F26_2    0    0   0   0   0   0   0   0   0   0   0   0   0   0   0   0   0   0
F26_3    0    0   0   0   0   0   0   0   0   0   0   0   0   0   0   0   0   0
F27      0    0   0   0   0   0   0   0   0   0   0   0   0   0   0   0   0   0
F27_1    0    0   0   0   0   0   0   0   0   0   0   0   0   0   0   0   0   0
F27_2    0    0   0   0   0   0   0   0   0   0   0   0   0   0   0   0   0   0
F27_3    0    0   0   0   0   0   0   0   0   0   0   0   0   0   0   0   0   0
F28      0    0   0   0   0   0   0   0   0   0   0   0   0   0   0   0   0   0
F28_1    0    0   0   0   0   0   0   0   0   0   0   0   0   0   0   0   0   0
F28_2    0    0   0   0   0   0   0   0   0   0   0   0   0   0   0   0   0   0
F28_3    0    0   0   0   0   0   0   0   0   0   0   0   0   0   0   0   0   0
F29      0    0   0   0   0   0   0   0   0   0   0   0   0   0   0   0   0   0
F29_1    0    0   0   0   0   0   0   0   0   0   0   0   0   0   0   0   0   0
F29_2    0    0   0   0   0   0   0   0   0   0   0   0   0   0   0   0   0   0
F29_3    0    0   0   0   0   0   0   0   0   0   0   0   0   0   0   0   0   0
F30      0    0   0   0   0   0   0   0   0   0   0   0   0   0   0   0   0   0
F30_1    0    0   0   0   0   0   0   0   0   0   0   0   0   0   0   0   0   0
F30_2    0    0   0   0   0   0   0   0   0   0   0   0   0   0   0   0   0   0
F30_3    0    0   0   0   0   0   0   0   0   0   0   0   0   0   0   0   0   0
F31      0    0   0   0   0   0   0   0   0   0   0   0   0   0   0   0   0   0
F31_1    0    0   0   0   0   0   0   0   0   0   0   0   0   0   0   0   0   0
F31_2    0    0   0   0   0   0   0   0   0   0   0   0   0   0   0   0   0   0
F31_3    0    0   0   0   0   0   0   0   0   0   0   0   0   0   0   0   0   0
F32      0    0   0   0   0   0   0   0   0   0   0   0   0   0   0   0   0   0
F32_1    0    0   0   0   0   0   0   0   0   0   0   0   0   0   0   0   0   0
F32_2    0    0   0   0   0   0   0   0   0   0   0   0   0   0   0   0   0   0
F32_3    0    0   0   0   0   0   0   0   0   0   0   0   0   0   0   0   0   0
F33      0    0   0   0   0   0   0   0   0   0   0   0   0   0   0   0   0   0
F33_1    0    0   0   0   0   0   0   0   0   0   0   0   0   0   0   0   0   0
F33_2    0    0   0   0   0   0   0   0   0   0   0   0   0   0   0   0   0   0
F33_3    0    0   0   0   0   0   0   0   0   0   0   0   0   0   0   0   0   0
F34      0    0   0   0   0   0   0   0   0   0   0   0   0   0   0   0   0   0
F34_1    0    0   0   0   0   0   0   0   0   0   0   0   0   0   0   0   0   0
F34_2    0    0   0   0   0   0   0   0   0   0   0   0   0   0   0   0   0   0
F34_3    0    0   0   0   0   0   0   0   0   0   0   0   0   0   0   0   0   0
F35      0    0   0   0   0   0   0   0   0   0   0   0   0   0   0   0   0   0
F35_1    0    0   0   0   0   0   0   0   0   0   0   0   0   0   0   0   0   0
F35_2    0    0   0   0   0   0   0   0   0   0   0   0   0   0   0   0   0   0
F35_3    0    0   0   0   0   0   0   0   0   0   0   0   0   0   0   0   0   0
F36      0    0   0   0   0   0   0   0   0   0   0   0   0   0   0   0   0   0
F36_1    0    0   0   0   0   0   0   0   0   0   0   0   0   0   0   0   0   0
F36_2    .    0   0   0   0   0   0   0   0   0   0   0   0   0   0   0   0   0
F36_3    0    .   0   0   0   0   0   0   0   0   0   0   0   0   0   0   0   0
F37      0    0   .   0   1   0   0   0   0   0   0   0   0   0   0   0   0   0
F37_1    0    0   0   .   0   0   0   0   0   0   0   0   0   0   0   0   0   0
F37_2    0    0   1   0   .   0   0   0   0   0   0   0   0   0   0   0   0   0
F37_3    0    0   0   0   0   .   0   0   0   0   0   0   0   0   0   0   0   0
F38      0    0   0   0   0   0   .   0   0   1   0   0   0   0   0   0   0   0
F38_1    0    0   0   0   0   0   0   .   0   0   0   0   0   0   0   0   0   0
F38_2    0    0   0   0   0   0   1   0   .   0   0   0   0   0   0   0   0   0
F38_3    0    0   0   0   0   0   0   0   1   .   0   0   0   0   0   0   0   0
F39      0    0   0   0   0   0   0   0   0   0   .   0   0   0   0   0   0   0
F39_1    0    0   0   0   0   0   0   0   0   0   0   .   0   0   0   0   0   0
F39_2    0    0   0   0   0   0   0   0   0   0   0   0   .   0   0   0   0   0
F39_3    0    0   0   0   0   0   0   0   0   0   0   0   0   .   0   0   0   0
F40      0    0   0   0   0   0   0   0   0   0   0   0   0   0   .   0   0   0
F40_1    0    0   0   0   0   0   0   0   0   0   0   0   0   0   0   .   0   0
F40_2    0    0   0   0   0   0   0   0   0   0   0   0   0   0   0   0   .   0
F40_3    0    0   0   0   0   0   0   0   0   0   0   0   0   0   0   0   0   .
F41      0    0   0   0   0   0   0   0   0   0   0   0   0   0   0   0   0   0
F41_1    0    0   0   0   0   0   0   0   0   0   0   0   0   0   0   0   0   0
F41_2    0    0   0   0   0   0   0   0   0   0   0   0   0   0   0   0   0   0
F41_3    0    0   0   0   0   0   0   0   0   0   0   0   0   0   0   0   0   0
F42      0    0   0   0   0   0   0   0   0   0   0   0   0   0   0   0   0   0
F42_1    0    0   0   0   0   0   0   0   0   0   0   0   0   0   0   0   0   0
F42_2    0    0   0   0   0   0   0   0   0   0   0   0   0   0   0   0   0   0
F42_3    0    0   0   0   0   0   0   0   0   0   0   0   0   0   0   0   0   0
F43      0    0   0   0   0   0   0   0   0   0   0   0   0   0   0   0   0   0
F43_1    0    0   0   0   0   0   0   0   0   0   0   0   0   0   0   0   0   0
F43_2    0    0   0   0   0   0   0   0   0   0   0   0   0   0   0   0   0   0
F43_3    0    0   0   0   0   0   0   0   0   0   0   0   0   0   0   0   0   0
F44      0    0   0   0   0   0   0   0   0   0   0   0   0   0   0   0   0   0
F44_1    0    0   0   0   0   0   0   0   0   0   0   0   0   0   0   0   0   0
F44_2    0    0   0   0   0   0   0   0   0   0   0   0   0   0   0   0   0   0
F44_3    0    0   0   0   0   0   0   0   0   0   0   0   0   0   0   0   0   0
F45      0    0   0   0   0   0   0   0   0   0   0   0   0   0   0   0   0   0
F45_1    0    0   0   0   0   0   0   0   0   0   0   0   0   0   0   0   0   0
F45_2    0    0   0   0   0   0   0   0   0   0   0   0   0   0   0   0   0   0
F45_3    0    0   0   0   0   0   0   0   0   0   0   0   0   0   0   0   0   0
F46      0    0   0   0   0   0   0   0   0   0   0   0   0   0   0   0   0   0
F46_1    0    0   0   0   0   0   0   0   0   0   0   0   0   0   0   0   0   0
F46_2    0    0   0   0   0   0   0   0   0   0   0   0   0   0   0   0   0   0
F46_3    0    0   0   0   0   0   0   0   0   0   0   0   0   0   0   0   0   0
N0       0    0   0   0   0   0   0   0   0   0   0   0   0   0   0   0   0   0
Nσ       0    0   0   0   0   0   0   0   0   0   0   0   0   0   0   0   0   0

# $3 = F41_2
# $4 = F41_3
# $6 = F42_1
# $7 = F42_2
# $8 = F42_3
# $10 = F43_1
# $11 = F43_2
# $12 = F43_3
# $14 = F44_1
# $15 = F44_2
# $16 = F44_3
# $18 = F45_1
:     F41 F41_1  $3  $4 F42  $6  $7  $8 F43 $10 $11 $12 F44 $14 $15 $16 F45 $18 :=
C1      0    0    0   0   0   0   0   0   0   0   0   0   0   0   0   0   0   0
C10     0    0    0   0   0   0   0   0   0   0   0   0   0   0   0   0   0   0
C11     0    0    0   0   0   0   0   0   0   0   0   0   0   0   0   0   0   0
C12     0    0    0   0   0   0   0   0   0   0   0   0   0   0   0   0   0   0
C13     0    0    0   0   0   0   0   0   0   0   0   0   0   0   0   0   0   0
C14     0    0    0   0   0   0   0   0   0   0   0   0   0   0   0   0   0   0
C15     0    0    0   0   0   0   0   0   0   0   0   0   0   0   0   0   0   0
C16     0    0    0   0   0   0   0   0   0   0   0   0   0   0   0   0   0   0
C17     0    0    0   0   0   0   0   0   0   0   0   0   0   0   0   0   0   0
C18     0    0    0   0   0   0   0   0   0   0   0   0   0   0   0   0   0   0
C19     0    0    0   0   0   0   0   0   0   0   0   0   0   0   0   0   0   0
C2      0    0    0   0   0   0   0   0   0   0   0   0   0   0   0   0   0   0
C20     0    0    0   0   0   0   0   0   0   0   0   0   0   0   0   0   0   0
C21     0    0    0   0   0   0   0   0   0   0   0   0   0   0   0   0   0   0
C22     0    0    0   0   0   0   0   0   0   0   0   0   0   0   0   0   0   0
C23     0    0    0   0   0   0   0   0   0   0   0   0   0   0   0   0   0   0
C24     0    0    0   0   0   0   0   0   0   0   0   0   0   0   0   0   0   0
C25     0    0    0   0   0   0   0   0   0   0   0   0   0   0   0   0   0   0
C3      0    0    0   0   0   0   0   0   0   0   0   0   0   0   0   0   0   0
C4      0    0    0   0   0   0   0   0   0   0   0   0   0   0   0   0   0   0
C5      0    0    0   0   0   0   0   0   0   0   0   0   0   0   0   0   0   0
C6      0    0    0   0   0   0   0   0   0   0   0   0   0   0   0   0   0   0
C7      0    0    0   0   0   0   0   0   0   0   0   0   0   0   0   0   0   0
C8      0    0    0   0   0   0   0   0   0   0   0   0   0   0   0   0   0   0
C9      0    0    0   0   0   0   0   0   0   0   0   0   0   0   0   0   0   0
F26     0    0    0   0   0   0   0   0   0   0   0   0   0   0   0   0   0   0
F26_1   0    0    0   0   0   0   0   0   0   0   0   0   0   0   0   0   0   0
F26_2   0    0    0   0   0   0   0   0   0   0   0   0   0   0   0   0   0   0
F26_3   0    0    0   0   0   0   0   0   0   0   0   0   0   0   0   0   0   0
F27     0    0    0   0   0   0   0   0   0   0   0   0   0   0   0   0   0   0
F27_1   0    0    0   0   0   0   0   0   0   0   0   0   0   0   0   0   0   0
F27_2   0    0    0   0   0   0   0   0   0   0   0   0   0   0   0   0   0   0
F27_3   0    0    0   0   0   0   0   0   0   0   0   0   0   0   0   0   0   0
F28     0    0    0   0   0   0   0   0   0   0   0   0   0   0   0   0   0   0
F28_1   0    0    0   0   0   0   0   0   0   0   0   0   0   0   0   0   0   0
F28_2   0    0    0   0   0   0   0   0   0   0   0   0   0   0   0   0   0   0
F28_3   0    0    0   0   0   0   0   0   0   0   0   0   0   0   0   0   0   0
F29     0    0    0   0   0   0   0   0   0   0   0   0   0   0   0   0   0   0
F29_1   0    0    0   0   0   0   0   0   0   0   0   0   0   0   0   0   0   0
F29_2   0    0    0   0   0   0   0   0   0   0   0   0   0   0   0   0   0   0
F29_3   0    0    0   0   0   0   0   0   0   0   0   0   0   0   0   0   0   0
F30     0    0    0   0   0   0   0   0   0   0   0   0   0   0   0   0   0   0
F30_1   0    0    0   0   0   0   0   0   0   0   0   0   0   0   0   0   0   0
F30_2   0    0    0   0   0   0   0   0   0   0   0   0   0   0   0   0   0   0
F30_3   0    0    0   0   0   0   0   0   0   0   0   0   0   0   0   0   0   0
F31     0    0    0   0   0   0   0   0   0   0   0   0   0   0   0   0   0   0
F31_1   0    0    0   0   0   0   0   0   0   0   0   0   0   0   0   0   0   0
F31_2   0    0    0   0   0   0   0   0   0   0   0   0   0   0   0   0   0   0
F31_3   0    0    0   0   0   0   0   0   0   0   0   0   0   0   0   0   0   0
F32     0    0    0   0   0   0   0   0   0   0   0   0   0   0   0   0   0   0
F32_1   0    0    0   0   0   0   0   0   0   0   0   0   0   0   0   0   0   0
F32_2   0    0    0   0   0   0   0   0   0   0   0   0   0   0   0   0   0   0
F32_3   0    0    0   0   0   0   0   0   0   0   0   0   0   0   0   0   0   0
F33     0    0    0   0   0   0   0   0   0   0   0   0   0   0   0   0   0   0
F33_1   0    0    0   0   0   0   0   0   0   0   0   0   0   0   0   0   0   0
F33_2   0    0    0   0   0   0   0   0   0   0   0   0   0   0   0   0   0   0
F33_3   0    0    0   0   0   0   0   0   0   0   0   0   0   0   0   0   0   0
F34     0    0    0   0   0   0   0   0   0   0   0   0   0   0   0   0   0   0
F34_1   0    0    0   0   0   0   0   0   0   0   0   0   0   0   0   0   0   0
F34_2   0    0    0   0   0   0   0   0   0   0   0   0   0   0   0   0   0   0
F34_3   0    0    0   0   0   0   0   0   0   0   0   0   0   0   0   0   0   0
F35     0    0    0   0   0   0   0   0   0   0   0   0   0   0   0   0   0   0
F35_1   0    0    0   0   0   0   0   0   0   0   0   0   0   0   0   0   0   0
F35_2   0    0    0   0   0   0   0   0   0   0   0   0   0   0   0   0   0   0
F35_3   0    0    0   0   0   0   0   0   0   0   0   0   0   0   0   0   0   0
F36     0    0    0   0   0   0   0   0   0   0   0   0   0   0   0   0   0   0
F36_1   0    0    0   0   0   0   0   0   0   0   0   0   0   0   0   0   0   0
F36_2   0    0    0   0   0   0   0   0   0   0   0   0   0   0   0   0   0   0
F36_3   0    0    0   0   0   0   0   0   0   0   0   0   0   0   0   0   0   0
F37     0    0    0   0   0   0   0   0   0   0   0   0   0   0   0   0   0   0
F37_1   0    0    0   0   0   0   0   0   0   0   0   0   0   0   0   0   0   0
F37_2   0    0    0   0   0   0   0   0   0   0   0   0   0   0   0   0   0   0
F37_3   0    0    0   0   0   0   0   0   0   0   0   0   0   0   0   0   0   0
F38     0    0    0   0   0   0   0   0   0   0   0   0   0   0   0   0   0   0
F38_1   0    0    0   0   0   0   0   0   0   0   0   0   0   0   0   0   0   0
F38_2   0    0    0   0   0   0   0   0   0   0   0   0   0   0   0   0   0   0
F38_3   0    0    0   0   0   0   0   0   0   0   0   0   0   0   0   0   0   0
F39     0    0    0   0   0   0   0   0   0   0   0   0   0   0   0   0   0   0
F39_1   0    0    0   0   0   0   0   0   0   0   0   0   0   0   0   0   0   0
F39_2   0    0    0   0   0   0   0   0   0   0   0   0   0   0   0   0   0   0
F39_3   0    0    0   0   0   0   0   0   0   0   0   0   0   0   0   0   0   0
F40     0    0    0   0   0   0   0   0   0   0   0   0   0   0   0   0   0   0
F40_1   0    0    0   0   0   0   0   0   0   0   0   0   0   0   0   0   0   0
F40_2   0    0    0   0   0   0   0   0   0   0   0   0   0   0   0   0   0   0
F40_3   0    0    0   0   0   0   0   0   0   0   0   0   0   0   0   0   0   0
F41     .    0    0   0   0   0   0   0   0   0   0   0   0   0   0   0   0   0
F41_1   0    .    0   0   0   0   0   0   0   0   0   0   0   0   0   0   0   0
F41_2   0    0    .   0   0   0   0   0   0   0   0   0   0   0   0   0   0   0
F41_3   0    0    0   .   0   0   0   0   0   0   0   0   0   0   0   0   0   0
F42     0    0    0   0   .   0   0   0   0   0   0   0   0   0   0   0   0   0
F42_1   0    0    0   0   0   .   0   0   0   0   0   0   0   0   0   0   0   0
F42_2   0    0    0   0   0   0   .   0   0   0   0   0   0   0   0   0   0   0
F42_3   0    0    0   0   0   0   0   .   0   0   0   0   0   0   0   0   0   0
F43     0    0    0   0   0   0   0   0   .   0   0   0   0   0   0   0   0   0
F43_1   0    0    0   0   0   0   0   0   0   .   0   0   0   0   0   0   0   0
F43_2   0    0    0   0   0   0   0   0   0   0   .   0   0   0   0   0   0   0
F43_3   0    0    0   0   0   0   0   0   0   0   0   .   0   0   0   0   0   0
F44     0    0    0   0   0   0   0   0   0   0   0   0   .   0   0   0   0   0
F44_1   0    0    0   0   0   0   0   0   0   0   0   0   0   .   0   0   0   0
F44_2   0    0    0   0   0   0   0   0   0   0   0   0   0   0   .   0   0   0
F44_3   0    0    0   0   0   0   0   0   0   0   0   0   0   0   0   .   0   0
F45     0    0    0   0   0   0   0   0   0   0   0   0   0   0   0   0   .   0
F45_1   0    0    0   0   0   0   0   0   0   0   0   0   0   0   0   0   0   .
F45_2   0    0    0   0   0   0   0   0   0   0   0   0   0   0   0   0   0   0
F45_3   0    0    0   0   0   0   0   0   0   0   0   0   0   0   0   0   0   0
F46     0    0    0   0   0   0   0   0   0   0   0   0   0   0   0   0   0   0
F46_1   0    0    0   0   0   0   0   0   0   0   0   0   0   0   0   0   0   0
F46_2   0    0    0   0   0   0   0   0   0   0   0   0   0   0   0   0   0   0
F46_3   0    0    0   0   0   0   0   0   0   0   0   0   0   0   0   0   0   0
N0      0    0    0   0   0   0   0   0   0   0   0   0   0   0   0   0   0   0
Nσ      0    0    0   0   0   0   0   0   0   0   0   0   0   0   0   0   0   0

:     F45_2 F45_3 F46 F46_1 F46_2 F46_3  N0  Nσ    :=
C1       0     0    0    0     0     0    0   0
C10      0     0    0    0     0     0    0   0
C11      0     0    0    0     0     0    0   0
C12      0     0    0    0     0     0    0   0
C13      0     0    0    0     0     0    0   0
C14      0     0    0    0     0     0    0   0
C15      0     0    0    0     0     0    0   0
C16      0     0    0    0     0     0    0   0
C17      0     0    0    0     0     0    0   0
C18      0     0    0    0     0     0    0   0
C19      0     0    0    0     0     0    0   0
C2       0     0    0    0     0     0    0   1
C20      0     0    0    0     0     0    0   0
C21      0     0    0    0     0     0    0   0
C22      0     0    0    0     0     0    0   0
C23      0     0    0    0     0     0    0   0
C24      0     0    0    0     0     0    0   0
C25      0     0    0    0     0     0    0   0
C3       0     0    0    0     0     0    0   0
C4       0     0    0    0     0     0    0   1
C5       0     0    0    0     0     0    0   0
C6       0     0    0    0     0     0    0   0
C7       0     0    0    0     0     0    0   0
C8       0     0    0    0     0     0    0   0
C9       0     0    0    0     0     0    0   1
F26      0     0    0    0     0     0    0   0
F26_1    0     0    0    0     0     0    0   0
F26_2    0     0    0    0     0     0    0   0
F26_3    0     0    0    0     0     0    0   0
F27      0     0    0    0     0     0    0   0
F27_1    0     0    0    0     0     0    0   0
F27_2    0     0    0    0     0     0    0   0
F27_3    0     0    0    0     0     0    0   0
F28      0     0    0    0     0     0    0   0
F28_1    0     0    0    0     0     0    0   0
F28_2    0     0    0    0     0     0    0   0
F28_3    0     0    0    0     0     0    0   0
F29      0     0    0    0     0     0    0   0
F29_1    0     0    0    0     0     0    0   0
F29_2    0     0    0    0     0     0    0   0
F29_3    0     0    0    0     0     0    0   0
F30      0     0    0    0     0     0    0   0
F30_1    0     0    0    0     0     0    0   0
F30_2    0     0    0    0     0     0    0   0
F30_3    0     0    0    0     0     0    0   0
F31      0     0    0    0     0     0    0   0
F31_1    0     0    0    0     0     0    0   0
F31_2    0     0    0    0     0     0    0   0
F31_3    0     0    0    0     0     0    0   0
F32      0     0    0    0     0     0    0   0
F32_1    0     0    0    0     0     0    0   0
F32_2    0     0    0    0     0     0    0   0
F32_3    0     0    0    0     0     0    0   0
F33      0     0    0    0     0     0    0   0
F33_1    0     0    0    0     0     0    0   0
F33_2    0     0    0    0     0     0    0   0
F33_3    0     0    0    0     0     0    0   0
F34      0     0    0    0     0     0    0   0
F34_1    0     0    0    0     0     0    0   0
F34_2    0     0    0    0     0     0    0   0
F34_3    0     0    0    0     0     0    0   0
F35      0     0    0    0     0     0    0   0
F35_1    0     0    0    0     0     0    0   0
F35_2    0     0    0    0     0     0    0   0
F35_3    0     0    0    0     0     0    0   0
F36      0     0    0    0     0     0    0   0
F36_1    0     0    0    0     0     0    0   0
F36_2    0     0    0    0     0     0    0   0
F36_3    0     0    0    0     0     0    0   0
F37      0     0    0    0     0     0    0   0
F37_1    0     0    0    0     0     0    0   0
F37_2    0     0    0    0     0     0    0   0
F37_3    0     0    0    0     0     0    0   0
F38      0     0    0    0     0     0    0   0
F38_1    0     0    0    0     0     0    0   0
F38_2    0     0    0    0     0     0    0   0
F38_3    0     0    0    0     0     0    0   0
F39      0     0    0    0     0     0    0   0
F39_1    0     0    0    0     0     0    0   0
F39_2    0     0    0    0     0     0    0   0
F39_3    0     0    0    0     0     0    0   0
F40      0     0    0    0     0     0    0   0
F40_1    0     0    0    0     0     0    0   0
F40_2    0     0    0    0     0     0    0   0
F40_3    0     0    0    0     0     0    0   0
F41      0     0    0    0     0     0    0   0
F41_1    0     0    0    0     0     0    0   0
F41_2    0     0    0    0     0     0    0   0
F41_3    0     0    0    0     0     0    0   0
F42      0     0    0    0     0     0    0   0
F42_1    0     0    0    0     0     0    0   0
F42_2    0     0    0    0     0     0    0   0
F42_3    0     0    0    0     0     0    0   0
F43      0     0    0    0     0     0    0   0
F43_1    0     0    0    0     0     0    0   0
F43_2    0     0    0    0     0     0    0   0
F43_3    0     0    0    0     0     0    0   0
F44      0     0    0    0     0     0    0   0
F44_1    0     0    0    0     0     0    0   0
F44_2    0     0    0    0     0     0    0   0
F44_3    0     0    0    0     0     0    0   0
F45      0     0    0    0     0     0    0   0
F45_1    0     0    0    0     0     0    0   0
F45_2    .     0    0    0     0     0    0   0
F45_3    0     .    0    0     0     0    0   0
F46      0     0    .    0     0     0    0   0
F46_1    0     0    0    .     0     0    0   0
F46_2    0     0    0    0     .     0    0   0
F46_3    0     0    0    0     0     .    0   0
N0       0     0    0    0     0     0    .   0
Nσ       0     0    0    0     0     0    0   .
;

sum{i in D0, j in Vplun} x[i,j] = 3

sum{i in Vall, j in Vall: i != j} x[i,j]*t[i,j] = 430.605

sum{i in F} z[i]*R[i] = 0

sum{i in F, j in Vplunend: i != j} y[i]*x[i,j] = 0

a [*] :=
   C1  353.584           F29 1000             F38_1 1000
  C10  585             F29_1 1000             F38_2 1000
  C11  374.394         F29_2 1000             F38_3 1000
  C12  357.686         F29_3  465.236           F39    0
  C13  241.947           F30  850.105         F39_1 1000
  C14  162             F30_1  839.552         F39_2 1000
  C15  825.692         F30_2    0             F39_3    0
  C16  268.976         F30_3    0               F40  771.802
  C17   29.1548          F31  948.571         F40_1 1000
  C18  514             F31_1 1000             F40_2    0
  C19  798             F31_2    0             F40_3    0
   C2  686             F31_3    0               F41  249.951
  C20  268               F32  811.032         F41_1 1000
  C21  200             F32_1 1000             F41_2 1000
  C22  410.806         F32_2 1000             F41_3 1000
  C23  388             F32_3 1000               F42  948.571
  C24  626.321           F33    0             F42_1    0
  C25  377             F33_1 1000             F42_2    0
   C3   51.8827        F33_2    0             F42_3 1000
   C4  867.396         F33_3 1000               F43  811.032
   C5  848.341           F34  948.571         F43_1    0.000544926
   C6  409             F34_1 1000             F43_2 1000
   C7  262.675         F34_2 1000             F43_3    0
   C8  300             F34_3 1000               F44  226
   C9  690               F35  948.571         F44_1 1000
  F26  144.911         F35_1 1000             F44_2 1000
F26_1    0             F35_2 1000             F44_3 1000
F26_2  944.638         F35_3 1000               F45  226
F26_3 1000               F36  948.571         F45_1 1000
  F27 1000             F36_1   26.4074        F45_2    0
F27_1 1000             F36_2   26.9966        F45_3    0
F27_2 1000             F36_3   26.4074          F46  226
F27_3 1000               F37    0             F46_1 1000
  F28  811.032         F37_1 1000             F46_2 1000
F28_1 1000             F37_2    0             F46_3 1000
F28_2 1000             F37_3 1000                N0    0
F28_3 1000               F38 1000                Nσ 1000
;

u [*] :=
   C1   47               F29 1000             F38_1 1000
  C10   49.9991        F29_1 1000             F38_2    0
  C11  955             F29_2 1000             F38_3    0
  C12  968             F29_3 1000               F39    0
  C13 1000               F30 1000             F39_1 1000
  C14 1000             F30_1 1000             F39_2 1000
  C15   20             F30_2    0             F39_3    0
  C16   93.9982        F30_3    0               F40 1000
  C17   98               F31 1000             F40_1    0
  C18   26             F31_1 1000             F40_2    0
  C19   37             F31_2    0             F40_3    0
   C2    8             F31_3    0               F41 1000
  C20  983               F32 1000             F41_1 1000
  C21  994             F32_1 1000             F41_2 1000
  C22   18             F32_2 1000             F41_3 1000
  C23  942             F32_3 1000               F42 1000
  C24   44               F33    0             F42_1    0
  C25   38             F33_1    0             F42_2    0
   C3   82             F33_2 1000             F42_3 1000
   C4   15             F33_3    0               F43    2.18246e-05
   C5   18               F34 1000             F43_1    0
   C6   67.9991        F34_1 1000             F43_2 1000
   C7   66             F34_2 1000             F43_3 1000
   C8   75.9982        F34_3 1000               F44 1000
   C9   23               F35 1000             F44_1 1000
  F26  989             F35_1 1000             F44_2 1000
F26_1 1000             F35_2    0             F44_3 1000
F26_2 1000             F35_3 1000               F45 1000
F26_3    0               F36 1000             F45_1 1000
  F27 1000             F36_1    0             F45_2 1000
F27_1 1000             F36_2    0             F45_3 1000
F27_2 1000             F36_3    0               F46 1000
F27_3 1000               F37    0             F46_1 1000
  F28 1000             F37_1 1000             F46_2 1000
F28_1 1000             F37_2    0             F46_3 1000
F28_2 1000             F37_3 1000                N0 1000
F28_3 1000               F38    0                Nσ    0
;

v [*] :=
   C1  42.8481          F29   0             F38_1 238.34
  C10 160.965         F29_1   0             F38_2   0
  C11  73.1009        F29_2   0             F38_3   0
  C12  79.8091        F29_3   0               F39   0
  C13 223.076           F30   0             F39_1   0
  C14 196.743         F30_1   0             F39_2 238.34
  C15  30.7045        F30_2   0             F39_3   0
  C16 206.046         F30_3   0               F40   0
  C17  76.1133          F31 238.34          F40_1   0
  C18  18.2514        F31_1 238.34          F40_2   0
  C19  48.3963        F31_2   0             F40_3   0
   C2  41.0366        F31_3   0               F41 238.34
  C20 107.012           F32 238.34          F41_1 238.34
  C21 179.98          F32_1 238.34          F41_2 238.34
  C22  56.6891        F32_2 238.34          F41_3 238.34
  C23  69.4953        F32_3 238.34            F42   0
  C24 129.644           F33   0             F42_1   0
  C25  29.4317        F33_1   0             F42_2   0
   C3  63.3854        F33_2 238.34          F42_3 238.34
   C4   9             F33_3 238.34            F43   1.59936e-05
   C5  18.0554          F34 238.34          F43_1   0
   C6 169.211         F34_1 238.34          F43_2   0
   C7  49.1727        F34_2 238.34          F43_3 238.34
   C8 185.023         F34_3 238.34            F44 238.34
   C9  11.1803          F35   0             F44_1   0
  F26 238.34          F35_1 238.34          F44_2 238.34
F26_1   0             F35_2   0             F44_3 238.34
F26_2 238.34          F35_3 238.34            F45 238.34
F26_3   0               F36   0             F45_1 238.34
  F27   0             F36_1   0             F45_2 238.34
F27_1   0             F36_2   0             F45_3 238.34
F27_2   0             F36_3   0               F46 238.34
F27_3 238.34            F37   0             F46_1 238.34
  F28 238.34          F37_1   0             F46_2 238.34
F28_1 238.34          F37_2   0             F46_3 238.34
F28_2 238.34          F37_3   0                N0 238.34
F28_3 238.34            F38   0                Nσ   0
;

y [*] :=
  F26 0   F28_3 0   F31_2 0   F34_1 0     F37 0   F39_3 0   F42_2 0   F45_1 0
F26_1 0     F29 0   F31_3 0   F34_2 0   F37_1 0     F40 0   F42_3 0   F45_2 0
F26_2 0   F29_1 0     F32 0   F34_3 0   F37_2 0   F40_1 0     F43 0   F45_3 0
F26_3 0   F29_2 0   F32_1 0     F35 0   F37_3 1   F40_2 0   F43_1 0     F46 0
  F27 0   F29_3 0   F32_2 0   F35_1 0     F38 0   F40_3 0   F43_2 0   F46_1 0
F27_1 0     F30 0   F32_3 0   F35_2 0   F38_1 0     F41 0   F43_3 0   F46_2 0
F27_2 0   F30_1 0     F33 0   F35_3 0   F38_2 0   F41_1 0     F44 0   F46_3 0
F27_3 0   F30_2 0   F33_1 0     F36 0   F38_3 0   F41_2 0   F44_1 0
  F28 0   F30_3 0   F33_2 0   F36_1 0     F39 0   F41_3 0   F44_2 0
F28_1 0     F31 0   F33_3 0   F36_2 0   F39_1 0     F42 0   F44_3 0
F28_2 0   F31_1 0     F34 0   F36_3 0   F39_2 0   F42_1 0     F45 0
;

z [*] :=
  F26 1   F28_3 1   F31_2 1   F34_1 1     F37 1   F39_3 1   F42_2 1   F45_1 1
F26_1 1     F29 1   F31_3 1   F34_2 1   F37_1 1     F40 1   F42_3 1   F45_2 1
F26_2 1   F29_1 1     F32 1   F34_3 1   F37_2 1   F40_1 1     F43 1   F45_3 1
F26_3 1   F29_2 1   F32_1 1     F35 1   F37_3 0   F40_2 1   F43_1 1     F46 1
  F27 1   F29_3 1   F32_2 1   F35_1 1     F38 1   F40_3 1   F43_2 1   F46_1 1
F27_1 1     F30 1   F32_3 1   F35_2 1   F38_1 1     F41 1   F43_3 1   F46_2 1
F27_2 1   F30_1 1     F33 1   F35_3 1   F38_2 1   F41_1 1     F44 1   F46_3 1
F27_3 1   F30_2 1   F33_1 1     F36 1   F38_3 1   F41_2 1   F44_1 1
  F28 1   F30_3 1   F33_2 1   F36_1 1     F39 1   F41_3 1   F44_2 1
F28_1 1     F31 1   F33_3 1   F36_2 1   F39_1 1     F42 1   F44_3 1
F28_2 1   F31_1 1     F34 1   F36_3 1   F39_2 1   F42_1 1     F45 1
;

R [*] :=
  F26 0   F28_3 0   F31_2 0   F34_1 0     F37 0   F39_3 0   F42_2 0   F45_1 0
F26_1 0     F29 0   F31_3 0   F34_2 0   F37_1 0     F40 0   F42_3 0   F45_2 0
F26_2 0   F29_1 0     F32 0   F34_3 0   F37_2 0   F40_1 0     F43 0   F45_3 0
F26_3 0   F29_2 0   F32_1 0     F35 0   F37_3 0   F40_2 0   F43_1 0     F46 0
  F27 0   F29_3 0   F32_2 0   F35_1 0     F38 0   F40_3 0   F43_2 0   F46_1 0
F27_1 0     F30 0   F32_3 0   F35_2 0   F38_1 0     F41 0   F43_3 0   F46_2 0
F27_2 0   F30_1 0     F33 0   F35_3 0   F38_2 0   F41_1 0     F44 0   F46_3 0
F27_3 0   F30_2 0   F33_1 0     F36 0   F38_3 0   F41_2 0   F44_1 0
  F28 0   F30_3 0   F33_2 0   F36_1 0     F39 0   F41_3 0   F44_2 0
F28_1 0     F31 0   F33_3 0   F36_2 0   F39_1 0     F42 0   F44_3 0
F28_2 0   F31_1 0     F34 0   F36_3 0   F39_2 0   F42_1 0     F45 0
;

Y [*] :=
  F26 238.34            F33   0               F40   0
F26_1   0             F33_1   0             F40_1   0
F26_2 238.34          F33_2 238.34          F40_2   0
F26_3   0             F33_3 238.34          F40_3   0
  F27   0               F34 238.34            F41 238.34
F27_1   0             F34_1 238.34          F41_1 238.34
F27_2   0             F34_2 238.34          F41_2 238.34
F27_3 238.34          F34_3 238.34          F41_3 238.34
  F28 238.34            F35   0               F42   0
F28_1 238.34          F35_1 238.34          F42_1   0
F28_2 238.34          F35_2   0             F42_2   0
F28_3 238.34          F35_3 238.34          F42_3 238.34
  F29   0               F36   0               F43   1.59936e-05
F29_1   0             F36_1   0             F43_1   0
F29_2   0             F36_2   0             F43_2   0
F29_3   0             F36_3   0             F43_3 238.34
  F30   0               F37   0               F44 238.34
F30_1   0             F37_1   0             F44_1   0
F30_2   0             F37_2   0             F44_2 238.34
F30_3   0             F37_3 238.34          F44_3 238.34
  F31 238.34            F38   0               F45 238.34
F31_1 238.34          F38_1 238.34          F45_1 238.34
F31_2   0             F38_2   0             F45_2 238.34
F31_3   0             F38_3   0             F45_3 238.34
  F32 238.34            F39   0               F46 238.34
F32_1 238.34          F39_1   0             F46_1 238.34
F32_2 238.34          F39_2 238.34          F46_2 238.34
F32_3 238.34          F39_3   0             F46_3 238.34
;

