MIP Gap (%):  38.23665479782115
_solve_elapsed_time = 28802.1

TotalCost = 3551.18

x [*,*]
:      C1 C10 C11 C12 C13 C14 C15 C16 C17 C18 C19  C2 C20 C21 C22 C23 C24 C25 :=
C1      .   0   0   0   0   0   1   0   0   0   0   0   0   0   0   0   0   0
C10     0   .   0   0   0   0   0   0   0   0   0   0   0   0   1   0   0   0
C11     0   0   .   0   0   0   0   0   0   0   0   0   0   0   0   0   0   0
C12     0   0   0   .   0   0   0   0   0   0   0   1   0   0   0   0   0   0
C13     0   0   0   0   .   0   0   0   0   0   0   0   0   0   0   0   0   0
C14     0   0   0   0   0   .   0   0   0   0   0   0   0   0   0   0   0   0
C15     0   0   0   0   0   0   .   0   1   0   0   0   0   0   0   0   0   0
C16     0   0   0   0   0   1   0   .   0   0   0   0   0   0   0   0   0   0
C17     0   0   0   0   0   0   0   0   .   0   0   0   1   0   0   0   0   0
C18     0   0   0   0   0   0   0   0   0   .   1   0   0   0   0   0   0   0
C19     0   0   0   0   0   0   0   0   0   0   .   0   0   0   0   0   0   0
C2      0   0   0   0   0   0   0   0   0   1   0   .   0   0   0   0   0   0
C20     0   0   0   0   1   0   0   0   0   0   0   0   .   0   0   0   0   0
C21     1   0   0   0   0   0   0   0   0   0   0   0   0   .   0   0   0   0
C22     0   0   0   0   0   0   0   0   0   0   0   0   0   0   .   0   0   0
C23     0   0   0   0   0   0   0   1   0   0   0   0   0   0   0   .   0   0
C24     0   0   0   1   0   0   0   0   0   0   0   0   0   0   0   0   .   0
C25     0   1   0   0   0   0   0   0   0   0   0   0   0   0   0   0   0   .
C3      0   0   0   0   0   0   0   0   0   0   0   0   0   0   0   0   0   1
C4      0   0   0   0   0   0   0   0   0   0   0   0   0   0   0   0   0   0
C5      0   0   1   0   0   0   0   0   0   0   0   0   0   0   0   0   0   0
C6      0   0   0   0   0   0   0   0   0   0   0   0   0   1   0   0   0   0
C7      0   0   0   0   0   0   0   0   0   0   0   0   0   0   0   0   0   0
C8      0   0   0   0   0   0   0   0   0   0   0   0   0   0   0   0   0   0
C9      0   0   0   0   0   0   0   0   0   0   0   0   0   0   0   0   1   0
F26     0   0   0   0   0   0   0   0   0   0   0   0   0   0   0   0   0   0
F26_1   0   0   0   0   0   0   0   0   0   0   0   0   0   0   0   0   0   0
F26_2   0   0   0   0   0   0   0   0   0   0   0   0   0   0   0   0   0   0
F26_3   0   0   0   0   0   0   0   0   0   0   0   0   0   0   0   0   0   0
F27     0   0   0   0   0   0   0   0   0   0   0   0   0   0   0   0   0   0
F27_1   0   0   0   0   0   0   0   0   0   0   0   0   0   0   0   0   0   0
F27_2   0   0   0   0   0   0   0   0   0   0   0   0   0   0   0   0   0   0
F27_3   0   0   0   0   0   0   0   0   0   0   0   0   0   0   0   0   0   0
F28     0   0   0   0   0   0   0   0   0   0   0   0   0   0   0   0   0   0
F28_1   0   0   0   0   0   0   0   0   0   0   0   0   0   0   0   0   0   0
F28_2   0   0   0   0   0   0   0   0   0   0   0   0   0   0   0   0   0   0
F28_3   0   0   0   0   0   0   0   0   0   0   0   0   0   0   0   0   0   0
F29     0   0   0   0   0   0   0   0   0   0   0   0   0   0   0   0   0   0
F29_1   0   0   0   0   0   0   0   0   0   0   0   0   0   0   0   0   0   0
F29_2   0   0   0   0   0   0   0   0   0   0   0   0   0   0   0   0   0   0
F29_3   0   0   0   0   0   0   0   0   0   0   0   0   0   0   0   0   0   0
F30     0   0   0   0   0   0   0   0   0   0   0   0   0   0   0   0   0   0
F30_1   0   0   0   0   0   0   0   0   0   0   0   0   0   0   0   0   0   0
F30_2   0   0   0   0   0   0   0   0   0   0   0   0   0   0   0   0   0   0
F30_3   0   0   0   0   0   0   0   0   0   0   0   0   0   0   0   0   0   0
F31     0   0   0   0   0   0   0   0   0   0   0   0   0   0   0   0   0   0
F31_1   0   0   0   0   0   0   0   0   0   0   0   0   0   0   0   0   0   0
F31_2   0   0   0   0   0   0   0   0   0   0   0   0   0   0   0   0   0   0
F31_3   0   0   0   0   0   0   0   0   0   0   0   0   0   0   0   0   0   0
F32     0   0   0   0   0   0   0   0   0   0   0   0   0   0   0   0   0   0
F32_1   0   0   0   0   0   0   0   0   0   0   0   0   0   0   0   0   0   0
F32_2   0   0   0   0   0   0   0   0   0   0   0   0   0   0   0   0   0   0
F32_3   0   0   0   0   0   0   0   0   0   0   0   0   0   0   0   0   0   0
F33     0   0   0   0   0   0   0   0   0   0   0   0   0   0   0   0   0   0
F33_1   0   0   0   0   0   0   0   0   0   0   0   0   0   0   0   0   0   0
F33_2   0   0   0   0   0   0   0   0   0   0   0   0   0   0   0   0   0   0
F33_3   0   0   0   0   0   0   0   0   0   0   0   0   0   0   0   0   0   0
F34     0   0   0   0   0   0   0   0   0   0   0   0   0   0   0   0   0   0
F34_1   0   0   0   0   0   0   0   0   0   0   0   0   0   0   0   0   0   0
F34_2   0   0   0   0   0   0   0   0   0   0   0   0   0   0   0   0   0   0
F34_3   0   0   0   0   0   0   0   0   0   0   0   0   0   0   0   0   0   0
F35     0   0   0   0   0   0   0   0   0   0   0   0   0   0   0   0   0   0
F35_1   0   0   0   0   0   0   0   0   0   0   0   0   0   0   0   0   0   0
F35_2   0   0   0   0   0   0   0   0   0   0   0   0   0   0   0   0   0   0
F35_3   0   0   0   0   0   0   0   0   0   0   0   0   0   0   0   0   0   0
F36     0   0   0   0   0   0   0   0   0   0   0   0   0   0   0   0   0   0
F36_1   0   0   0   0   0   0   0   0   0   0   0   0   0   0   0   0   0   0
F36_2   0   0   0   0   0   0   0   0   0   0   0   0   0   0   0   0   0   0
F36_3   0   0   0   0   0   0   0   0   0   0   0   0   0   0   0   0   0   0
F37     0   0   0   0   0   0   0   0   0   0   0   0   0   0   0   0   0   0
F37_1   0   0   0   0   0   0   0   0   0   0   0   0   0   0   0   0   0   0
F37_2   0   0   0   0   0   0   0   0   0   0   0   0   0   0   0   0   0   0
F37_3   0   0   0   0   0   0   0   0   0   0   0   0   0   0   0   0   0   0
F38     0   0   0   0   0   0   0   0   0   0   0   0   0   0   0   0   0   0
F38_1   0   0   0   0   0   0   0   0   0   0   0   0   0   0   0   0   0   0
F38_2   0   0   0   0   0   0   0   0   0   0   0   0   0   0   0   0   0   0
F38_3   0   0   0   0   0   0   0   0   0   0   0   0   0   0   0   0   0   0
F39     0   0   0   0   0   0   0   0   0   0   0   0   0   0   0   0   0   0
F39_1   0   0   0   0   0   0   0   0   0   0   0   0   0   0   0   0   0   0
F39_2   0   0   0   0   0   0   0   0   0   0   0   0   0   0   0   0   0   0
F39_3   0   0   0   0   0   0   0   0   0   0   0   0   0   0   0   0   0   0
F40     0   0   0   0   0   0   0   0   0   0   0   0   0   0   0   0   0   0
F40_1   0   0   0   0   0   0   0   0   0   0   0   0   0   0   0   0   0   0
F40_2   0   0   0   0   0   0   0   0   0   0   0   0   0   0   0   0   0   0
F40_3   0   0   0   0   0   0   0   0   0   0   0   0   0   0   0   0   0   0
F41     0   0   0   0   0   0   0   0   0   0   0   0   0   0   0   0   0   0
F41_1   0   0   0   0   0   0   0   0   0   0   0   0   0   0   0   0   0   0
F41_2   0   0   0   0   0   0   0   0   0   0   0   0   0   0   0   0   0   0
F41_3   0   0   0   0   0   0   0   0   0   0   0   0   0   0   0   0   0   0
F42     0   0   0   0   0   0   0   0   0   0   0   0   0   0   0   0   0   0
F42_1   0   0   0   0   0   0   0   0   0   0   0   0   0   0   0   0   0   0
F42_2   0   0   0   0   0   0   0   0   0   0   0   0   0   0   0   0   0   0
F42_3   0   0   0   0   0   0   0   0   0   0   0   0   0   0   0   0   0   0
F43     0   0   0   0   0   0   0   0   0   0   0   0   0   0   0   0   0   0
F43_1   0   0   0   0   0   0   0   0   0   0   0   0   0   0   0   0   0   0
F43_2   0   0   0   0   0   0   0   0   0   0   0   0   0   0   0   0   0   0
F43_3   0   0   0   0   0   0   0   0   0   0   0   0   0   0   0   0   0   0
F44     0   0   0   0   0   0   0   0   0   0   0   0   0   0   0   0   0   0
F44_1   0   0   0   0   0   0   0   0   0   0   0   0   0   0   0   0   0   0
F44_2   0   0   0   0   0   0   0   0   0   0   0   0   0   0   0   0   0   0
F44_3   0   0   0   0   0   0   0   0   0   0   0   0   0   0   0   0   0   0
F45     0   0   0   0   0   0   0   0   0   0   0   0   0   0   0   0   0   0
F45_1   0   0   0   0   0   0   0   0   0   0   0   0   0   0   0   0   0   0
F45_2   0   0   0   0   0   0   0   0   0   0   0   0   0   0   0   0   0   0
F45_3   0   0   0   0   0   0   0   0   0   0   0   0   0   0   0   0   0   0
F46     0   0   0   0   0   0   0   0   0   0   0   0   0   0   0   0   0   0
F46_1   0   0   0   0   0   0   0   0   0   0   0   0   0   0   0   0   0   0
F46_2   0   0   0   0   0   0   0   0   0   0   0   0   0   0   0   0   0   0
F46_3   0   0   0   0   0   0   0   0   0   0   0   0   0   0   0   0   0   0
N0      0   0   0   0   0   0   0   0   0   0   0   0   0   0   0   1   0   0
Nσ      0   0   0   0   0   0   0   0   0   0   0   0   0   0   0   0   0   0

# $10 = F26_2
# $11 = F26_3
# $13 = F27_1
# $14 = F27_2
# $15 = F27_3
:          C3     C4  C5  C6  C7  C8  C9 F26 F26_1 $10 $11 F27 $13 $14 $15 F28 :=
C1      0          0   0   0   0   0   0   0    0    0   0   0   0   0   0   0
C10     0          0   0   0   0   0   0   0    0    0   0   0   0   0   0   0
C11     0          0   0   0   0   0   0   0    0    0   0   0   0   0   0   0
C12     0          0   0   0   0   0   0   0    0    0   0   0   0   0   0   0
C13     0          0   0   0   0   0   0   0    0    0   0   0   0   0   0   0
C14     0          1   0   0   0   0   0   0    0    0   0   0   0   0   0   0
C15     0          0   0   0   0   0   0   0    0    0   0   0   0   0   0   0
C16     0          0   0   0   0   0   0   0    0    0   0   0   0   0   0   0
C17     0          0   0   0   0   0   0   0    0    0   0   0   0   0   0   0
C18     0          0   0   0   0   0   0   0    0    0   0   0   0   0   0   0
C19     0          0   0   1   0   0   0   0    0    0   0   0   0   0   0   0
C2      0          0   0   0   0   0   0   0    0    0   0   0   0   0   0   0
C20     0          0   0   0   0   0   0   0    0    0   0   0   0   0   0   0
C21     0          0   0   0   0   0   0   0    0    0   0   0   0   0   0   0
C22     0          0   0   0   1   0   0   0    0    0   0   0   0   0   0   0
C23     0          0   0   0   0   0   0   0    0    0   0   0   0   0   0   0
C24     0          0   0   0   0   0   0   0    0    0   0   0   0   0   0   0
C25     0          0   0   0   0   0   0   0    0    0   0   0   0   0   0   0
C3       .         0   0   0   0   0   0   0    0    0   0   0   0   0   0   0
C4      0          .   0   0   0   1   0   0    0    0   0   0   0   0   0   0
C5      0          0   .   0   0   0   0   0    0    0   0   0   0   0   0   0
C6      0          0   0   .   0   0   0   0    0    0   0   0   0   0   0   0
C7      0          0   0   0   .   0   1   0    0    0   0   0   0   0   0   0
C8      0          0   1   0   0   .   0   0    0    0   0   0   0   0   0   0
C9      0          0   0   0   0   0   .   0    0    0   0   0   0   0   0   0
F26     0          0   0   0   0   0   0   .    0    0   0   0   0   0   0   0
F26_1   0          0   0   0   0   0   0   0    .    0   0   0   0   0   0   0
F26_2   0          0   0   0   0   0   0   0    0    .   0   0   0   0   0   0
F26_3   0          0   0   0   0   0   0   0    0    0   .   0   0   0   0   0
F27     0          0   0   0   0   0   0   0    0    0   0   .   0   0   0   0
F27_1   0          0   0   0   0   0   0   0    0    0   0   0   .   0   0   0
F27_2   0          0   0   0   0   0   0   0    0    0   0   0   0   .   0   0
F27_3   0          0   0   0   0   0   0   0    0    0   0   0   0   0   .   0
F28     0          0   0   0   0   0   0   0    0    0   0   0   0   0   0   .
F28_1   0          0   0   0   0   0   0   0    0    0   0   0   0   0   0   0
F28_2   0          0   0   0   0   0   0   0    0    0   0   0   0   0   0   0
F28_3   0          0   0   0   0   0   0   0    0    0   0   0   0   0   0   0
F29     0          0   0   0   0   0   0   0    0    0   0   0   0   0   0   0
F29_1   0          0   0   0   0   0   0   0    0    0   0   0   0   0   0   0
F29_2   0          0   0   0   0   0   0   0    0    0   0   0   0   0   0   0
F29_3   0          0   0   0   0   0   0   0    0    0   0   0   0   0   0   0
F30     0          0   0   0   0   0   0   0    0    0   0   0   0   0   0   0
F30_1   0          0   0   0   0   0   0   0    0    0   0   0   0   0   0   0
F30_2   0          0   0   0   0   0   0   0    0    0   0   0   0   0   0   0
F30_3   0          0   0   0   0   0   0   0    0    0   0   0   0   0   0   0
F31     0          0   0   0   0   0   0   0    0    0   0   0   0   0   0   0
F31_1   0          0   0   0   0   0   0   0    0    0   0   0   0   0   0   0
F31_2   0          0   0   0   0   0   0   0    0    0   0   0   0   0   0   0
F31_3   0          0   0   0   0   0   0   0    0    0   0   0   0   0   0   0
F32     0          0   0   0   0   0   0   0    0    0   0   0   0   0   0   0
F32_1   0          0   0   0   0   0   0   0    0    0   0   0   0   0   0   0
F32_2   0          0   0   0   0   0   0   0    0    0   0   0   0   0   0   0
F32_3   0          0   0   0   0   0   0   0    0    0   0   0   0   0   0   0
F33     0          0   0   0   0   0   0   0    0    0   0   0   0   0   0   0
F33_1   0          0   0   0   0   0   0   0    0    0   0   0   0   0   0   0
F33_2   0          0   0   0   0   0   0   0    0    0   0   0   0   0   0   0
F33_3   0          0   0   0   0   0   0   0    0    0   0   0   0   0   0   0
F34     0          0   0   0   0   0   0   0    0    0   0   0   0   0   0   0
F34_1   0          0   0   0   0   0   0   0    0    0   0   0   0   0   0   0
F34_2   0          0   0   0   0   0   0   0    0    0   0   0   0   0   0   0
F34_3   0          0   0   0   0   0   0   0    0    0   0   0   0   0   0   0
F35     0          0   0   0   0   0   0   0    0    0   0   0   0   0   0   0
F35_1   0          0   0   0   0   0   0   0    0    0   0   0   0   0   0   0
F35_2   0          0   0   0   0   0   0   0    0    0   0   0   0   0   0   0
F35_3   0          0   0   0   0   0   0   0    0    0   0   0   0   0   0   0
F36     0          0   0   0   0   0   0   0    0    0   0   0   0   0   0   0
F36_1   0          0   0   0   0   0   0   0    0    0   0   0   0   0   0   0
F36_2   0          0   0   0   0   0   0   0    0    0   0   0   0   0   0   0
F36_3   0          0   0   0   0   0   0   0    0    0   0   0   0   0   0   0
F37     0          0   0   0   0   0   0   0    0    0   0   0   0   0   0   0
F37_1   0          0   0   0   0   0   0   0    0    0   0   0   0   0   0   0
F37_2   0          0   0   0   0   0   0   0    0    0   0   0   0   0   0   0
F37_3   0          0   0   0   0   0   0   0    0    0   0   0   0   0   0   0
F38     0          0   0   0   0   0   0   0    0    0   0   0   0   0   0   0
F38_1   0          0   0   0   0   0   0   0    0    0   0   0   0   0   0   0
F38_2   0          0   0   0   0   0   0   0    0    0   0   0   0   0   0   0
F38_3   0          0   0   0   0   0   0   0    0    0   0   0   0   0   0   0
F39     0          0   0   0   0   0   0   0    0    0   0   0   0   0   0   0
F39_1   0          0   0   0   0   0   0   0    0    0   0   0   0   0   0   0
F39_2   0          0   0   0   0   0   0   0    0    0   0   0   0   0   0   0
F39_3   0          0   0   0   0   0   0   0    0    0   0   0   0   0   0   0
F40     0          0   0   0   0   0   0   0    0    0   0   0   0   0   0   0
F40_1   0          0   0   0   0   0   0   0    0    0   0   0   0   0   0   0
F40_2   0          0   0   0   0   0   0   0    0    0   0   0   0   0   0   0
F40_3   0          0   0   0   0   0   0   0    0    0   0   0   0   0   0   0
F41     0          0   0   0   0   0   0   0    0    0   0   0   0   0   0   0
F41_1   0          0   0   0   0   0   0   0    0    0   0   0   0   0   0   0
F41_2   0          0   0   0   0   0   0   0    0    0   0   0   0   0   0   0
F41_3   0          0   0   0   0   0   0   0    0    0   0   0   0   0   0   0
F42     0          0   0   0   0   0   0   0    0    0   0   0   0   0   0   0
F42_1   0          0   0   0   0   0   0   0    0    0   0   0   0   0   0   0
F42_2   0          0   0   0   0   0   0   0    0    0   0   0   0   0   0   0
F42_3   0          0   0   0   0   0   0   0    0    0   0   0   0   0   0   0
F43     0          0   0   0   0   0   0   0    0    0   0   0   0   0   0   0
F43_1   0          0   0   0   0   0   0   0    0    0   0   0   0   0   0   0
F43_2   0          0   0   0   0   0   0   0    0    0   0   0   0   0   0   0
F43_3   0          0   0   0   0   0   0   0    0    0   0   0   0   0   0   0
F44     0          0   0   0   0   0   0   0    0    0   0   0   0   0   0   0
F44_1   0          0   0   0   0   0   0   0    0    0   0   0   0   0   0   0
F44_2   0          0   0   0   0   0   0   0    0    0   0   0   0   0   0   0
F44_3   0          0   0   0   0   0   0   0    0    0   0   0   0   0   0   0
F45     0          0   0   0   0   0   0   0    0    0   0   0   0   0   0   0
F45_1   0          0   0   0   0   0   0   0    0    0   0   0   0   0   0   0
F45_2   0          0   0   0   0   0   0   0    0    0   0   0   0   0   0   0
F45_3   0          0   0   0   0   0   0   0    0    0   0   0   0   0   0   0
F46     0          0   0   0   0   0   0   0    0    0   0   0   0   0   0   0
F46_1   0          0   0   0   0   0   0   0    0    0   0   0   0   0   0   0
F46_2   0          0   0   0   0   0   0   0    0    0   0   0   0   0   0   0
F46_3   0          0   0   0   0   0   0   0    0    0   0   0   0   0   0   0
N0      0.999999   0   0   0   0   0   0   0    0    0   0   0   0   0   0   0
Nσ      0          0   0   0   0   0   0   0    0    0   0   0   0   0   0   0

# $2 = F28_2
# $3 = F28_3
# $5 = F29_1
# $6 = F29_2
# $7 = F29_3
# $9 = F30_1
# $10 = F30_2
# $11 = F30_3
# $13 = F31_1
# $14 = F31_2
# $15 = F31_3
# $17 = F32_1
# $18 = F32_2
:     F28_1  $2  $3 F29  $5  $6  $7 F30  $9 $10 $11 F31 $13 $14 $15 F32 $17 $18 :=
C1       0    0   0   0   0   0   0   0   0   0   0   0   0   0   0   0   0   0
C10      0    0   0   0   0   0   0   0   0   0   0   0   0   0   0   0   0   0
C11      0    0   0   0   0   0   0   0   0   0   0   0   0   0   0   0   0   0
C12      0    0   0   0   0   0   0   0   0   0   0   0   0   0   0   0   0   0
C13      0    0   0   0   0   0   0   0   0   0   0   0   0   0   0   0   0   0
C14      0    0   0   0   0   0   0   0   0   0   0   0   0   0   0   0   0   0
C15      0    0   0   0   0   0   0   0   0   0   0   0   0   0   0   0   0   0
C16      0    0   0   0   0   0   0   0   0   0   0   0   0   0   0   0   0   0
C17      0    0   0   0   0   0   0   0   0   0   0   0   0   0   0   0   0   0
C18      0    0   0   0   0   0   0   0   0   0   0   0   0   0   0   0   0   0
C19      0    0   0   0   0   0   0   0   0   0   0   0   0   0   0   0   0   0
C2       0    0   0   0   0   0   0   0   0   0   0   0   0   0   0   0   0   0
C20      0    0   0   0   0   0   0   0   0   0   0   0   0   0   0   0   0   0
C21      0    0   0   0   0   0   0   0   0   0   0   0   0   0   0   0   0   0
C22      0    0   0   0   0   0   0   0   0   0   0   0   0   0   0   0   0   0
C23      0    0   0   0   0   0   0   0   0   0   0   0   0   0   0   0   0   0
C24      0    0   0   0   0   0   0   0   0   0   0   0   0   0   0   0   0   0
C25      0    0   0   0   0   0   0   0   0   0   0   0   0   0   0   0   0   0
C3       0    0   0   0   0   0   0   0   0   0   0   0   0   0   0   0   0   0
C4       0    0   0   0   0   0   0   0   0   0   0   0   0   0   0   0   0   0
C5       0    0   0   0   0   0   0   0   0   0   0   0   0   0   0   0   0   0
C6       0    0   0   0   0   0   0   0   0   0   0   0   0   0   0   0   0   0
C7       0    0   0   0   0   0   0   0   0   0   0   0   0   0   0   0   0   0
C8       0    0   0   0   0   0   0   0   0   0   0   0   0   0   0   0   0   0
C9       0    0   0   0   0   0   0   0   0   0   0   0   0   0   0   0   0   0
F26      0    0   0   0   0   0   0   0   0   0   0   0   0   0   0   0   0   0
F26_1    0    0   0   0   0   0   0   0   0   0   0   0   0   0   0   0   0   0
F26_2    0    0   0   0   0   0   0   0   0   0   0   0   0   0   0   0   0   0
F26_3    0    0   0   0   0   0   0   0   0   0   0   0   0   0   0   0   0   0
F27      0    0   0   0   0   0   0   0   0   0   0   0   0   0   0   0   0   0
F27_1    0    0   0   0   0   0   0   0   0   0   0   0   0   0   0   0   0   0
F27_2    0    0   0   0   0   0   0   0   0   0   0   0   0   0   0   0   0   0
F27_3    0    0   0   0   0   0   0   0   0   0   0   0   0   0   0   0   0   0
F28      0    0   0   0   0   0   0   0   0   0   0   0   0   0   0   0   0   0
F28_1    .    0   0   0   0   0   0   0   0   0   0   0   0   0   0   0   0   0
F28_2    0    .   0   0   0   0   0   0   0   0   0   0   0   0   0   0   0   0
F28_3    0    0   .   0   0   0   0   0   0   0   0   0   0   0   0   0   0   0
F29      0    0   0   .   0   0   0   0   0   0   0   0   0   0   0   0   0   0
F29_1    0    0   0   0   .   0   0   0   0   0   0   0   0   0   0   0   0   0
F29_2    0    0   0   0   0   .   0   0   0   0   0   0   0   0   0   0   0   0
F29_3    0    0   0   0   0   0   .   0   0   0   0   0   0   0   0   0   0   0
F30      0    0   0   0   0   0   0   .   0   0   0   0   0   0   0   0   0   0
F30_1    0    0   0   0   0   0   0   0   .   0   0   0   0   0   0   0   0   0
F30_2    0    0   0   0   0   0   0   0   0   .   0   0   0   0   0   0   0   0
F30_3    0    0   0   0   0   0   0   0   0   0   .   0   0   0   0   0   0   0
F31      0    0   0   0   0   0   0   0   0   0   0   .   0   0   0   0   0   0
F31_1    0    0   0   0   0   0   0   0   0   0   0   0   .   0   0   0   0   0
F31_2    0    0   0   0   0   0   0   0   0   0   0   0   0   .   0   0   0   0
F31_3    0    0   0   0   0   0   0   0   0   0   0   0   0   0   .   0   0   0
F32      0    0   0   0   0   0   0   0   0   0   0   0   0   0   0   .   0   0
F32_1    0    0   0   0   0   0   0   0   0   0   0   0   0   0   0   0   .   0
F32_2    0    0   0   0   0   0   0   0   0   0   0   0   0   0   0   0   0   .
F32_3    0    0   0   0   0   0   0   0   0   0   0   0   0   0   0   0   0   0
F33      0    0   0   0   0   0   0   0   0   0   0   0   0   0   0   0   0   0
F33_1    0    0   0   0   0   0   0   0   0   0   0   0   0   0   0   0   0   0
F33_2    0    0   0   0   0   0   0   0   0   0   0   0   0   0   0   0   0   0
F33_3    0    0   0   0   0   0   0   0   0   0   0   0   0   0   0   0   0   0
F34      0    0   0   0   0   0   0   0   0   0   0   0   0   0   0   0   0   0
F34_1    0    0   0   0   0   0   0   0   0   0   0   0   0   0   0   0   0   0
F34_2    0    0   0   0   0   0   0   0   0   0   0   0   0   0   0   0   0   0
F34_3    0    0   0   0   0   0   0   0   0   0   0   0   0   0   0   0   0   0
F35      0    0   0   0   0   0   0   0   0   0   0   0   0   0   0   0   0   0
F35_1    0    0   0   0   0   0   0   0   0   0   0   0   0   0   0   0   0   0
F35_2    0    0   0   0   0   0   0   0   0   0   0   0   0   0   0   0   0   0
F35_3    0    0   0   0   0   0   0   0   0   0   0   0   0   0   0   0   0   0
F36      0    0   0   0   0   0   0   0   0   0   0   0   0   0   0   0   0   0
F36_1    0    0   0   0   0   0   0   0   0   0   0   0   0   0   0   0   0   0
F36_2    0    0   0   0   0   0   0   0   0   0   0   0   0   0   0   0   0   0
F36_3    0    0   0   0   0   0   0   0   0   0   0   0   0   0   0   0   0   0
F37      0    0   0   0   0   0   0   0   0   0   0   0   0   0   0   0   0   0
F37_1    0    0   0   0   0   0   0   0   0   0   0   0   0   0   0   0   0   0
F37_2    0    0   0   0   0   0   0   0   0   0   0   0   0   0   0   0   0   0
F37_3    0    0   0   0   0   0   0   0   0   0   0   0   0   0   0   0   0   0
F38      0    0   0   0   0   0   0   0   0   0   0   0   0   0   0   0   0   0
F38_1    0    0   0   0   0   0   0   0   0   0   0   0   0   0   0   0   0   0
F38_2    0    0   0   0   0   0   0   0   0   0   0   0   0   0   0   0   0   0
F38_3    0    0   0   0   0   0   0   0   0   0   0   0   0   0   0   0   0   0
F39      0    0   0   0   0   0   0   0   0   0   0   0   0   0   0   0   0   0
F39_1    0    0   0   0   0   0   0   0   0   0   0   0   0   0   0   0   0   0
F39_2    0    0   0   0   0   0   0   0   0   0   0   0   0   0   0   0   0   0
F39_3    0    0   0   0   0   0   0   0   0   0   0   0   0   0   0   0   0   0
F40      0    0   0   0   0   0   0   0   0   0   0   0   0   0   0   0   0   0
F40_1    0    0   0   0   0   0   0   0   0   0   0   0   0   0   0   0   0   0
F40_2    0    0   0   0   0   0   0   0   0   0   0   0   0   0   0   0   0   0
F40_3    0    0   0   0   0   0   0   0   0   0   0   0   0   0   0   0   0   0
F41      0    0   0   0   0   0   0   0   0   0   0   0   0   0   0   0   0   0
F41_1    0    0   0   0   0   0   0   0   0   0   0   0   0   0   0   0   0   0
F41_2    0    0   0   0   0   0   0   0   0   0   0   0   0   0   0   0   0   0
F41_3    0    0   0   0   0   0   0   0   0   0   0   0   0   0   0   0   0   0
F42      0    0   0   0   0   0   0   0   0   0   0   0   0   0   0   0   0   0
F42_1    0    0   0   0   0   0   0   0   0   0   0   0   0   0   0   0   0   0
F42_2    0    0   0   0   0   0   0   0   0   0   0   0   0   0   0   0   0   0
F42_3    0    0   0   0   0   0   0   0   0   0   0   0   0   0   0   0   0   0
F43      0    0   0   0   0   0   0   0   0   0   0   0   0   0   0   0   0   0
F43_1    0    0   0   0   0   0   0   0   0   0   0   0   0   0   0   0   0   0
F43_2    0    0   0   0   0   0   0   0   0   0   0   0   0   0   0   0   0   0
F43_3    0    0   0   0   0   0   0   0   0   0   0   0   0   0   0   0   0   0
F44      0    0   0   0   0   0   0   0   0   0   0   0   0   0   0   0   0   0
F44_1    0    0   0   0   0   0   0   0   0   0   0   0   0   0   0   0   0   0
F44_2    0    0   0   0   0   0   0   0   0   0   0   0   0   0   0   0   0   0
F44_3    0    0   0   0   0   0   0   0   0   0   0   0   0   0   0   0   0   0
F45      0    0   0   0   0   0   0   0   0   0   0   0   0   0   0   0   0   0
F45_1    0    0   0   0   0   0   0   0   0   0   0   0   0   0   0   0   0   0
F45_2    0    0   0   0   0   0   0   0   0   0   0   0   0   0   0   0   0   0
F45_3    0    0   0   0   0   0   0   0   0   0   0   0   0   0   0   0   0   0
F46      0    0   0   0   0   0   0   0   0   0   0   0   0   0   0   0   0   0
F46_1    0    0   0   0   0   0   0   0   0   0   0   0   0   0   0   0   0   0
F46_2    0    0   0   0   0   0   0   0   0   0   0   0   0   0   0   0   0   0
F46_3    0    0   0   0   0   0   0   0   0   0   0   0   0   0   0   0   0   0
N0       0    0   0   0   0   0   0   0   0   0   0   0   0   0   0   0   0   0
Nσ       0    0   0   0   0   0   0   0   0   0   0   0   0   0   0   0   0   0

# $3 = F33_1
# $4 = F33_2
# $5 = F33_3
# $7 = F34_1
# $8 = F34_2
# $9 = F34_3
# $11 = F35_1
# $12 = F35_2
# $13 = F35_3
# $15 = F36_1
# $16 = F36_2
# $17 = F36_3
:     F32_3 F33  $3  $4  $5 F34  $7  $8  $9 F35 $11 $12 $13 F36 $15 $16 $17 F37 :=
C1       0    0   0   0   0   0   0   0   0   0   0   0   0   0   0   0   0   0
C10      0    0   0   0   0   0   0   0   0   0   0   0   0   0   0   0   0   0
C11      0    0   0   0   0   0   0   0   0   0   0   0   0   0   0   0   0   0
C12      0    0   0   0   0   0   0   0   0   0   0   0   0   0   0   0   0   0
C13      0    0   0   0   0   0   0   0   0   0   0   0   0   0   0   0   0   0
C14      0    0   0   0   0   0   0   0   0   0   0   0   0   0   0   0   0   0
C15      0    0   0   0   0   0   0   0   0   0   0   0   0   0   0   0   0   0
C16      0    0   0   0   0   0   0   0   0   0   0   0   0   0   0   0   0   0
C17      0    0   0   0   0   0   0   0   0   0   0   0   0   0   0   0   0   0
C18      0    0   0   0   0   0   0   0   0   0   0   0   0   0   0   0   0   0
C19      0    0   0   0   0   0   0   0   0   0   0   0   0   0   0   0   0   0
C2       0    0   0   0   0   0   0   0   0   0   0   0   0   0   0   0   0   0
C20      0    0   0   0   0   0   0   0   0   0   0   0   0   0   0   0   0   0
C21      0    0   0   0   0   0   0   0   0   0   0   0   0   0   0   0   0   0
C22      0    0   0   0   0   0   0   0   0   0   0   0   0   0   0   0   0   0
C23      0    0   0   0   0   0   0   0   0   0   0   0   0   0   0   0   0   0
C24      0    0   0   0   0   0   0   0   0   0   0   0   0   0   0   0   0   0
C25      0    0   0   0   0   0   0   0   0   0   0   0   0   0   0   0   0   0
C3       0    0   0   0   0   0   0   0   0   0   0   0   0   0   0   0   0   0
C4       0    0   0   0   0   0   0   0   0   0   0   0   0   0   0   0   0   0
C5       0    0   0   0   0   0   0   0   0   0   0   0   0   0   0   0   0   0
C6       0    0   0   0   0   0   0   0   0   0   0   0   0   0   0   0   0   0
C7       0    0   0   0   0   0   0   0   0   0   0   0   0   0   0   0   0   0
C8       0    0   0   0   0   0   0   0   0   0   0   0   0   0   0   0   0   0
C9       0    0   0   0   0   0   0   0   0   0   0   0   0   0   0   0   0   0
F26      0    0   0   0   0   0   0   0   0   0   0   0   0   0   0   0   0   0
F26_1    0    0   0   0   0   0   0   0   0   0   0   0   0   0   0   0   0   0
F26_2    0    0   0   0   0   0   0   0   0   0   0   0   0   0   0   0   0   0
F26_3    0    0   0   0   0   0   0   0   0   0   0   0   0   0   0   0   0   0
F27      0    0   0   0   0   0   0   0   0   0   0   0   0   0   0   0   0   0
F27_1    0    0   0   0   0   0   0   0   0   0   0   0   0   0   0   0   0   0
F27_2    0    0   0   0   0   0   0   0   0   0   0   0   0   0   0   0   0   0
F27_3    0    0   0   0   0   0   0   0   0   0   0   0   0   0   0   0   0   0
F28      0    0   0   0   0   0   0   0   0   0   0   0   0   0   0   0   0   0
F28_1    0    0   0   0   0   0   0   0   0   0   0   0   0   0   0   0   0   0
F28_2    0    0   0   0   0   0   0   0   0   0   0   0   0   0   0   0   0   0
F28_3    0    0   0   0   0   0   0   0   0   0   0   0   0   0   0   0   0   0
F29      0    0   0   0   0   0   0   0   0   0   0   0   0   0   0   0   0   0
F29_1    0    0   0   0   0   0   0   0   0   0   0   0   0   0   0   0   0   0
F29_2    0    0   0   0   0   0   0   0   0   0   0   0   0   0   0   0   0   0
F29_3    0    0   0   0   0   0   0   0   0   0   0   0   0   0   0   0   0   0
F30      0    0   0   0   0   0   0   0   0   0   0   0   0   0   0   0   0   0
F30_1    0    0   0   0   0   0   0   0   0   0   0   0   0   0   0   0   0   0
F30_2    0    0   0   0   0   0   0   0   0   0   0   0   0   0   0   0   0   0
F30_3    0    0   0   0   0   0   0   0   0   0   0   0   0   0   0   0   0   0
F31      0    0   0   0   0   0   0   0   0   0   0   0   0   0   0   0   0   0
F31_1    0    0   0   0   0   0   0   0   0   0   0   0   0   0   0   0   0   0
F31_2    0    0   0   0   0   0   0   0   0   0   0   0   0   0   0   0   0   0
F31_3    0    0   0   0   0   0   0   0   0   0   0   0   0   0   0   0   0   0
F32      0    0   0   0   0   0   0   0   0   0   0   0   0   0   0   0   0   0
F32_1    0    0   0   0   0   0   0   0   0   0   0   0   0   0   0   0   0   0
F32_2    0    0   0   0   0   0   0   0   0   0   0   0   0   0   0   0   0   0
F32_3    .    0   0   0   0   0   0   0   0   0   0   0   0   0   0   0   0   0
F33      0    .   0   1   0   0   0   0   0   0   0   0   0   0   0   0   0   0
F33_1    0    0   .   0   1   0   0   0   0   0   0   0   0   0   0   0   0   0
F33_2    0    0   1   .   0   0   0   0   0   0   0   0   0   0   0   0   0   0
F33_3    0    1   0   0   .   0   0   0   0   0   0   0   0   0   0   0   0   0
F34      0    0   0   0   0   .   0   0   0   0   0   0   0   0   0   0   0   0
F34_1    0    0   0   0   0   0   .   0   0   0   0   0   0   0   0   0   0   0
F34_2    0    0   0   0   0   0   0   .   0   0   0   0   0   0   0   0   0   0
F34_3    0    0   0   0   0   0   0   0   .   0   0   0   0   0   0   0   0   0
F35      0    0   0   0   0   0   0   0   0   .   0   0   0   0   0   0   0   0
F35_1    0    0   0   0   0   0   0   0   0   0   .   0   0   0   0   0   0   0
F35_2    0    0   0   0   0   0   0   0   0   0   0   .   0   0   0   0   0   0
F35_3    0    0   0   0   0   0   0   0   0   0   0   0   .   0   0   0   0   0
F36      0    0   0   0   0   0   0   0   0   0   0   0   0   .   0   0   0   0
F36_1    0    0   0   0   0   0   0   0   0   0   0   0   0   0   .   0   0   0
F36_2    0    0   0   0   0   0   0   0   0   0   0   0   0   0   0   .   0   0
F36_3    0    0   0   0   0   0   0   0   0   0   0   0   0   0   0   0   .   0
F37      0    0   0   0   0   0   0   0   0   0   0   0   0   0   0   0   0   .
F37_1    0    0   0   0   0   0   0   0   0   0   0   0   0   0   0   0   0   0
F37_2    0    0   0   0   0   0   0   0   0   0   0   0   0   0   0   0   0   0
F37_3    0    0   0   0   0   0   0   0   0   0   0   0   0   0   0   0   0   0
F38      0    0   0   0   0   0   0   0   0   0   0   0   0   0   0   0   0   0
F38_1    0    0   0   0   0   0   0   0   0   0   0   0   0   0   0   0   0   0
F38_2    0    0   0   0   0   0   0   0   0   0   0   0   0   0   0   0   0   0
F38_3    0    0   0   0   0   0   0   0   0   0   0   0   0   0   0   0   0   0
F39      0    0   0   0   0   0   0   0   0   0   0   0   0   0   0   0   0   0
F39_1    0    0   0   0   0   0   0   0   0   0   0   0   0   0   0   0   0   0
F39_2    0    0   0   0   0   0   0   0   0   0   0   0   0   0   0   0   0   0
F39_3    0    0   0   0   0   0   0   0   0   0   0   0   0   0   0   0   0   0
F40      0    0   0   0   0   0   0   0   0   0   0   0   0   0   0   0   0   0
F40_1    0    0   0   0   0   0   0   0   0   0   0   0   0   0   0   0   0   0
F40_2    0    0   0   0   0   0   0   0   0   0   0   0   0   0   0   0   0   0
F40_3    0    0   0   0   0   0   0   0   0   0   0   0   0   0   0   0   0   0
F41      0    0   0   0   0   0   0   0   0   0   0   0   0   0   0   0   0   0
F41_1    0    0   0   0   0   0   0   0   0   0   0   0   0   0   0   0   0   0
F41_2    0    0   0   0   0   0   0   0   0   0   0   0   0   0   0   0   0   0
F41_3    0    0   0   0   0   0   0   0   0   0   0   0   0   0   0   0   0   0
F42      0    0   0   0   0   0   0   0   0   0   0   0   0   0   0   0   0   0
F42_1    0    0   0   0   0   0   0   0   0   0   0   0   0   0   0   0   0   0
F42_2    0    0   0   0   0   0   0   0   0   0   0   0   0   0   0   0   0   0
F42_3    0    0   0   0   0   0   0   0   0   0   0   0   0   0   0   0   0   0
F43      0    0   0   0   0   0   0   0   0   0   0   0   0   0   0   0   0   0
F43_1    0    0   0   0   0   0   0   0   0   0   0   0   0   0   0   0   0   0
F43_2    0    0   0   0   0   0   0   0   0   0   0   0   0   0   0   0   0   0
F43_3    0    0   0   0   0   0   0   0   0   0   0   0   0   0   0   0   0   0
F44      0    0   0   0   0   0   0   0   0   0   0   0   0   0   0   0   0   0
F44_1    0    0   0   0   0   0   0   0   0   0   0   0   0   0   0   0   0   0
F44_2    0    0   0   0   0   0   0   0   0   0   0   0   0   0   0   0   0   0
F44_3    0    0   0   0   0   0   0   0   0   0   0   0   0   0   0   0   0   0
F45      0    0   0   0   0   0   0   0   0   0   0   0   0   0   0   0   0   0
F45_1    0    0   0   0   0   0   0   0   0   0   0   0   0   0   0   0   0   0
F45_2    0    0   0   0   0   0   0   0   0   0   0   0   0   0   0   0   0   0
F45_3    0    0   0   0   0   0   0   0   0   0   0   0   0   0   0   0   0   0
F46      0    0   0   0   0   0   0   0   0   0   0   0   0   0   0   0   0   0
F46_1    0    0   0   0   0   0   0   0   0   0   0   0   0   0   0   0   0   0
F46_2    0    0   0   0   0   0   0   0   0   0   0   0   0   0   0   0   0   0
F46_3    0    0   0   0   0   0   0   0   0   0   0   0   0   0   0   0   0   0
N0       0    0   0   0   0   0   0   0   0   0   0   0   0   0   0   0   0   0
Nσ       0    0   0   0   0   0   0   0   0   0   0   0   0   0   0   0   0   0

# $2 = F37_2
# $3 = F37_3
# $5 = F38_1
# $6 = F38_2
# $7 = F38_3
# $9 = F39_1
# $10 = F39_2
# $11 = F39_3
# $13 = F40_1
# $14 = F40_2
# $15 = F40_3
# $17 = F41_1
# $18 = F41_2
:     F37_1  $2  $3 F38  $5  $6  $7 F39  $9 $10 $11 F40 $13 $14 $15 F41 $17 $18 :=
C1       0    0   0   0   0   0   0   0   0   0   0   0   0   0   0   0   0   0
C10      0    0   0   0   0   0   0   0   0   0   0   0   0   0   0   0   0   0
C11      0    0   0   0   0   0   0   0   0   0   0   0   0   0   0   0   0   0
C12      0    0   0   0   0   0   0   0   0   0   0   0   0   0   0   0   0   0
C13      0    0   0   0   0   0   0   0   0   0   0   0   0   0   0   0   0   0
C14      0    0   0   0   0   0   0   0   0   0   0   0   0   0   0   0   0   0
C15      0    0   0   0   0   0   0   0   0   0   0   0   0   0   0   0   0   0
C16      0    0   0   0   0   0   0   0   0   0   0   0   0   0   0   0   0   0
C17      0    0   0   0   0   0   0   0   0   0   0   0   0   0   0   0   0   0
C18      0    0   0   0   0   0   0   0   0   0   0   0   0   0   0   0   0   0
C19      0    0   0   0   0   0   0   0   0   0   0   0   0   0   0   0   0   0
C2       0    0   0   0   0   0   0   0   0   0   0   0   0   0   0   0   0   0
C20      0    0   0   0   0   0   0   0   0   0   0   0   0   0   0   0   0   0
C21      0    0   0   0   0   0   0   0   0   0   0   0   0   0   0   0   0   0
C22      0    0   0   0   0   0   0   0   0   0   0   0   0   0   0   0   0   0
C23      0    0   0   0   0   0   0   0   0   0   0   0   0   0   0   0   0   0
C24      0    0   0   0   0   0   0   0   0   0   0   0   0   0   0   0   0   0
C25      0    0   0   0   0   0   0   0   0   0   0   0   0   0   0   0   0   0
C3       0    0   0   0   0   0   0   0   0   0   0   0   0   0   0   0   0   0
C4       0    0   0   0   0   0   0   0   0   0   0   0   0   0   0   0   0   0
C5       0    0   0   0   0   0   0   0   0   0   0   0   0   0   0   0   0   0
C6       0    0   0   0   0   0   0   0   0   0   0   0   0   0   0   0   0   0
C7       0    0   0   0   0   0   0   0   0   0   0   0   0   0   0   0   0   0
C8       0    0   0   0   0   0   0   0   0   0   0   0   0   0   0   0   0   0
C9       0    0   0   0   0   0   0   0   0   0   0   0   0   0   0   0   0   0
F26      0    0   0   0   0   0   0   0   0   0   0   0   0   0   0   0   0   0
F26_1    0    0   0   0   0   0   0   0   0   0   0   0   0   0   0   0   0   0
F26_2    0    0   0   0   0   0   0   0   0   0   0   0   0   0   0   0   0   0
F26_3    0    0   0   0   0   0   0   0   0   0   0   0   0   0   0   0   0   0
F27      0    0   0   0   0   0   0   0   0   0   0   0   0   0   0   0   0   0
F27_1    0    0   0   0   0   0   0   0   0   0   0   0   0   0   0   0   0   0
F27_2    0    0   0   0   0   0   0   0   0   0   0   0   0   0   0   0   0   0
F27_3    0    0   0   0   0   0   0   0   0   0   0   0   0   0   0   0   0   0
F28      0    0   0   0   0   0   0   0   0   0   0   0   0   0   0   0   0   0
F28_1    0    0   0   0   0   0   0   0   0   0   0   0   0   0   0   0   0   0
F28_2    0    0   0   0   0   0   0   0   0   0   0   0   0   0   0   0   0   0
F28_3    0    0   0   0   0   0   0   0   0   0   0   0   0   0   0   0   0   0
F29      0    0   0   0   0   0   0   0   0   0   0   0   0   0   0   0   0   0
F29_1    0    0   0   0   0   0   0   0   0   0   0   0   0   0   0   0   0   0
F29_2    0    0   0   0   0   0   0   0   0   0   0   0   0   0   0   0   0   0
F29_3    0    0   0   0   0   0   0   0   0   0   0   0   0   0   0   0   0   0
F30      0    0   0   0   0   0   0   0   0   0   0   0   0   0   0   0   0   0
F30_1    0    0   0   0   0   0   0   0   0   0   0   0   0   0   0   0   0   0
F30_2    0    0   0   0   0   0   0   0   0   0   0   0   0   0   0   0   0   0
F30_3    0    0   0   0   0   0   0   0   0   0   0   0   0   0   0   0   0   0
F31      0    0   0   0   0   0   0   0   0   0   0   0   0   0   0   0   0   0
F31_1    0    0   0   0   0   0   0   0   0   0   0   0   0   0   0   0   0   0
F31_2    0    0   0   0   0   0   0   0   0   0   0   0   0   0   0   0   0   0
F31_3    0    0   0   0   0   0   0   0   0   0   0   0   0   0   0   0   0   0
F32      0    0   0   0   0   0   0   0   0   0   0   0   0   0   0   0   0   0
F32_1    0    0   0   0   0   0   0   0   0   0   0   0   0   0   0   0   0   0
F32_2    0    0   0   0   0   0   0   0   0   0   0   0   0   0   0   0   0   0
F32_3    0    0   0   0   0   0   0   0   0   0   0   0   0   0   0   0   0   0
F33      0    0   0   0   0   0   0   0   0   0   0   0   0   0   0   0   0   0
F33_1    0    0   0   0   0   0   0   0   0   0   0   0   0   0   0   0   0   0
F33_2    0    0   0   0   0   0   0   0   0   0   0   0   0   0   0   0   0   0
F33_3    0    0   0   0   0   0   0   0   0   0   0   0   0   0   0   0   0   0
F34      0    0   0   0   0   0   0   0   0   0   0   0   0   0   0   0   0   0
F34_1    0    0   0   0   0   0   0   0   0   0   0   0   0   0   0   0   0   0
F34_2    0    0   0   0   0   0   0   0   0   0   0   0   0   0   0   0   0   0
F34_3    0    0   0   0   0   0   0   0   0   0   0   0   0   0   0   0   0   0
F35      0    0   0   0   0   0   0   0   0   0   0   0   0   0   0   0   0   0
F35_1    0    0   0   0   0   0   0   0   0   0   0   0   0   0   0   0   0   0
F35_2    0    0   0   0   0   0   0   0   0   0   0   0   0   0   0   0   0   0
F35_3    0    0   0   0   0   0   0   0   0   0   0   0   0   0   0   0   0   0
F36      0    0   0   0   0   0   0   0   0   0   0   0   0   0   0   0   0   0
F36_1    0    0   0   0   0   0   0   0   0   0   0   0   0   0   0   0   0   0
F36_2    0    0   0   0   0   0   0   0   0   0   0   0   0   0   0   0   0   0
F36_3    0    0   0   0   0   0   0   0   0   0   0   0   0   0   0   0   0   0
F37      0    0   0   0   0   0   0   0   0   0   0   0   0   0   0   0   0   0
F37_1    .    0   0   0   0   0   0   0   0   0   0   0   0   0   0   0   0   0
F37_2    0    .   0   0   0   0   0   0   0   0   0   0   0   0   0   0   0   0
F37_3    0    0   .   0   0   0   0   0   0   0   0   0   0   0   0   0   0   0
F38      0    0   0   .   0   0   0   0   0   0   0   0   0   0   0   0   0   0
F38_1    0    0   0   0   .   0   0   0   0   0   0   0   0   0   0   0   0   0
F38_2    0    0   0   0   0   .   0   0   0   0   0   0   0   0   0   0   0   0
F38_3    0    0   0   0   0   0   .   0   0   0   0   0   0   0   0   0   0   0
F39      0    0   0   0   0   0   0   .   0   0   0   0   0   0   0   0   0   0
F39_1    0    0   0   0   0   0   0   0   .   0   0   0   0   0   0   0   0   0
F39_2    0    0   0   0   0   0   0   0   0   .   0   0   0   0   0   0   0   0
F39_3    0    0   0   0   0   0   0   0   0   0   .   0   0   0   0   0   0   0
F40      0    0   0   0   0   0   0   0   0   0   0   .   0   0   0   0   0   0
F40_1    0    0   0   0   0   0   0   0   0   0   0   0   .   0   0   0   0   0
F40_2    0    0   0   0   0   0   0   0   0   0   0   0   0   .   0   0   0   0
F40_3    0    0   0   0   0   0   0   0   0   0   0   0   0   0   .   0   0   0
F41      0    0   0   0   0   0   0   0   0   0   0   0   0   0   0   .   0   0
F41_1    0    0   0   0   0   0   0   0   0   0   0   0   0   0   0   0   .   0
F41_2    0    0   0   0   0   0   0   0   0   0   0   0   0   0   0   0   0   .
F41_3    0    0   0   0   0   0   0   0   0   0   0   0   0   0   0   0   0   0
F42      0    0   0   0   0   0   0   0   0   0   0   0   0   0   0   0   0   0
F42_1    0    0   0   0   0   0   0   0   0   0   0   0   0   0   0   0   0   0
F42_2    0    0   0   0   0   0   0   0   0   0   0   0   0   0   0   0   0   0
F42_3    0    0   0   0   0   0   0   0   0   0   0   0   0   0   0   0   0   0
F43      0    0   0   0   0   0   0   0   0   0   0   0   0   0   0   0   0   0
F43_1    0    0   0   0   0   0   0   0   0   0   0   0   0   0   0   0   0   0
F43_2    0    0   0   0   0   0   0   0   0   0   0   0   0   0   0   0   0   0
F43_3    0    0   0   0   0   0   0   0   0   0   0   0   0   0   0   0   0   0
F44      0    0   0   0   0   0   0   0   0   0   0   0   0   0   0   0   0   0
F44_1    0    0   0   0   0   0   0   0   0   0   0   0   0   0   0   0   0   0
F44_2    0    0   0   0   0   0   0   0   0   0   0   0   0   0   0   0   0   0
F44_3    0    0   0   0   0   0   0   0   0   0   0   0   0   0   0   0   0   0
F45      0    0   0   0   0   0   0   0   0   0   0   0   0   0   0   0   0   0
F45_1    0    0   0   0   0   0   0   0   0   0   0   0   0   0   0   0   0   0
F45_2    0    0   0   0   0   0   0   0   0   0   0   0   0   0   0   0   0   0
F45_3    0    0   0   0   0   0   0   0   0   0   0   0   0   0   0   0   0   0
F46      0    0   0   0   0   0   0   0   0   0   0   0   0   0   0   0   0   0
F46_1    0    0   0   0   0   0   0   0   0   0   0   0   0   0   0   0   0   0
F46_2    0    0   0   0   0   0   0   0   0   0   0   0   0   0   0   0   0   0
F46_3    0    0   0   0   0   0   0   0   0   0   0   0   0   0   0   0   0   0
N0       0    0   0   0   0   0   0   0   0   0   0   0   0   0   0   0   0   0
Nσ       0    0   0   0   0   0   0   0   0   0   0   0   0   0   0   0   0   0

# $3 = F42_1
# $4 = F42_2
# $5 = F42_3
# $7 = F43_1
# $8 = F43_2
# $9 = F43_3
# $11 = F44_1
# $12 = F44_2
# $13 = F44_3
# $15 = F45_1
# $16 = F45_2
# $17 = F45_3
:     F41_3 F42  $3  $4  $5 F43  $7  $8  $9 F44 $11 $12 $13 F45 $15 $16 $17 F46 :=
C1       0    0   0   0   0   0   0   0   0   0   0   0   0   0   0   0   0   0
C10      0    0   0   0   0   0   0   0   0   0   0   0   0   0   0   0   0   0
C11      0    0   0   0   0   0   0   0   0   0   0   0   0   0   0   0   0   0
C12      0    0   0   0   0   0   0   0   0   0   0   0   0   0   0   0   0   0
C13      0    0   0   0   0   0   0   0   0   0   0   0   0   0   0   0   0   0
C14      0    0   0   0   0   0   0   0   0   0   0   0   0   0   0   0   0   0
C15      0    0   0   0   0   0   0   0   0   0   0   0   0   0   0   0   0   0
C16      0    0   0   0   0   0   0   0   0   0   0   0   0   0   0   0   0   0
C17      0    0   0   0   0   0   0   0   0   0   0   0   0   0   0   0   0   0
C18      0    0   0   0   0   0   0   0   0   0   0   0   0   0   0   0   0   0
C19      0    0   0   0   0   0   0   0   0   0   0   0   0   0   0   0   0   0
C2       0    0   0   0   0   0   0   0   0   0   0   0   0   0   0   0   0   0
C20      0    0   0   0   0   0   0   0   0   0   0   0   0   0   0   0   0   0
C21      0    0   0   0   0   0   0   0   0   0   0   0   0   0   0   0   0   0
C22      0    0   0   0   0   0   0   0   0   0   0   0   0   0   0   0   0   0
C23      0    0   0   0   0   0   0   0   0   0   0   0   0   0   0   0   0   0
C24      0    0   0   0   0   0   0   0   0   0   0   0   0   0   0   0   0   0
C25      0    0   0   0   0   0   0   0   0   0   0   0   0   0   0   0   0   0
C3       0    0   0   0   0   0   0   0   0   0   0   0   0   0   0   0   0   0
C4       0    0   0   0   0   0   0   0   0   0   0   0   0   0   0   0   0   0
C5       0    0   0   0   0   0   0   0   0   0   0   0   0   0   0   0   0   0
C6       0    0   0   0   0   0   0   0   0   0   0   0   0   0   0   0   0   0
C7       0    0   0   0   0   0   0   0   0   0   0   0   0   0   0   0   0   0
C8       0    0   0   0   0   0   0   0   0   0   0   0   0   0   0   0   0   0
C9       0    0   0   0   0   0   0   0   0   0   0   0   0   0   0   0   0   0
F26      0    0   0   0   0   0   0   0   0   0   0   0   0   0   0   0   0   0
F26_1    0    0   0   0   0   0   0   0   0   0   0   0   0   0   0   0   0   0
F26_2    0    0   0   0   0   0   0   0   0   0   0   0   0   0   0   0   0   0
F26_3    0    0   0   0   0   0   0   0   0   0   0   0   0   0   0   0   0   0
F27      0    0   0   0   0   0   0   0   0   0   0   0   0   0   0   0   0   0
F27_1    0    0   0   0   0   0   0   0   0   0   0   0   0   0   0   0   0   0
F27_2    0    0   0   0   0   0   0   0   0   0   0   0   0   0   0   0   0   0
F27_3    0    0   0   0   0   0   0   0   0   0   0   0   0   0   0   0   0   0
F28      0    0   0   0   0   0   0   0   0   0   0   0   0   0   0   0   0   0
F28_1    0    0   0   0   0   0   0   0   0   0   0   0   0   0   0   0   0   0
F28_2    0    0   0   0   0   0   0   0   0   0   0   0   0   0   0   0   0   0
F28_3    0    0   0   0   0   0   0   0   0   0   0   0   0   0   0   0   0   0
F29      0    0   0   0   0   0   0   0   0   0   0   0   0   0   0   0   0   0
F29_1    0    0   0   0   0   0   0   0   0   0   0   0   0   0   0   0   0   0
F29_2    0    0   0   0   0   0   0   0   0   0   0   0   0   0   0   0   0   0
F29_3    0    0   0   0   0   0   0   0   0   0   0   0   0   0   0   0   0   0
F30      0    0   0   0   0   0   0   0   0   0   0   0   0   0   0   0   0   0
F30_1    0    0   0   0   0   0   0   0   0   0   0   0   0   0   0   0   0   0
F30_2    0    0   0   0   0   0   0   0   0   0   0   0   0   0   0   0   0   0
F30_3    0    0   0   0   0   0   0   0   0   0   0   0   0   0   0   0   0   0
F31      0    0   0   0   0   0   0   0   0   0   0   0   0   0   0   0   0   0
F31_1    0    0   0   0   0   0   0   0   0   0   0   0   0   0   0   0   0   0
F31_2    0    0   0   0   0   0   0   0   0   0   0   0   0   0   0   0   0   0
F31_3    0    0   0   0   0   0   0   0   0   0   0   0   0   0   0   0   0   0
F32      0    0   0   0   0   0   0   0   0   0   0   0   0   0   0   0   0   0
F32_1    0    0   0   0   0   0   0   0   0   0   0   0   0   0   0   0   0   0
F32_2    0    0   0   0   0   0   0   0   0   0   0   0   0   0   0   0   0   0
F32_3    0    0   0   0   0   0   0   0   0   0   0   0   0   0   0   0   0   0
F33      0    0   0   0   0   0   0   0   0   0   0   0   0   0   0   0   0   0
F33_1    0    0   0   0   0   0   0   0   0   0   0   0   0   0   0   0   0   0
F33_2    0    0   0   0   0   0   0   0   0   0   0   0   0   0   0   0   0   0
F33_3    0    0   0   0   0   0   0   0   0   0   0   0   0   0   0   0   0   0
F34      0    0   0   0   0   0   0   0   0   0   0   0   0   0   0   0   0   0
F34_1    0    0   0   0   0   0   0   0   0   0   0   0   0   0   0   0   0   0
F34_2    0    0   0   0   0   0   0   0   0   0   0   0   0   0   0   0   0   0
F34_3    0    0   0   0   0   0   0   0   0   0   0   0   0   0   0   0   0   0
F35      0    0   0   0   0   0   0   0   0   0   0   0   0   0   0   0   0   0
F35_1    0    0   0   0   0   0   0   0   0   0   0   0   0   0   0   0   0   0
F35_2    0    0   0   0   0   0   0   0   0   0   0   0   0   0   0   0   0   0
F35_3    0    0   0   0   0   0   0   0   0   0   0   0   0   0   0   0   0   0
F36      0    0   0   0   0   0   0   0   0   0   0   0   0   0   0   0   0   0
F36_1    0    0   0   0   0   0   0   0   0   0   0   0   0   0   0   0   0   0
F36_2    0    0   0   0   0   0   0   0   0   0   0   0   0   0   0   0   0   0
F36_3    0    0   0   0   0   0   0   0   0   0   0   0   0   0   0   0   0   0
F37      0    0   0   0   0   0   0   0   0   0   0   0   0   0   0   0   0   0
F37_1    0    0   0   0   0   0   0   0   0   0   0   0   0   0   0   0   0   0
F37_2    0    0   0   0   0   0   0   0   0   0   0   0   0   0   0   0   0   0
F37_3    0    0   0   0   0   0   0   0   0   0   0   0   0   0   0   0   0   0
F38      0    0   0   0   0   0   0   0   0   0   0   0   0   0   0   0   0   0
F38_1    0    0   0   0   0   0   0   0   0   0   0   0   0   0   0   0   0   0
F38_2    0    0   0   0   0   0   0   0   0   0   0   0   0   0   0   0   0   0
F38_3    0    0   0   0   0   0   0   0   0   0   0   0   0   0   0   0   0   0
F39      0    0   0   0   0   0   0   0   0   0   0   0   0   0   0   0   0   0
F39_1    0    0   0   0   0   0   0   0   0   0   0   0   0   0   0   0   0   0
F39_2    0    0   0   0   0   0   0   0   0   0   0   0   0   0   0   0   0   0
F39_3    0    0   0   0   0   0   0   0   0   0   0   0   0   0   0   0   0   0
F40      0    0   0   0   0   0   0   0   0   0   0   0   0   0   0   0   0   0
F40_1    0    0   0   0   0   0   0   0   0   0   0   0   0   0   0   0   0   0
F40_2    0    0   0   0   0   0   0   0   0   0   0   0   0   0   0   0   0   0
F40_3    0    0   0   0   0   0   0   0   0   0   0   0   0   0   0   0   0   0
F41      0    0   0   0   0   0   0   0   0   0   0   0   0   0   0   0   0   0
F41_1    0    0   0   0   0   0   0   0   0   0   0   0   0   0   0   0   0   0
F41_2    0    0   0   0   0   0   0   0   0   0   0   0   0   0   0   0   0   0
F41_3    .    0   0   0   0   0   0   0   0   0   0   0   0   0   0   0   0   0
F42      0    .   0   0   0   0   0   0   0   0   0   0   0   0   0   0   0   0
F42_1    0    0   .   0   0   0   0   0   0   0   0   0   0   0   0   0   0   0
F42_2    0    0   0   .   0   0   0   0   0   0   0   0   0   0   0   0   0   0
F42_3    0    0   0   0   .   0   0   0   0   0   0   0   0   0   0   0   0   0
F43      0    0   0   0   0   .   0   0   1   0   0   0   0   0   0   0   0   0
F43_1    0    0   0   0   0   0   .   0   0   0   0   0   0   0   0   0   0   0
F43_2    0    0   0   0   0   1   0   .   0   0   0   0   0   0   0   0   0   0
F43_3    0    0   0   0   0   0   0   1   .   0   0   0   0   0   0   0   0   0
F44      0    0   0   0   0   0   0   0   0   .   0   0   0   0   0   0   0   0
F44_1    0    0   0   0   0   0   0   0   0   0   .   0   0   0   0   0   0   0
F44_2    0    0   0   0   0   0   0   0   0   0   0   .   0   0   0   0   0   0
F44_3    0    0   0   0   0   0   0   0   0   0   0   0   .   0   0   0   0   0
F45      0    0   0   0   0   0   0   0   0   0   0   0   0   .   0   0   0   0
F45_1    0    0   0   0   0   0   0   0   0   0   0   0   0   0   .   0   0   0
F45_2    0    0   0   0   0   0   0   0   0   0   0   0   0   0   0   .   0   0
F45_3    0    0   0   0   0   0   0   0   0   0   0   0   0   0   0   0   .   0
F46      0    0   0   0   0   0   0   0   0   0   0   0   0   0   0   0   0   .
F46_1    0    0   0   0   0   0   0   0   0   0   0   0   0   0   0   0   0   0
F46_2    0    0   0   0   0   0   0   0   0   0   0   0   0   0   0   0   0   0
F46_3    0    0   0   0   0   0   0   0   0   0   0   0   0   0   0   0   0   0
N0       0    0   0   0   0   0   0   0   0   0   0   0   0   0   0   0   0   0
Nσ       0    0   0   0   0   0   0   0   0   0   0   0   0   0   0   0   0   0

:     F46_1 F46_2 F46_3  N0      Nσ       :=
C1       0     0     0    0   0
C10      0     0     0    0   0
C11      0     0     0    0   1
C12      0     0     0    0   0
C13      0     0     0    0   0.999999
C14      0     0     0    0   0
C15      0     0     0    0   0
C16      0     0     0    0   0
C17      0     0     0    0   0
C18      0     0     0    0   0
C19      0     0     0    0   0
C2       0     0     0    0   0
C20      0     0     0    0   0
C21      0     0     0    0   0
C22      0     0     0    0   0
C23      0     0     0    0   0
C24      0     0     0    0   0
C25      0     0     0    0   0
C3       0     0     0    0   0
C4       0     0     0    0   0
C5       0     0     0    0   0
C6       0     0     0    0   0
C7       0     0     0    0   0
C8       0     0     0    0   0
C9       0     0     0    0   0
F26      0     0     0    0   0
F26_1    0     0     0    0   0
F26_2    0     0     0    0   0
F26_3    0     0     0    0   0
F27      0     0     0    0   0
F27_1    0     0     0    0   0
F27_2    0     0     0    0   0
F27_3    0     0     0    0   0
F28      0     0     0    0   0
F28_1    0     0     0    0   0
F28_2    0     0     0    0   0
F28_3    0     0     0    0   0
F29      0     0     0    0   0
F29_1    0     0     0    0   0
F29_2    0     0     0    0   0
F29_3    0     0     0    0   0
F30      0     0     0    0   0
F30_1    0     0     0    0   0
F30_2    0     0     0    0   0
F30_3    0     0     0    0   0
F31      0     0     0    0   0
F31_1    0     0     0    0   0
F31_2    0     0     0    0   0
F31_3    0     0     0    0   0
F32      0     0     0    0   0
F32_1    0     0     0    0   0
F32_2    0     0     0    0   0
F32_3    0     0     0    0   0
F33      0     0     0    0   0
F33_1    0     0     0    0   0
F33_2    0     0     0    0   0
F33_3    0     0     0    0   0
F34      0     0     0    0   0
F34_1    0     0     0    0   0
F34_2    0     0     0    0   0
F34_3    0     0     0    0   0
F35      0     0     0    0   0
F35_1    0     0     0    0   0
F35_2    0     0     0    0   0
F35_3    0     0     0    0   0
F36      0     0     0    0   0
F36_1    0     0     0    0   0
F36_2    0     0     0    0   0
F36_3    0     0     0    0   0
F37      0     0     0    0   0
F37_1    0     0     0    0   0
F37_2    0     0     0    0   0
F37_3    0     0     0    0   0
F38      0     0     0    0   0
F38_1    0     0     0    0   0
F38_2    0     0     0    0   0
F38_3    0     0     0    0   0
F39      0     0     0    0   0
F39_1    0     0     0    0   0
F39_2    0     0     0    0   0
F39_3    0     0     0    0   0
F40      0     0     0    0   0
F40_1    0     0     0    0   0
F40_2    0     0     0    0   0
F40_3    0     0     0    0   0
F41      0     0     0    0   0
F41_1    0     0     0    0   0
F41_2    0     0     0    0   0
F41_3    0     0     0    0   0
F42      0     0     0    0   0
F42_1    0     0     0    0   0
F42_2    0     0     0    0   0
F42_3    0     0     0    0   0
F43      0     0     0    0   0
F43_1    0     0     0    0   0
F43_2    0     0     0    0   0
F43_3    0     0     0    0   0
F44      0     0     0    0   0
F44_1    0     0     0    0   0
F44_2    0     0     0    0   0
F44_3    0     0     0    0   0
F45      0     0     0    0   0
F45_1    0     0     0    0   0
F45_2    0     0     0    0   0
F45_3    0     0     0    0   0
F46      0     0     0    0   0
F46_1    .     0     0    0   0
F46_2    0     .     0    0   0
F46_3    0     0     .    0   0
N0       0     0     0    .   0
Nσ       0     0     0    0    .
;

sum{i in D0, j in Vplun} x[i,j] = 2

sum{i in Vall, j in Vall: i != j} x[i,j]*t[i,j] = 315.118

sum{i in F} z[i]*R[i] = 0

sum{i in F, j in Vplunend: i != j} y[i]*x[i,j] = 0

a [*] :=
   C1  481.942    F26_3 1000        F33_3    0        F40_3    0
  C10  251.769      F27    0          F34  773.77       F41   11.1635
  C11  293        F27_1 1000        F34_1   48.8167   F41_1 1000
  C12  365.411    F27_2    0        F34_2 1000        F41_2   12.1809
  C13  603.795    F27_3    0        F34_3   48.8167   F41_3 1000
  C14   38.8095     F28    0          F35  763.683      F42    0
  C15  514.963    F28_1 1000        F35_1 1000        F42_1    0
  C16   25.2039   F28_2    0        F35_2 1000        F42_2    0
  C17  534.397    F28_3    0        F35_3 1000        F42_3    0
  C18  396.591      F29  785.99       F36  763.683      F43    0
  C19  413.662    F29_1 1000        F36_1 1000        F43_1 1000
   C2  379.883    F29_2 1000        F36_2 1000        F43_2    0
  C20  571.323    F29_3 1000        F36_3 1000        F43_3    0
  C21  456.942      F30    0          F37  763.683      F44  762.387
  C22  277        F30_1   41.343    F37_1 1000        F44_1 1000
  C23   12.0416   F30_2 1000        F37_2 1000        F44_2 1000
  C24  349.086    F30_3    0        F37_3 1000        F44_3 1000
  C25  231.92       F31  763.683      F38    0          F45  757.916
   C3  214.849    F31_1    0        F38_1    0        F45_1 1000
   C4  147.901    F31_2    0        F38_2    0        F45_2 1000
   C5  270.917    F31_3    0        F38_3    0        F45_3 1000
   C6  438.695      F32  777.657      F39  773.77       F46  757.916
   C7  300        F32_1 1000        F39_1 1000        F46_1 1000
   C8  251.862    F32_2 1000        F39_2  704.123    F46_2 1000
   C9  331.024    F32_3 1000        F39_3 1000        F46_3 1000
  F26  763.683      F33    0          F40    0           N0    0
F26_1 1000        F33_1    0        F40_1    0           Nσ 1000
F26_2 1000        F33_2    0        F40_2    0
;

u [*] :=
   C1  772.001   F26_3 1000       F33_3 1707       F40_3  707.001
  C10  980.001     F27  707.001     F34 1000         F41  707.001
  C11  707.001   F27_1 1000       F34_1 1000       F41_1 1000
  C12  894.001   F27_2  707.001   F34_2 1000       F41_2  707.001
  C13  707.001   F27_3  707.001   F34_3 1000       F41_3 1000
  C14  953         F28  707.001     F35 1000         F42  707.001
  C15  756.001   F28_1 1000       F35_1 1000       F42_1  707.001
  C16  973       F28_2  707.001   F35_2 1000       F42_2  707.001
  C17  731.001   F28_3  707.001   F35_3 1000       F42_3  707.001
  C18  862.001     F29 1000         F36 1000         F43  707.001
  C19  836.001   F29_1 1000       F36_1 1000       F43_1 1000
   C2  875.001   F29_2 1000       F36_2 1000       F43_2  707.001
  C20  716.001   F29_3 1000       F36_3 1000       F43_3  707.001
  C21  789.001     F30  707.001     F37 1000         F44 1000
  C22  962.001   F30_1  707.001   F37_1 1000       F44_1 1000
  C23 1000       F30_2 1000       F37_2 1000       F44_2 1000
  C24  929.001   F30_3  707.001   F37_3 1000       F44_3 1000
  C25  991.001     F31 1000         F38  707.001     F45 1000
   C3 1000       F31_1  707.001   F38_1  707.001   F45_1 1000
   C4  951       F31_2  707.001   F38_2  707.001   F45_2 1000
   C5  939       F31_3  707.001   F38_3  707.001   F45_3 1000
   C6  825.001     F32 1000         F39 1000         F46 1000
   C7  955.001   F32_1 1000       F39_1 1000       F46_1 1000
   C8  948       F32_2 1000       F39_2 1000       F46_2 1000
   C9  947.001   F32_3 1000       F39_3 1000       F46_3 1000
  F26 1000         F33 1707         F40  707.001      N0 1000
F26_1 1000       F33_1 1707       F40_1  707.001      Nσ    0
F26_2 1000       F33_2 1707       F40_2  707.001
;

v [*] :=
   C1  93.034    F26_3 247.66     F33_3 247.66     F40_3   0
  C10 219.559      F27   0          F34   0          F41   0
  C11  12.1655   F27_1 247.66     F34_1 247.66     F41_1 247.66
  C12 149.565    F27_2   0        F34_2   0        F41_2   0
  C13  11.1803   F27_3 247.66     F34_3 247.66     F41_3   0
  C14 228.851      F28   0          F35 247.66       F42   0
  C15  70.0123   F28_1   0        F35_1 247.66     F42_1   0
  C16 232.456    F28_2   0        F35_2   0        F42_2   0
  C17  60.5783   F28_3   0        F35_3 247.66     F42_3   0
  C18 138.385      F29 247.66       F36 247.66       F43   0
  C19 131.314    F29_1 247.66     F36_1   0        F43_1 247.66
   C2 145.093    F29_2 247.66     F36_2   0        F43_2   0
  C20  33.6525   F29_3   0        F36_3 247.66     F43_3   0
  C21 108.034      F30   0          F37 247.66       F44   0
  C22 197.976    F30_1   0        F37_1   0        F44_1 247.66
  C23 235.618    F30_2   0        F37_2   0        F44_2   0
  C24 155.89     F30_3 247.66     F37_3 247.66     F44_3   0
  C25 229.408      F31   0          F38   0          F45   0
   C3 236.479    F31_1   0        F38_1   0        F45_1   0
   C4 220.307    F31_2   0        F38_2   0        F45_2   0
   C5 198.098    F31_3   0        F38_3   0        F45_3   0
   C6 116.28       F32 247.66       F39   0          F46   0
   C7 184.976    F32_1 247.66     F39_1   0        F46_1 247.66
   C8 207.154    F32_2 247.66     F39_2   0        F46_2 247.66
   C9 163.952    F32_3   0        F39_3   0        F46_3 247.66
  F26   0          F33 247.66       F40   0           N0 247.66
F26_1   0        F33_1 247.66     F40_1   0           Nσ   0
F26_2   0        F33_2 247.66     F40_2   0
;

y [*] :=
  F26 0   F28_3 0   F31_2 0   F34_1 0     F37 0   F39_3 0   F42_2 0   F45_1 0
F26_1 0     F29 0   F31_3 0   F34_2 0   F37_1 0     F40 0   F42_3 0   F45_2 0
F26_2 0   F29_1 0     F32 0   F34_3 0   F37_2 0   F40_1 0     F43 0   F45_3 0
F26_3 0   F29_2 0   F32_1 0     F35 0   F37_3 0   F40_2 0   F43_1 0     F46 0
  F27 0   F29_3 0   F32_2 0   F35_1 0     F38 0   F40_3 0   F43_2 0   F46_1 0
F27_1 0     F30 0   F32_3 0   F35_2 0   F38_1 0     F41 0   F43_3 0   F46_2 0
F27_2 0   F30_1 0     F33 0   F35_3 0   F38_2 0   F41_1 0     F44 0   F46_3 0
F27_3 0   F30_2 0   F33_1 0     F36 0   F38_3 0   F41_2 0   F44_1 0
  F28 0   F30_3 0   F33_2 0   F36_1 0     F39 0   F41_3 0   F44_2 0
F28_1 0     F31 0   F33_3 0   F36_2 0   F39_1 0     F42 0   F44_3 0
F28_2 0   F31_1 0     F34 0   F36_3 0   F39_2 0   F42_1 0     F45 0
;

z [*] :=
  F26 1   F28_3 1   F31_2 1   F34_1 1     F37 1   F39_3 1   F42_2 1   F45_1 1
F26_1 1     F29 1   F31_3 1   F34_2 1   F37_1 1     F40 1   F42_3 1   F45_2 1
F26_2 1   F29_1 1     F32 1   F34_3 1   F37_2 1   F40_1 1     F43 1   F45_3 1
F26_3 1   F29_2 1   F32_1 1     F35 1   F37_3 1   F40_2 1   F43_1 1     F46 1
  F27 1   F29_3 1   F32_2 1   F35_1 1     F38 1   F40_3 1   F43_2 1   F46_1 1
F27_1 1     F30 1   F32_3 1   F35_2 1   F38_1 1     F41 1   F43_3 1   F46_2 1
F27_2 1   F30_1 1     F33 1   F35_3 1   F38_2 1   F41_1 1     F44 1   F46_3 1
F27_3 1   F30_2 1   F33_1 1     F36 1   F38_3 1   F41_2 1   F44_1 1
  F28 1   F30_3 1   F33_2 1   F36_1 1     F39 1   F41_3 1   F44_2 1
F28_1 1     F31 1   F33_3 1   F36_2 1   F39_1 1     F42 1   F44_3 1
F28_2 1   F31_1 1     F34 1   F36_3 1   F39_2 1   F42_1 1     F45 1
;

R [*] :=
  F26 0   F28_3 0   F31_2 0   F34_1 0     F37 0   F39_3 0   F42_2 0   F45_1 0
F26_1 0     F29 0   F31_3 0   F34_2 0   F37_1 0     F40 0   F42_3 0   F45_2 0
F26_2 0   F29_1 0     F32 0   F34_3 0   F37_2 0   F40_1 0     F43 0   F45_3 0
F26_3 0   F29_2 0   F32_1 0     F35 0   F37_3 0   F40_2 0   F43_1 0     F46 0
  F27 0   F29_3 0   F32_2 0   F35_1 0     F38 0   F40_3 0   F43_2 0   F46_1 0
F27_1 0     F30 0   F32_3 0   F35_2 0   F38_1 0     F41 0   F43_3 0   F46_2 0
F27_2 0   F30_1 0     F33 0   F35_3 0   F38_2 0   F41_1 0     F44 0   F46_3 0
F27_3 0   F30_2 0   F33_1 0     F36 0   F38_3 0   F41_2 0   F44_1 0
  F28 0   F30_3 0   F33_2 0   F36_1 0     F39 0   F41_3 0   F44_2 0
F28_1 0     F31 0   F33_3 0   F36_2 0   F39_1 0     F42 0   F44_3 0
F28_2 0   F31_1 0     F34 0   F36_3 0   F39_2 0   F42_1 0     F45 0
;

Y [*] :=
  F26   0      F30_1   0      F34_2   0      F38_3   0        F43   0
F26_1   0      F30_2   0      F34_3 247.66     F39   0      F43_1 247.66
F26_2   0      F30_3 247.66     F35 247.66   F39_1   0      F43_2   0
F26_3 247.66     F31   0      F35_1 247.66   F39_2   0      F43_3   0
  F27   0      F31_1   0      F35_2   0      F39_3   0        F44   0
F27_1 247.66   F31_2   0      F35_3 247.66     F40   0      F44_1 247.66
F27_2   0      F31_3   0        F36 247.66   F40_1   0      F44_2   0
F27_3 247.66     F32 247.66   F36_1   0      F40_2   0      F44_3   0
  F28   0      F32_1 247.66   F36_2   0      F40_3   0        F45   0
F28_1   0      F32_2 247.66   F36_3 247.66     F41   0      F45_1   0
F28_2   0      F32_3   0        F37 247.66   F41_1 247.66   F45_2   0
F28_3   0        F33 247.66   F37_1   0      F41_2   0      F45_3   0
  F29 247.66   F33_1 247.66   F37_2   0      F41_3   0        F46   0
F29_1 247.66   F33_2 247.66   F37_3 247.66     F42   0      F46_1 247.66
F29_2 247.66   F33_3 247.66     F38   0      F42_1   0      F46_2 247.66
F29_3   0        F34   0      F38_1   0      F42_2   0      F46_3 247.66
  F30   0      F34_1 247.66   F38_2   0      F42_3   0
;

