MIP Gap (%):  36.6226688311961
_solve_elapsed_time = 28800.1

TotalCost = 3557.15

x [*,*]
:          C1        C10    C11 C12 C13 C14 C15 C16 C17 C18 C19  C2     C20  :=
C1       .         0          0   0   0   1   0   0   0   0   0   0   0
C10     0           .         0   0   0   0   0   0   0   0   0   0   0
C11     0          0          .   0   0   0   1   0   0   0   0   0   0
C12     0          0          0   .   0   0   0   0   0   0   0   0   0
C13     0          0          0   0   .   0   0   0   0   0   0   0   0
C14     0          0          0   0   0   .   0   0   0   0   0   0   0
C15     0          0          0   0   0   0   .   0   0   0   1   0   0
C16     0          0          1   0   0   0   0   .   0   0   0   0   0
C17     0          0          0   0   0   0   0   1   .   0   0   0   0
C18     0          0          0   0   0   0   0   0   0   .   0   0   0
C19     0          0          0   0   0   0   0   0   0   0   .   0   0
C2      0          0          0   0   0   0   0   0   0   0   0   .   0
C20     0          0          0   1   0   0   0   0   0   0   0   0    .
C21     0          0          0   0   0   0   0   0   1   0   0   0   0
C22     0          0          0   0   1   0   0   0   0   0   0   0   0
C23     0.999999   0          0   0   0   0   0   0   0   0   0   0   0
C24     0          0          0   0   0   0   0   0   0   0   0   0   0
C25     0          0          0   0   0   0   0   0   0   0   0   0   0
C3      0          0          0   0   0   0   0   0   0   1   0   0   0
C4      0          0          0   0   0   0   0   0   0   0   0   0   0
C5      0          0          0   0   0   0   0   0   0   0   0   0   0
C6      0          0          0   0   0   0   0   0   0   0   0   0   0
C7      0          0.999999   0   0   0   0   0   0   0   0   0   0   0
C8      0          0          0   0   0   0   0   0   0   0   0   0   0
C9      0          0          0   0   0   0   0   0   0   0   0   0   0
F26     0          0          0   0   0   0   0   0   0   0   0   0   0
F26_1   0          0          0   0   0   0   0   0   0   0   0   0   0
F26_2   0          0          0   0   0   0   0   0   0   0   0   0   0
F26_3   0          0          0   0   0   0   0   0   0   0   0   0   0
F27     0          0          0   0   0   0   0   0   0   0   0   0   0
F27_1   0          0          0   0   0   0   0   0   0   0   0   0   0
F27_2   0          0          0   0   0   0   0   0   0   0   0   0   0
F27_3   0          0          0   0   0   0   0   0   0   0   0   0   0
F28     0          0          0   0   0   0   0   0   0   0   0   0   0
F28_1   0          0          0   0   0   0   0   0   0   0   0   0   0
F28_2   0          0          0   0   0   0   0   0   0   0   0   0   0
F28_3   0          0          0   0   0   0   0   0   0   0   0   0   0
F29     0          0          0   0   0   0   0   0   0   0   0   0   0
F29_1   0          0          0   0   0   0   0   0   0   0   0   0   0
F29_2   0          0          0   0   0   0   0   0   0   0   0   0   0
F29_3   0          0          0   0   0   0   0   0   0   0   0   0   0
F30     0          0          0   0   0   0   0   0   0   0   0   0   0
F30_1   0          0          0   0   0   0   0   0   0   0   0   0   0
F30_2   0          0          0   0   0   0   0   0   0   0   0   0   0
F30_3   0          0          0   0   0   0   0   0   0   0   0   0   0
F31     0          0          0   0   0   0   0   0   0   0   0   0   0
F31_1   0          0          0   0   0   0   0   0   0   0   0   0   0
F31_2   0          0          0   0   0   0   0   0   0   0   0   0   0
F31_3   0          0          0   0   0   0   0   0   0   0   0   0   0
F32     0          0          0   0   0   0   0   0   0   0   0   0   0
F32_1   0          0          0   0   0   0   0   0   0   0   0   0   0
F32_2   0          0          0   0   0   0   0   0   0   0   0   0   0
F32_3   0          0          0   0   0   0   0   0   0   0   0   0   0
F33     0          0          0   0   0   0   0   0   0   0   0   0   0
F33_1   0          0          0   0   0   0   0   0   0   0   0   0   0
F33_2   0          0          0   0   0   0   0   0   0   0   0   0   0
F33_3   0          0          0   0   0   0   0   0   0   0   0   0   0
F34     0          0          0   0   0   0   0   0   0   0   0   0   0
F34_1   0          0          0   0   0   0   0   0   0   0   0   0   0
F34_2   0          0          0   0   0   0   0   0   0   0   0   0   0
F34_3   0          0          0   0   0   0   0   0   0   0   0   0   0
F35     0          0          0   0   0   0   0   0   0   0   0   0   0
F35_1   0          0          0   0   0   0   0   0   0   0   0   0   0
F35_2   0          0          0   0   0   0   0   0   0   0   0   0   0
F35_3   0          0          0   0   0   0   0   0   0   0   0   0   0
F36     0          0          0   0   0   0   0   0   0   0   0   0   0
F36_1   0          0          0   0   0   0   0   0   0   0   0   0   0
F36_2   0          0          0   0   0   0   0   0   0   0   0   0   0
F36_3   0          0          0   0   0   0   0   0   0   0   0   0   0
F37     0          0          0   0   0   0   0   0   0   0   0   0   0
F37_1   0          0          0   0   0   0   0   0   0   0   0   0   0
F37_2   0          0          0   0   0   0   0   0   0   0   0   0   0
F37_3   0          0          0   0   0   0   0   0   0   0   0   0   0
F38     0          0          0   0   0   0   0   0   0   0   0   0   0
F38_1   0          0          0   0   0   0   0   0   0   0   0   0   0
F38_2   0          0          0   0   0   0   0   0   0   0   0   0   0
F38_3   0          0          0   0   0   0   0   0   0   0   0   0   0
F39     0          0          0   0   0   0   0   0   0   0   0   0   0
F39_1   0          0          0   0   0   0   0   0   0   0   0   0   0
F39_2   0          0          0   0   0   0   0   0   0   0   0   0   0
F39_3   0          0          0   0   0   0   0   0   0   0   0   0   0
F40     0          0          0   0   0   0   0   0   0   0   0   0   0
F40_1   0          0          0   0   0   0   0   0   0   0   0   0   0
F40_2   0          0          0   0   0   0   0   0   0   0   0   0   0
F40_3   0          0          0   0   0   0   0   0   0   0   0   0   0
F41     0          0          0   0   0   0   0   0   0   0   0   0   0
F41_1   0          0          0   0   0   0   0   0   0   0   0   0   0
F41_2   0          0          0   0   0   0   0   0   0   0   0   0   0
F41_3   0          0          0   0   0   0   0   0   0   0   0   0   0
F42     0          0          0   0   0   0   0   0   0   0   0   0   0
F42_1   0          0          0   0   0   0   0   0   0   0   0   0   0
F42_2   0          0          0   0   0   0   0   0   0   0   0   0   0
F42_3   0          0          0   0   0   0   0   0   0   0   0   0   0
F43     0          0          0   0   0   0   0   0   0   0   0   0   0
F43_1   0          0          0   0   0   0   0   0   0   0   0   0   0
F43_2   0          0          0   0   0   0   0   0   0   0   0   0   0
F43_3   0          0          0   0   0   0   0   0   0   0   0   0   0
F44     0          0          0   0   0   0   0   0   0   0   0   0   0
F44_1   0          0          0   0   0   0   0   0   0   0   0   0   0
F44_2   0          0          0   0   0   0   0   0   0   0   0   0   0
F44_3   0          0          0   0   0   0   0   0   0   0   0   0   0
F45     0          0          0   0   0   0   0   0   0   0   0   0   0
F45_1   0          0          0   0   0   0   0   0   0   0   0   0   0
F45_2   0          0          0   0   0   0   0   0   0   0   0   0   0
F45_3   0          0          0   0   0   0   0   0   0   0   0   0   0
F46     0          0          0   0   0   0   0   0   0   0   0   0   0
F46_1   0          0          0   0   0   0   0   0   0   0   0   0   0
F46_2   0          0          0   0   0   0   0   0   0   0   0   0   0
F46_3   0          0          0   0   0   0   0   0   0   0   0   0   0
N0      0          0          0   0   0   0   0   0   0   0   0   1   0.999999
Nσ      0          0          0   0   0   0   0   0   0   0   0   0   0

:     C21 C22 C23 C24 C25  C3  C4  C5      C6     C7      C8         C9    F26 :=
C1      0   0   0   0   0   0   0   0   0          0   0          0          0
C10     0   0   0   0   0   0   0   0   0          0   0          0          0
C11     0   0   0   0   0   0   0   0   0          0   0          0          0
C12     0   0   0   0   1   0   0   0   0          0   0          0          0
C13     1   0   0   0   0   0   0   0   0          0   0          0          0
C14     0   0   0   0   0   0   0   0   0.999999   0   0          0          0
C15     0   0   0   0   0   0   0   0   0          0   0          0          0
C16     0   0   0   0   0   0   0   0   0          0   0          0          0
C17     0   0   0   0   0   0   0   0   0          0   0          0          0
C18     0   1   0   0   0   0   0   0   0          0   0          0          0
C19     0   0   0   0   0   0   0   0   0          0   0.999999   0          0
C2      0   0   0   0   0   0   0   1   0          0   0          0          0
C20     0   0   0   0   0   0   0   0   0          0   0          0          0
C21     .   0   0   0   0   0   0   0   0          0   0          0          0
C22     0   .   0   0   0   0   0   0   0          0   0          0          0
C23     0   0   .   0   0   0   0   0   0          0   0          0          0
C24     0   0   0   .   0   1   0   0   0          0   0          0          0
C25     0   0   0   0   .   0   0   0   0          0   0          0.999999   0
C3      0   0   0   0   0   .   0   0   0          0   0          0          0
C4      0   0   1   0   0   0   .   0   0          0   0          0          0
C5      0   0   0   0   0   0   1   .   0          0   0          0          0
C6      0   0   0   0   0   0   0   0    .         1   0          0          0
C7      0   0   0   0   0   0   0   0   0          .   0          0          0
C8      0   0   0   0   0   0   0   0   0          0    .         0          0
C9      0   0   0   1   0   0   0   0   0          0   0           .         0
F26     0   0   0   0   0   0   0   0   0          0   0          0          .
F26_1   0   0   0   0   0   0   0   0   0          0   0          0          0
F26_2   0   0   0   0   0   0   0   0   0          0   0          0          0
F26_3   0   0   0   0   0   0   0   0   0          0   0          0          0
F27     0   0   0   0   0   0   0   0   0          0   0          0          0
F27_1   0   0   0   0   0   0   0   0   0          0   0          0          0
F27_2   0   0   0   0   0   0   0   0   0          0   0          0          0
F27_3   0   0   0   0   0   0   0   0   0          0   0          0          0
F28     0   0   0   0   0   0   0   0   0          0   0          0          0
F28_1   0   0   0   0   0   0   0   0   0          0   0          0          0
F28_2   0   0   0   0   0   0   0   0   0          0   0          0          0
F28_3   0   0   0   0   0   0   0   0   0          0   0          0          0
F29     0   0   0   0   0   0   0   0   0          0   0          0          0
F29_1   0   0   0   0   0   0   0   0   0          0   0          0          0
F29_2   0   0   0   0   0   0   0   0   0          0   0          0          0
F29_3   0   0   0   0   0   0   0   0   0          0   0          0          0
F30     0   0   0   0   0   0   0   0   0          0   0          0          0
F30_1   0   0   0   0   0   0   0   0   0          0   0          0          0
F30_2   0   0   0   0   0   0   0   0   0          0   0          0          0
F30_3   0   0   0   0   0   0   0   0   0          0   0          0          0
F31     0   0   0   0   0   0   0   0   0          0   0          0          0
F31_1   0   0   0   0   0   0   0   0   0          0   0          0          0
F31_2   0   0   0   0   0   0   0   0   0          0   0          0          0
F31_3   0   0   0   0   0   0   0   0   0          0   0          0          0
F32     0   0   0   0   0   0   0   0   0          0   0          0          0
F32_1   0   0   0   0   0   0   0   0   0          0   0          0          0
F32_2   0   0   0   0   0   0   0   0   0          0   0          0          0
F32_3   0   0   0   0   0   0   0   0   0          0   0          0          0
F33     0   0   0   0   0   0   0   0   0          0   0          0          0
F33_1   0   0   0   0   0   0   0   0   0          0   0          0          0
F33_2   0   0   0   0   0   0   0   0   0          0   0          0          0
F33_3   0   0   0   0   0   0   0   0   0          0   0          0          0
F34     0   0   0   0   0   0   0   0   0          0   0          0          0
F34_1   0   0   0   0   0   0   0   0   0          0   0          0          0
F34_2   0   0   0   0   0   0   0   0   0          0   0          0          0
F34_3   0   0   0   0   0   0   0   0   0          0   0          0          0
F35     0   0   0   0   0   0   0   0   0          0   0          0          0
F35_1   0   0   0   0   0   0   0   0   0          0   0          0          0
F35_2   0   0   0   0   0   0   0   0   0          0   0          0          0
F35_3   0   0   0   0   0   0   0   0   0          0   0          0          0
F36     0   0   0   0   0   0   0   0   0          0   0          0          0
F36_1   0   0   0   0   0   0   0   0   0          0   0          0          0
F36_2   0   0   0   0   0   0   0   0   0          0   0          0          0
F36_3   0   0   0   0   0   0   0   0   0          0   0          0          0
F37     0   0   0   0   0   0   0   0   0          0   0          0          0
F37_1   0   0   0   0   0   0   0   0   0          0   0          0          0
F37_2   0   0   0   0   0   0   0   0   0          0   0          0          0
F37_3   0   0   0   0   0   0   0   0   0          0   0          0          0
F38     0   0   0   0   0   0   0   0   0          0   0          0          0
F38_1   0   0   0   0   0   0   0   0   0          0   0          0          0
F38_2   0   0   0   0   0   0   0   0   0          0   0          0          0
F38_3   0   0   0   0   0   0   0   0   0          0   0          0          0
F39     0   0   0   0   0   0   0   0   0          0   0          0          0
F39_1   0   0   0   0   0   0   0   0   0          0   0          0          0
F39_2   0   0   0   0   0   0   0   0   0          0   0          0          0
F39_3   0   0   0   0   0   0   0   0   0          0   0          0          0
F40     0   0   0   0   0   0   0   0   0          0   0          0          0
F40_1   0   0   0   0   0   0   0   0   0          0   0          0          0
F40_2   0   0   0   0   0   0   0   0   0          0   0          0          0
F40_3   0   0   0   0   0   0   0   0   0          0   0          0          0
F41     0   0   0   0   0   0   0   0   0          0   0          0          0
F41_1   0   0   0   0   0   0   0   0   0          0   0          0          0
F41_2   0   0   0   0   0   0   0   0   0          0   0          0          0
F41_3   0   0   0   0   0   0   0   0   0          0   0          0          0
F42     0   0   0   0   0   0   0   0   0          0   0          0          0
F42_1   0   0   0   0   0   0   0   0   0          0   0          0          0
F42_2   0   0   0   0   0   0   0   0   0          0   0          0          0
F42_3   0   0   0   0   0   0   0   0   0          0   0          0          0
F43     0   0   0   0   0   0   0   0   0          0   0          0          0
F43_1   0   0   0   0   0   0   0   0   0          0   0          0          0
F43_2   0   0   0   0   0   0   0   0   0          0   0          0          0
F43_3   0   0   0   0   0   0   0   0   0          0   0          0          0
F44     0   0   0   0   0   0   0   0   0          0   0          0          0
F44_1   0   0   0   0   0   0   0   0   0          0   0          0          0
F44_2   0   0   0   0   0   0   0   0   0          0   0          0          0
F44_3   0   0   0   0   0   0   0   0   0          0   0          0          0
F45     0   0   0   0   0   0   0   0   0          0   0          0          0
F45_1   0   0   0   0   0   0   0   0   0          0   0          0          0
F45_2   0   0   0   0   0   0   0   0   0          0   0          0          0
F45_3   0   0   0   0   0   0   0   0   0          0   0          0          0
F46     0   0   0   0   0   0   0   0   0          0   0          0          0
F46_1   0   0   0   0   0   0   0   0   0          0   0          0          0
F46_2   0   0   0   0   0   0   0   0   0          0   0          0          0
F46_3   0   0   0   0   0   0   0   0   0          0   0          0          0
N0      0   0   0   0   0   0   0   0   0          0   0          0          0
Nσ      0   0   0   0   0   0   0   0   0          0   0          0          0

# $2 = F26_2
# $3 = F26_3
# $5 = F27_1
# $6 = F27_2
# $7 = F27_3
# $9 = F28_1
# $10 = F28_2
# $11 = F28_3
# $13 = F29_1
# $14 = F29_2
# $15 = F29_3
# $17 = F30_1
# $18 = F30_2
:     F26_1  $2  $3 F27  $5  $6  $7 F28  $9 $10 $11 F29 $13 $14 $15 F30 $17 $18 :=
C1       0    0   0   0   0   0   0   0   0   0   0   0   0   0   0   0   0   0
C10      0    0   0   0   0   0   0   0   0   0   0   0   0   0   0   0   0   0
C11      0    0   0   0   0   0   0   0   0   0   0   0   0   0   0   0   0   0
C12      0    0   0   0   0   0   0   0   0   0   0   0   0   0   0   0   0   0
C13      0    0   0   0   0   0   0   0   0   0   0   0   0   0   0   0   0   0
C14      0    0   0   0   0   0   0   0   0   0   0   0   0   0   0   0   0   0
C15      0    0   0   0   0   0   0   0   0   0   0   0   0   0   0   0   0   0
C16      0    0   0   0   0   0   0   0   0   0   0   0   0   0   0   0   0   0
C17      0    0   0   0   0   0   0   0   0   0   0   0   0   0   0   0   0   0
C18      0    0   0   0   0   0   0   0   0   0   0   0   0   0   0   0   0   0
C19      0    0   0   0   0   0   0   0   0   0   0   0   0   0   0   0   0   0
C2       0    0   0   0   0   0   0   0   0   0   0   0   0   0   0   0   0   0
C20      0    0   0   0   0   0   0   0   0   0   0   0   0   0   0   0   0   0
C21      0    0   0   0   0   0   0   0   0   0   0   0   0   0   0   0   0   0
C22      0    0   0   0   0   0   0   0   0   0   0   0   0   0   0   0   0   0
C23      0    0   0   0   0   0   0   0   0   0   0   0   0   0   0   0   0   0
C24      0    0   0   0   0   0   0   0   0   0   0   0   0   0   0   0   0   0
C25      0    0   0   0   0   0   0   0   0   0   0   0   0   0   0   0   0   0
C3       0    0   0   0   0   0   0   0   0   0   0   0   0   0   0   0   0   0
C4       0    0   0   0   0   0   0   0   0   0   0   0   0   0   0   0   0   0
C5       0    0   0   0   0   0   0   0   0   0   0   0   0   0   0   0   0   0
C6       0    0   0   0   0   0   0   0   0   0   0   0   0   0   0   0   0   0
C7       0    0   0   0   0   0   0   0   0   0   0   0   0   0   0   0   0   0
C8       0    0   0   0   0   0   0   0   0   0   0   0   0   0   0   0   0   0
C9       0    0   0   0   0   0   0   0   0   0   0   0   0   0   0   0   0   0
F26      0    0   0   0   0   0   0   0   0   0   0   0   0   0   0   0   0   0
F26_1    .    0   0   0   0   0   0   0   0   0   0   0   0   0   0   0   0   0
F26_2    0    .   0   0   0   0   0   0   0   0   0   0   0   0   0   0   0   0
F26_3    0    0   .   0   0   0   0   0   0   0   0   0   0   0   0   0   0   0
F27      0    0   0   .   0   0   0   0   0   0   0   0   0   0   0   0   0   0
F27_1    0    0   0   0   .   0   0   0   0   0   0   0   0   0   0   0   0   0
F27_2    0    0   0   0   0   .   0   0   0   0   0   0   0   0   0   0   0   0
F27_3    0    0   0   0   0   0   .   0   0   0   0   0   0   0   0   0   0   0
F28      0    0   0   0   0   0   0   .   0   0   0   0   0   0   0   0   0   0
F28_1    0    0   0   0   0   0   0   0   .   0   0   0   0   0   0   0   0   0
F28_2    0    0   0   0   0   0   0   0   0   .   0   0   0   0   0   0   0   0
F28_3    0    0   0   0   0   0   0   0   0   0   .   0   0   0   0   0   0   0
F29      0    0   0   0   0   0   0   0   0   0   0   .   0   0   0   0   0   0
F29_1    0    0   0   0   0   0   0   0   0   0   0   0   .   0   0   0   0   0
F29_2    0    0   0   0   0   0   0   0   0   0   0   0   0   .   0   0   0   0
F29_3    0    0   0   0   0   0   0   0   0   0   0   0   0   0   .   0   0   0
F30      0    0   0   0   0   0   0   0   0   0   0   0   0   0   0   .   0   0
F30_1    0    0   0   0   0   0   0   0   0   0   0   0   0   0   0   0   .   0
F30_2    0    0   0   0   0   0   0   0   0   0   0   0   0   0   0   0   0   .
F30_3    0    0   0   0   0   0   0   0   0   0   0   0   0   0   0   0   0   0
F31      0    0   0   0   0   0   0   0   0   0   0   0   0   0   0   0   0   0
F31_1    0    0   0   0   0   0   0   0   0   0   0   0   0   0   0   0   0   0
F31_2    0    0   0   0   0   0   0   0   0   0   0   0   0   0   0   0   0   0
F31_3    0    0   0   0   0   0   0   0   0   0   0   0   0   0   0   0   0   0
F32      0    0   0   0   0   0   0   0   0   0   0   0   0   0   0   0   0   0
F32_1    0    0   0   0   0   0   0   0   0   0   0   0   0   0   0   0   0   0
F32_2    0    0   0   0   0   0   0   0   0   0   0   0   0   0   0   0   0   0
F32_3    0    0   0   0   0   0   0   0   0   0   0   0   0   0   0   0   0   0
F33      0    0   0   0   0   0   0   0   0   0   0   0   0   0   0   0   0   0
F33_1    0    0   0   0   0   0   0   0   0   0   0   0   0   0   0   0   0   0
F33_2    0    0   0   0   0   0   0   0   0   0   0   0   0   0   0   0   0   0
F33_3    0    0   0   0   0   0   0   0   0   0   0   0   0   0   0   0   0   0
F34      0    0   0   0   0   0   0   0   0   0   0   0   0   0   0   0   0   0
F34_1    0    0   0   0   0   0   0   0   0   0   0   0   0   0   0   0   0   0
F34_2    0    0   0   0   0   0   0   0   0   0   0   0   0   0   0   0   0   0
F34_3    0    0   0   0   0   0   0   0   0   0   0   0   0   0   0   0   0   0
F35      0    0   0   0   0   0   0   0   0   0   0   0   0   0   0   0   0   0
F35_1    0    0   0   0   0   0   0   0   0   0   0   0   0   0   0   0   0   0
F35_2    0    0   0   0   0   0   0   0   0   0   0   0   0   0   0   0   0   0
F35_3    0    0   0   0   0   0   0   0   0   0   0   0   0   0   0   0   0   0
F36      0    0   0   0   0   0   0   0   0   0   0   0   0   0   0   0   0   0
F36_1    0    0   0   0   0   0   0   0   0   0   0   0   0   0   0   0   0   0
F36_2    0    0   0   0   0   0   0   0   0   0   0   0   0   0   0   0   0   0
F36_3    0    0   0   0   0   0   0   0   0   0   0   0   0   0   0   0   0   0
F37      0    0   0   0   0   0   0   0   0   0   0   0   0   0   0   0   0   0
F37_1    0    0   0   0   0   0   0   0   0   0   0   0   0   0   0   0   0   0
F37_2    0    0   0   0   0   0   0   0   0   0   0   0   0   0   0   0   0   0
F37_3    0    0   0   0   0   0   0   0   0   0   0   0   0   0   0   0   0   0
F38      0    0   0   0   0   0   0   0   0   0   0   0   0   0   0   0   0   0
F38_1    0    0   0   0   0   0   0   0   0   0   0   0   0   0   0   0   0   0
F38_2    0    0   0   0   0   0   0   0   0   0   0   0   0   0   0   0   0   0
F38_3    0    0   0   0   0   0   0   0   0   0   0   0   0   0   0   0   0   0
F39      0    0   0   0   0   0   0   0   0   0   0   0   0   0   0   0   0   0
F39_1    0    0   0   0   0   0   0   0   0   0   0   0   0   0   0   0   0   0
F39_2    0    0   0   0   0   0   0   0   0   0   0   0   0   0   0   0   0   0
F39_3    0    0   0   0   0   0   0   0   0   0   0   0   0   0   0   0   0   0
F40      0    0   0   0   0   0   0   0   0   0   0   0   0   0   0   0   0   0
F40_1    0    0   0   0   0   0   0   0   0   0   0   0   0   0   0   0   0   0
F40_2    0    0   0   0   0   0   0   0   0   0   0   0   0   0   0   0   0   0
F40_3    0    0   0   0   0   0   0   0   0   0   0   0   0   0   0   0   0   0
F41      0    0   0   0   0   0   0   0   0   0   0   0   0   0   0   0   0   0
F41_1    0    0   0   0   0   0   0   0   0   0   0   0   0   0   0   0   0   0
F41_2    0    0   0   0   0   0   0   0   0   0   0   0   0   0   0   0   0   0
F41_3    0    0   0   0   0   0   0   0   0   0   0   0   0   0   0   0   0   0
F42      0    0   0   0   0   0   0   0   0   0   0   0   0   0   0   0   0   0
F42_1    0    0   0   0   0   0   0   0   0   0   0   0   0   0   0   0   0   0
F42_2    0    0   0   0   0   0   0   0   0   0   0   0   0   0   0   0   0   0
F42_3    0    0   0   0   0   0   0   0   0   0   0   0   0   0   0   0   0   0
F43      0    0   0   0   0   0   0   0   0   0   0   0   0   0   0   0   0   0
F43_1    0    0   0   0   0   0   0   0   0   0   0   0   0   0   0   0   0   0
F43_2    0    0   0   0   0   0   0   0   0   0   0   0   0   0   0   0   0   0
F43_3    0    0   0   0   0   0   0   0   0   0   0   0   0   0   0   0   0   0
F44      0    0   0   0   0   0   0   0   0   0   0   0   0   0   0   0   0   0
F44_1    0    0   0   0   0   0   0   0   0   0   0   0   0   0   0   0   0   0
F44_2    0    0   0   0   0   0   0   0   0   0   0   0   0   0   0   0   0   0
F44_3    0    0   0   0   0   0   0   0   0   0   0   0   0   0   0   0   0   0
F45      0    0   0   0   0   0   0   0   0   0   0   0   0   0   0   0   0   0
F45_1    0    0   0   0   0   0   0   0   0   0   0   0   0   0   0   0   0   0
F45_2    0    0   0   0   0   0   0   0   0   0   0   0   0   0   0   0   0   0
F45_3    0    0   0   0   0   0   0   0   0   0   0   0   0   0   0   0   0   0
F46      0    0   0   0   0   0   0   0   0   0   0   0   0   0   0   0   0   0
F46_1    0    0   0   0   0   0   0   0   0   0   0   0   0   0   0   0   0   0
F46_2    0    0   0   0   0   0   0   0   0   0   0   0   0   0   0   0   0   0
F46_3    0    0   0   0   0   0   0   0   0   0   0   0   0   0   0   0   0   0
N0       0    0   0   0   0   0   0   0   0   0   0   0   0   0   0   0   0   0
Nσ       0    0   0   0   0   0   0   0   0   0   0   0   0   0   0   0   0   0

# $3 = F31_1
# $4 = F31_2
# $5 = F31_3
# $7 = F32_1
# $8 = F32_2
# $9 = F32_3
# $11 = F33_1
# $12 = F33_2
# $13 = F33_3
# $15 = F34_1
# $16 = F34_2
# $17 = F34_3
:     F30_3 F31  $3  $4  $5 F32  $7  $8  $9 F33 $11 $12 $13 F34 $15 $16 $17 F35 :=
C1       0    0   0   0   0   0   0   0   0   0   0   0   0   0   0   0   0   0
C10      0    0   0   0   0   0   0   0   0   0   0   0   0   0   0   0   0   0
C11      0    0   0   0   0   0   0   0   0   0   0   0   0   0   0   0   0   0
C12      0    0   0   0   0   0   0   0   0   0   0   0   0   0   0   0   0   0
C13      0    0   0   0   0   0   0   0   0   0   0   0   0   0   0   0   0   0
C14      0    0   0   0   0   0   0   0   0   0   0   0   0   0   0   0   0   0
C15      0    0   0   0   0   0   0   0   0   0   0   0   0   0   0   0   0   0
C16      0    0   0   0   0   0   0   0   0   0   0   0   0   0   0   0   0   0
C17      0    0   0   0   0   0   0   0   0   0   0   0   0   0   0   0   0   0
C18      0    0   0   0   0   0   0   0   0   0   0   0   0   0   0   0   0   0
C19      0    0   0   0   0   0   0   0   0   0   0   0   0   0   0   0   0   0
C2       0    0   0   0   0   0   0   0   0   0   0   0   0   0   0   0   0   0
C20      0    0   0   0   0   0   0   0   0   0   0   0   0   0   0   0   0   0
C21      0    0   0   0   0   0   0   0   0   0   0   0   0   0   0   0   0   0
C22      0    0   0   0   0   0   0   0   0   0   0   0   0   0   0   0   0   0
C23      0    0   0   0   0   0   0   0   0   0   0   0   0   0   0   0   0   0
C24      0    0   0   0   0   0   0   0   0   0   0   0   0   0   0   0   0   0
C25      0    0   0   0   0   0   0   0   0   0   0   0   0   0   0   0   0   0
C3       0    0   0   0   0   0   0   0   0   0   0   0   0   0   0   0   0   0
C4       0    0   0   0   0   0   0   0   0   0   0   0   0   0   0   0   0   0
C5       0    0   0   0   0   0   0   0   0   0   0   0   0   0   0   0   0   0
C6       0    0   0   0   0   0   0   0   0   0   0   0   0   0   0   0   0   0
C7       0    0   0   0   0   0   0   0   0   0   0   0   0   0   0   0   0   0
C8       0    0   0   0   0   0   0   0   0   0   0   0   0   0   0   0   0   0
C9       0    0   0   0   0   0   0   0   0   0   0   0   0   0   0   0   0   0
F26      0    0   0   0   0   0   0   0   0   0   0   0   0   0   0   0   0   0
F26_1    0    0   0   0   0   0   0   0   0   0   0   0   0   0   0   0   0   0
F26_2    0    0   0   0   0   0   0   0   0   0   0   0   0   0   0   0   0   0
F26_3    0    0   0   0   0   0   0   0   0   0   0   0   0   0   0   0   0   0
F27      0    0   0   0   0   0   0   0   0   0   0   0   0   0   0   0   0   0
F27_1    0    0   0   0   0   0   0   0   0   0   0   0   0   0   0   0   0   0
F27_2    0    0   0   0   0   0   0   0   0   0   0   0   0   0   0   0   0   0
F27_3    0    0   0   0   0   0   0   0   0   0   0   0   0   0   0   0   0   0
F28      0    0   0   0   0   0   0   0   0   0   0   0   0   0   0   0   0   0
F28_1    0    0   0   0   0   0   0   0   0   0   0   0   0   0   0   0   0   0
F28_2    0    0   0   0   0   0   0   0   0   0   0   0   0   0   0   0   0   0
F28_3    0    0   0   0   0   0   0   0   0   0   0   0   0   0   0   0   0   0
F29      0    0   0   0   0   0   0   0   0   0   0   0   0   0   0   0   0   0
F29_1    0    0   0   0   0   0   0   0   0   0   0   0   0   0   0   0   0   0
F29_2    0    0   0   0   0   0   0   0   0   0   0   0   0   0   0   0   0   0
F29_3    0    0   0   0   0   0   0   0   0   0   0   0   0   0   0   0   0   0
F30      0    0   0   0   0   0   0   0   0   0   0   0   0   0   0   0   0   0
F30_1    0    0   0   0   0   0   0   0   0   0   0   0   0   0   0   0   0   0
F30_2    0    0   0   0   0   0   0   0   0   0   0   0   0   0   0   0   0   0
F30_3    .    0   0   0   0   0   0   0   0   0   0   0   0   0   0   0   0   0
F31      0    .   0   0   0   0   0   0   0   0   0   0   0   0   0   0   0   0
F31_1    0    0   .   0   0   0   0   0   0   0   0   0   0   0   0   0   0   0
F31_2    0    0   0   .   0   0   0   0   0   0   0   0   0   0   0   0   0   0
F31_3    0    0   0   0   .   0   0   0   0   0   0   0   0   0   0   0   0   0
F32      0    0   0   0   0   .   0   0   0   0   0   0   0   0   0   0   0   0
F32_1    0    0   0   0   0   0   .   0   0   0   0   0   0   0   0   0   0   0
F32_2    0    0   0   0   0   0   0   .   0   0   0   0   0   0   0   0   0   0
F32_3    0    0   0   0   0   0   0   0   .   0   0   0   0   0   0   0   0   0
F33      0    0   0   0   0   0   0   0   0   .   0   0   0   0   0   0   0   0
F33_1    0    0   0   0   0   0   0   0   0   0   .   0   0   0   0   0   0   0
F33_2    0    0   0   0   0   0   0   0   0   0   0   .   0   0   0   0   0   0
F33_3    0    0   0   0   0   0   0   0   0   0   0   0   .   0   0   0   0   0
F34      0    0   0   0   0   0   0   0   0   0   0   0   0   .   0   0   0   0
F34_1    0    0   0   0   0   0   0   0   0   0   0   0   0   0   .   0   0   0
F34_2    0    0   0   0   0   0   0   0   0   0   0   0   0   0   0   .   0   0
F34_3    0    0   0   0   0   0   0   0   0   0   0   0   0   0   0   0   .   0
F35      0    0   0   0   0   0   0   0   0   0   0   0   0   0   0   0   0   .
F35_1    0    0   0   0   0   0   0   0   0   0   0   0   0   0   0   0   0   0
F35_2    0    0   0   0   0   0   0   0   0   0   0   0   0   0   0   0   0   0
F35_3    0    0   0   0   0   0   0   0   0   0   0   0   0   0   0   0   0   0
F36      0    0   0   0   0   0   0   0   0   0   0   0   0   0   0   0   0   0
F36_1    0    0   0   0   0   0   0   0   0   0   0   0   0   0   0   0   0   0
F36_2    0    0   0   0   0   0   0   0   0   0   0   0   0   0   0   0   0   0
F36_3    0    0   0   0   0   0   0   0   0   0   0   0   0   0   0   0   0   0
F37      0    0   0   0   0   0   0   0   0   0   0   0   0   0   0   0   0   0
F37_1    0    0   0   0   0   0   0   0   0   0   0   0   0   0   0   0   0   0
F37_2    0    0   0   0   0   0   0   0   0   0   0   0   0   0   0   0   0   0
F37_3    0    0   0   0   0   0   0   0   0   0   0   0   0   0   0   0   0   0
F38      0    0   0   0   0   0   0   0   0   0   0   0   0   0   0   0   0   0
F38_1    0    0   0   0   0   0   0   0   0   0   0   0   0   0   0   0   0   0
F38_2    0    0   0   0   0   0   0   0   0   0   0   0   0   0   0   0   0   0
F38_3    0    0   0   0   0   0   0   0   0   0   0   0   0   0   0   0   0   0
F39      0    0   0   0   0   0   0   0   0   0   0   0   0   0   0   0   0   0
F39_1    0    0   0   0   0   0   0   0   0   0   0   0   0   0   0   0   0   0
F39_2    0    0   0   0   0   0   0   0   0   0   0   0   0   0   0   0   0   0
F39_3    0    0   0   0   0   0   0   0   0   0   0   0   0   0   0   0   0   0
F40      0    0   0   0   0   0   0   0   0   0   0   0   0   0   0   0   0   0
F40_1    0    0   0   0   0   0   0   0   0   0   0   0   0   0   0   0   0   0
F40_2    0    0   0   0   0   0   0   0   0   0   0   0   0   0   0   0   0   0
F40_3    0    0   0   0   0   0   0   0   0   0   0   0   0   0   0   0   0   0
F41      0    0   0   0   0   0   0   0   0   0   0   0   0   0   0   0   0   0
F41_1    0    0   0   0   0   0   0   0   0   0   0   0   0   0   0   0   0   0
F41_2    0    0   0   0   0   0   0   0   0   0   0   0   0   0   0   0   0   0
F41_3    0    0   0   0   0   0   0   0   0   0   0   0   0   0   0   0   0   0
F42      0    0   0   0   0   0   0   0   0   0   0   0   0   0   0   0   0   0
F42_1    0    0   0   0   0   0   0   0   0   0   0   0   0   0   0   0   0   0
F42_2    0    0   0   0   0   0   0   0   0   0   0   0   0   0   0   0   0   0
F42_3    0    0   0   0   0   0   0   0   0   0   0   0   0   0   0   0   0   0
F43      0    0   0   0   0   0   0   0   0   0   0   0   0   0   0   0   0   0
F43_1    0    0   0   0   0   0   0   0   0   0   0   0   0   0   0   0   0   0
F43_2    0    0   0   0   0   0   0   0   0   0   0   0   0   0   0   0   0   0
F43_3    0    0   0   0   0   0   0   0   0   0   0   0   0   0   0   0   0   0
F44      0    0   0   0   0   0   0   0   0   0   0   0   0   0   0   0   0   0
F44_1    0    0   0   0   0   0   0   0   0   0   0   0   0   0   0   0   0   0
F44_2    0    0   0   0   0   0   0   0   0   0   0   0   0   0   0   0   0   0
F44_3    0    0   0   0   0   0   0   0   0   0   0   0   0   0   0   0   0   0
F45      0    0   0   0   0   0   0   0   0   0   0   0   0   0   0   0   0   0
F45_1    0    0   0   0   0   0   0   0   0   0   0   0   0   0   0   0   0   0
F45_2    0    0   0   0   0   0   0   0   0   0   0   0   0   0   0   0   0   0
F45_3    0    0   0   0   0   0   0   0   0   0   0   0   0   0   0   0   0   0
F46      0    0   0   0   0   0   0   0   0   0   0   0   0   0   0   0   0   0
F46_1    0    0   0   0   0   0   0   0   0   0   0   0   0   0   0   0   0   0
F46_2    0    0   0   0   0   0   0   0   0   0   0   0   0   0   0   0   0   0
F46_3    0    0   0   0   0   0   0   0   0   0   0   0   0   0   0   0   0   0
N0       0    0   0   0   0   0   0   0   0   0   0   0   0   0   0   0   0   0
Nσ       0    0   0   0   0   0   0   0   0   0   0   0   0   0   0   0   0   0

# $2 = F35_2
# $3 = F35_3
# $5 = F36_1
# $6 = F36_2
# $7 = F36_3
# $9 = F37_1
# $10 = F37_2
# $11 = F37_3
# $13 = F38_1
# $14 = F38_2
# $15 = F38_3
# $17 = F39_1
# $18 = F39_2
:     F35_1  $2  $3 F36  $5  $6  $7 F37  $9 $10 $11 F38 $13 $14 $15 F39 $17 $18 :=
C1       0    0   0   0   0   0   0   0   0   0   0   0   0   0   0   0   0   0
C10      0    0   0   0   0   0   0   0   0   0   0   0   0   0   0   0   0   0
C11      0    0   0   0   0   0   0   0   0   0   0   0   0   0   0   0   0   0
C12      0    0   0   0   0   0   0   0   0   0   0   0   0   0   0   0   0   0
C13      0    0   0   0   0   0   0   0   0   0   0   0   0   0   0   0   0   0
C14      0    0   0   0   0   0   0   0   0   0   0   0   0   0   0   0   0   0
C15      0    0   0   0   0   0   0   0   0   0   0   0   0   0   0   0   0   0
C16      0    0   0   0   0   0   0   0   0   0   0   0   0   0   0   0   0   0
C17      0    0   0   0   0   0   0   0   0   0   0   0   0   0   0   0   0   0
C18      0    0   0   0   0   0   0   0   0   0   0   0   0   0   0   0   0   0
C19      0    0   0   0   0   0   0   0   0   0   0   0   0   0   0   0   0   0
C2       0    0   0   0   0   0   0   0   0   0   0   0   0   0   0   0   0   0
C20      0    0   0   0   0   0   0   0   0   0   0   0   0   0   0   0   0   0
C21      0    0   0   0   0   0   0   0   0   0   0   0   0   0   0   0   0   0
C22      0    0   0   0   0   0   0   0   0   0   0   0   0   0   0   0   0   0
C23      0    0   0   0   0   0   0   0   0   0   0   0   0   0   0   0   0   0
C24      0    0   0   0   0   0   0   0   0   0   0   0   0   0   0   0   0   0
C25      0    0   0   0   0   0   0   0   0   0   0   0   0   0   0   0   0   0
C3       0    0   0   0   0   0   0   0   0   0   0   0   0   0   0   0   0   0
C4       0    0   0   0   0   0   0   0   0   0   0   0   0   0   0   0   0   0
C5       0    0   0   0   0   0   0   0   0   0   0   0   0   0   0   0   0   0
C6       0    0   0   0   0   0   0   0   0   0   0   0   0   0   0   0   0   0
C7       0    0   0   0   0   0   0   0   0   0   0   0   0   0   0   0   0   0
C8       0    0   0   0   0   0   0   0   0   0   0   0   0   0   0   0   0   0
C9       0    0   0   0   0   0   0   0   0   0   0   0   0   0   0   0   0   0
F26      0    0   0   0   0   0   0   0   0   0   0   0   0   0   0   0   0   0
F26_1    0    0   0   0   0   0   0   0   0   0   0   0   0   0   0   0   0   0
F26_2    0    0   0   0   0   0   0   0   0   0   0   0   0   0   0   0   0   0
F26_3    0    0   0   0   0   0   0   0   0   0   0   0   0   0   0   0   0   0
F27      0    0   0   0   0   0   0   0   0   0   0   0   0   0   0   0   0   0
F27_1    0    0   0   0   0   0   0   0   0   0   0   0   0   0   0   0   0   0
F27_2    0    0   0   0   0   0   0   0   0   0   0   0   0   0   0   0   0   0
F27_3    0    0   0   0   0   0   0   0   0   0   0   0   0   0   0   0   0   0
F28      0    0   0   0   0   0   0   0   0   0   0   0   0   0   0   0   0   0
F28_1    0    0   0   0   0   0   0   0   0   0   0   0   0   0   0   0   0   0
F28_2    0    0   0   0   0   0   0   0   0   0   0   0   0   0   0   0   0   0
F28_3    0    0   0   0   0   0   0   0   0   0   0   0   0   0   0   0   0   0
F29      0    0   0   0   0   0   0   0   0   0   0   0   0   0   0   0   0   0
F29_1    0    0   0   0   0   0   0   0   0   0   0   0   0   0   0   0   0   0
F29_2    0    0   0   0   0   0   0   0   0   0   0   0   0   0   0   0   0   0
F29_3    0    0   0   0   0   0   0   0   0   0   0   0   0   0   0   0   0   0
F30      0    0   0   0   0   0   0   0   0   0   0   0   0   0   0   0   0   0
F30_1    0    0   0   0   0   0   0   0   0   0   0   0   0   0   0   0   0   0
F30_2    0    0   0   0   0   0   0   0   0   0   0   0   0   0   0   0   0   0
F30_3    0    0   0   0   0   0   0   0   0   0   0   0   0   0   0   0   0   0
F31      0    0   0   0   0   0   0   0   0   0   0   0   0   0   0   0   0   0
F31_1    0    0   0   0   0   0   0   0   0   0   0   0   0   0   0   0   0   0
F31_2    0    0   0   0   0   0   0   0   0   0   0   0   0   0   0   0   0   0
F31_3    0    0   0   0   0   0   0   0   0   0   0   0   0   0   0   0   0   0
F32      0    0   0   0   0   0   0   0   0   0   0   0   0   0   0   0   0   0
F32_1    0    0   0   0   0   0   0   0   0   0   0   0   0   0   0   0   0   0
F32_2    0    0   0   0   0   0   0   0   0   0   0   0   0   0   0   0   0   0
F32_3    0    0   0   0   0   0   0   0   0   0   0   0   0   0   0   0   0   0
F33      0    0   0   0   0   0   0   0   0   0   0   0   0   0   0   0   0   0
F33_1    0    0   0   0   0   0   0   0   0   0   0   0   0   0   0   0   0   0
F33_2    0    0   0   0   0   0   0   0   0   0   0   0   0   0   0   0   0   0
F33_3    0    0   0   0   0   0   0   0   0   0   0   0   0   0   0   0   0   0
F34      0    0   0   0   0   0   0   0   0   0   0   0   0   0   0   0   0   0
F34_1    0    0   0   0   0   0   0   0   0   0   0   0   0   0   0   0   0   0
F34_2    0    0   0   0   0   0   0   0   0   0   0   0   0   0   0   0   0   0
F34_3    0    0   0   0   0   0   0   0   0   0   0   0   0   0   0   0   0   0
F35      0    0   0   0   0   0   0   0   0   0   0   0   0   0   0   0   0   0
F35_1    .    0   0   0   0   0   0   0   0   0   0   0   0   0   0   0   0   0
F35_2    0    .   0   0   0   0   0   0   0   0   0   0   0   0   0   0   0   0
F35_3    0    0   .   0   0   0   0   0   0   0   0   0   0   0   0   0   0   0
F36      0    0   0   .   0   0   0   0   0   0   0   0   0   0   0   0   0   0
F36_1    0    0   0   0   .   0   0   0   0   0   0   0   0   0   0   0   0   0
F36_2    0    0   0   0   0   .   0   0   0   0   0   0   0   0   0   0   0   0
F36_3    0    0   0   0   0   0   .   0   0   0   0   0   0   0   0   0   0   0
F37      0    0   0   0   0   0   0   .   0   0   0   0   0   0   0   0   0   0
F37_1    0    0   0   0   0   0   0   0   .   0   0   0   0   0   0   0   0   0
F37_2    0    0   0   0   0   0   0   0   0   .   0   0   0   0   0   0   0   0
F37_3    0    0   0   0   0   0   0   0   0   0   .   0   0   0   0   0   0   0
F38      0    0   0   0   0   0   0   0   0   0   0   .   0   0   0   0   0   0
F38_1    0    0   0   0   0   0   0   0   0   0   0   0   .   0   0   0   0   0
F38_2    0    0   0   0   0   0   0   0   0   0   0   0   0   .   0   0   0   0
F38_3    0    0   0   0   0   0   0   0   0   0   0   0   0   0   .   0   0   0
F39      0    0   0   0   0   0   0   0   0   0   0   0   0   0   0   .   0   0
F39_1    0    0   0   0   0   0   0   0   0   0   0   0   0   0   0   0   .   0
F39_2    0    0   0   0   0   0   0   0   0   0   0   0   0   0   0   0   0   .
F39_3    0    0   0   0   0   0   0   0   0   0   0   0   0   0   0   0   0   0
F40      0    0   0   0   0   0   0   0   0   0   0   0   0   0   0   0   0   0
F40_1    0    0   0   0   0   0   0   0   0   0   0   0   0   0   0   0   0   0
F40_2    0    0   0   0   0   0   0   0   0   0   0   0   0   0   0   0   0   0
F40_3    0    0   0   0   0   0   0   0   0   0   0   0   0   0   0   0   0   0
F41      0    0   0   0   0   0   0   0   0   0   0   0   0   0   0   0   0   0
F41_1    0    0   0   0   0   0   0   0   0   0   0   0   0   0   0   0   0   0
F41_2    0    0   0   0   0   0   0   0   0   0   0   0   0   0   0   0   0   0
F41_3    0    0   0   0   0   0   0   0   0   0   0   0   0   0   0   0   0   0
F42      0    0   0   0   0   0   0   0   0   0   0   0   0   0   0   0   0   0
F42_1    0    0   0   0   0   0   0   0   0   0   0   0   0   0   0   0   0   0
F42_2    0    0   0   0   0   0   0   0   0   0   0   0   0   0   0   0   0   0
F42_3    0    0   0   0   0   0   0   0   0   0   0   0   0   0   0   0   0   0
F43      0    0   0   0   0   0   0   0   0   0   0   0   0   0   0   0   0   0
F43_1    0    0   0   0   0   0   0   0   0   0   0   0   0   0   0   0   0   0
F43_2    0    0   0   0   0   0   0   0   0   0   0   0   0   0   0   0   0   0
F43_3    0    0   0   0   0   0   0   0   0   0   0   0   0   0   0   0   0   0
F44      0    0   0   0   0   0   0   0   0   0   0   0   0   0   0   0   0   0
F44_1    0    0   0   0   0   0   0   0   0   0   0   0   0   0   0   0   0   0
F44_2    0    0   0   0   0   0   0   0   0   0   0   0   0   0   0   0   0   0
F44_3    0    0   0   0   0   0   0   0   0   0   0   0   0   0   0   0   0   0
F45      0    0   0   0   0   0   0   0   0   0   0   0   0   0   0   0   0   0
F45_1    0    0   0   0   0   0   0   0   0   0   0   0   0   0   0   0   0   0
F45_2    0    0   0   0   0   0   0   0   0   0   0   0   0   0   0   0   0   0
F45_3    0    0   0   0   0   0   0   0   0   0   0   0   0   0   0   0   0   0
F46      0    0   0   0   0   0   0   0   0   0   0   0   0   0   0   0   0   0
F46_1    0    0   0   0   0   0   0   0   0   0   0   0   0   0   0   0   0   0
F46_2    0    0   0   0   0   0   0   0   0   0   0   0   0   0   0   0   0   0
F46_3    0    0   0   0   0   0   0   0   0   0   0   0   0   0   0   0   0   0
N0       0    0   0   0   0   0   0   0   0   0   0   0   0   0   0   0   0   0
Nσ       0    0   0   0   0   0   0   0   0   0   0   0   0   0   0   0   0   0

# $3 = F40_1
# $4 = F40_2
# $5 = F40_3
# $7 = F41_1
# $8 = F41_2
# $9 = F41_3
# $11 = F42_1
# $12 = F42_2
# $13 = F42_3
# $15 = F43_1
# $16 = F43_2
# $17 = F43_3
:     F39_3 F40  $3  $4  $5 F41  $7  $8  $9 F42 $11 $12 $13 F43 $15 $16 $17 F44 :=
C1       0    0   0   0   0   0   0   0   0   0   0   0   0   0   0   0   0   0
C10      0    0   0   0   0   0   0   0   0   0   0   0   0   0   0   0   0   0
C11      0    0   0   0   0   0   0   0   0   0   0   0   0   0   0   0   0   0
C12      0    0   0   0   0   0   0   0   0   0   0   0   0   0   0   0   0   0
C13      0    0   0   0   0   0   0   0   0   0   0   0   0   0   0   0   0   0
C14      0    0   0   0   0   0   0   0   0   0   0   0   0   0   0   0   0   0
C15      0    0   0   0   0   0   0   0   0   0   0   0   0   0   0   0   0   0
C16      0    0   0   0   0   0   0   0   0   0   0   0   0   0   0   0   0   0
C17      0    0   0   0   0   0   0   0   0   0   0   0   0   0   0   0   0   0
C18      0    0   0   0   0   0   0   0   0   0   0   0   0   0   0   0   0   0
C19      0    0   0   0   0   0   0   0   0   0   0   0   0   0   0   0   0   0
C2       0    0   0   0   0   0   0   0   0   0   0   0   0   0   0   0   0   0
C20      0    0   0   0   0   0   0   0   0   0   0   0   0   0   0   0   0   0
C21      0    0   0   0   0   0   0   0   0   0   0   0   0   0   0   0   0   0
C22      0    0   0   0   0   0   0   0   0   0   0   0   0   0   0   0   0   0
C23      0    0   0   0   0   0   0   0   0   0   0   0   0   0   0   0   0   0
C24      0    0   0   0   0   0   0   0   0   0   0   0   0   0   0   0   0   0
C25      0    0   0   0   0   0   0   0   0   0   0   0   0   0   0   0   0   0
C3       0    0   0   0   0   0   0   0   0   0   0   0   0   0   0   0   0   0
C4       0    0   0   0   0   0   0   0   0   0   0   0   0   0   0   0   0   0
C5       0    0   0   0   0   0   0   0   0   0   0   0   0   0   0   0   0   0
C6       0    0   0   0   0   0   0   0   0   0   0   0   0   0   0   0   0   0
C7       0    0   0   0   0   0   0   0   0   0   0   0   0   0   0   0   0   0
C8       0    0   0   0   0   0   0   0   0   0   0   0   0   0   0   0   0   0
C9       0    0   0   0   0   0   0   0   0   0   0   0   0   0   0   0   0   0
F26      0    0   0   0   0   0   0   0   0   0   0   0   0   0   0   0   0   0
F26_1    0    0   0   0   0   0   0   0   0   0   0   0   0   0   0   0   0   0
F26_2    0    0   0   0   0   0   0   0   0   0   0   0   0   0   0   0   0   0
F26_3    0    0   0   0   0   0   0   0   0   0   0   0   0   0   0   0   0   0
F27      0    0   0   0   0   0   0   0   0   0   0   0   0   0   0   0   0   0
F27_1    0    0   0   0   0   0   0   0   0   0   0   0   0   0   0   0   0   0
F27_2    0    0   0   0   0   0   0   0   0   0   0   0   0   0   0   0   0   0
F27_3    0    0   0   0   0   0   0   0   0   0   0   0   0   0   0   0   0   0
F28      0    0   0   0   0   0   0   0   0   0   0   0   0   0   0   0   0   0
F28_1    0    0   0   0   0   0   0   0   0   0   0   0   0   0   0   0   0   0
F28_2    0    0   0   0   0   0   0   0   0   0   0   0   0   0   0   0   0   0
F28_3    0    0   0   0   0   0   0   0   0   0   0   0   0   0   0   0   0   0
F29      0    0   0   0   0   0   0   0   0   0   0   0   0   0   0   0   0   0
F29_1    0    0   0   0   0   0   0   0   0   0   0   0   0   0   0   0   0   0
F29_2    0    0   0   0   0   0   0   0   0   0   0   0   0   0   0   0   0   0
F29_3    0    0   0   0   0   0   0   0   0   0   0   0   0   0   0   0   0   0
F30      0    0   0   0   0   0   0   0   0   0   0   0   0   0   0   0   0   0
F30_1    0    0   0   0   0   0   0   0   0   0   0   0   0   0   0   0   0   0
F30_2    0    0   0   0   0   0   0   0   0   0   0   0   0   0   0   0   0   0
F30_3    0    0   0   0   0   0   0   0   0   0   0   0   0   0   0   0   0   0
F31      0    0   0   0   0   0   0   0   0   0   0   0   0   0   0   0   0   0
F31_1    0    0   0   0   0   0   0   0   0   0   0   0   0   0   0   0   0   0
F31_2    0    0   0   0   0   0   0   0   0   0   0   0   0   0   0   0   0   0
F31_3    0    0   0   0   0   0   0   0   0   0   0   0   0   0   0   0   0   0
F32      0    0   0   0   0   0   0   0   0   0   0   0   0   0   0   0   0   0
F32_1    0    0   0   0   0   0   0   0   0   0   0   0   0   0   0   0   0   0
F32_2    0    0   0   0   0   0   0   0   0   0   0   0   0   0   0   0   0   0
F32_3    0    0   0   0   0   0   0   0   0   0   0   0   0   0   0   0   0   0
F33      0    0   0   0   0   0   0   0   0   0   0   0   0   0   0   0   0   0
F33_1    0    0   0   0   0   0   0   0   0   0   0   0   0   0   0   0   0   0
F33_2    0    0   0   0   0   0   0   0   0   0   0   0   0   0   0   0   0   0
F33_3    0    0   0   0   0   0   0   0   0   0   0   0   0   0   0   0   0   0
F34      0    0   0   0   0   0   0   0   0   0   0   0   0   0   0   0   0   0
F34_1    0    0   0   0   0   0   0   0   0   0   0   0   0   0   0   0   0   0
F34_2    0    0   0   0   0   0   0   0   0   0   0   0   0   0   0   0   0   0
F34_3    0    0   0   0   0   0   0   0   0   0   0   0   0   0   0   0   0   0
F35      0    0   0   0   0   0   0   0   0   0   0   0   0   0   0   0   0   0
F35_1    0    0   0   0   0   0   0   0   0   0   0   0   0   0   0   0   0   0
F35_2    0    0   0   0   0   0   0   0   0   0   0   0   0   0   0   0   0   0
F35_3    0    0   0   0   0   0   0   0   0   0   0   0   0   0   0   0   0   0
F36      0    0   0   0   0   0   0   0   0   0   0   0   0   0   0   0   0   0
F36_1    0    0   0   0   0   0   0   0   0   0   0   0   0   0   0   0   0   0
F36_2    0    0   0   0   0   0   0   0   0   0   0   0   0   0   0   0   0   0
F36_3    0    0   0   0   0   0   0   0   0   0   0   0   0   0   0   0   0   0
F37      0    0   0   0   0   0   0   0   0   0   0   0   0   0   0   0   0   0
F37_1    0    0   0   0   0   0   0   0   0   0   0   0   0   0   0   0   0   0
F37_2    0    0   0   0   0   0   0   0   0   0   0   0   0   0   0   0   0   0
F37_3    0    0   0   0   0   0   0   0   0   0   0   0   0   0   0   0   0   0
F38      0    0   0   0   0   0   0   0   0   0   0   0   0   0   0   0   0   0
F38_1    0    0   0   0   0   0   0   0   0   0   0   0   0   0   0   0   0   0
F38_2    0    0   0   0   0   0   0   0   0   0   0   0   0   0   0   0   0   0
F38_3    0    0   0   0   0   0   0   0   0   0   0   0   0   0   0   0   0   0
F39      0    0   0   0   0   0   0   0   0   0   0   0   0   0   0   0   0   0
F39_1    0    0   0   0   0   0   0   0   0   0   0   0   0   0   0   0   0   0
F39_2    0    0   0   0   0   0   0   0   0   0   0   0   0   0   0   0   0   0
F39_3    .    0   0   0   0   0   0   0   0   0   0   0   0   0   0   0   0   0
F40      0    .   0   0   1   0   0   0   0   0   0   0   0   0   0   0   0   0
F40_1    0    0   .   0   0   0   0   0   0   0   0   0   0   0   0   0   0   0
F40_2    0    0   0   .   0   0   0   0   0   0   0   0   0   0   0   0   0   0
F40_3    0    1   0   0   .   0   0   0   0   0   0   0   0   0   0   0   0   0
F41      0    0   0   0   0   .   0   0   0   0   0   0   0   0   0   0   0   0
F41_1    0    0   0   0   0   0   .   0   1   0   0   0   0   0   0   0   0   0
F41_2    0    0   0   0   0   0   1   .   0   0   0   0   0   0   0   0   0   0
F41_3    0    0   0   0   0   0   0   1   .   0   0   0   0   0   0   0   0   0
F42      0    0   0   0   0   0   0   0   0   .   0   0   0   0   0   0   0   0
F42_1    0    0   0   0   0   0   0   0   0   0   .   0   0   0   0   0   0   0
F42_2    0    0   0   0   0   0   0   0   0   0   0   .   0   0   0   0   0   0
F42_3    0    0   0   0   0   0   0   0   0   0   0   0   .   0   0   0   0   0
F43      0    0   0   0   0   0   0   0   0   0   0   0   0   .   0   0   0   0
F43_1    0    0   0   0   0   0   0   0   0   0   0   0   0   0   .   0   0   0
F43_2    0    0   0   0   0   0   0   0   0   0   0   0   0   0   0   .   0   0
F43_3    0    0   0   0   0   0   0   0   0   0   0   0   0   0   0   0   .   0
F44      0    0   0   0   0   0   0   0   0   0   0   0   0   0   0   0   0   .
F44_1    0    0   0   0   0   0   0   0   0   0   0   0   0   0   0   0   0   0
F44_2    0    0   0   0   0   0   0   0   0   0   0   0   0   0   0   0   0   0
F44_3    0    0   0   0   0   0   0   0   0   0   0   0   0   0   0   0   0   0
F45      0    0   0   0   0   0   0   0   0   0   0   0   0   0   0   0   0   0
F45_1    0    0   0   0   0   0   0   0   0   0   0   0   0   0   0   0   0   0
F45_2    0    0   0   0   0   0   0   0   0   0   0   0   0   0   0   0   0   0
F45_3    0    0   0   0   0   0   0   0   0   0   0   0   0   0   0   0   0   0
F46      0    0   0   0   0   0   0   0   0   0   0   0   0   0   0   0   0   0
F46_1    0    0   0   0   0   0   0   0   0   0   0   0   0   0   0   0   0   0
F46_2    0    0   0   0   0   0   0   0   0   0   0   0   0   0   0   0   0   0
F46_3    0    0   0   0   0   0   0   0   0   0   0   0   0   0   0   0   0   0
N0       0    0   0   0   0   0   0   0   0   0   0   0   0   0   0   0   0   0
Nσ       0    0   0   0   0   0   0   0   0   0   0   0   0   0   0   0   0   0

# $10 = F46_2
# $11 = F46_3
:     F44_1 F44_2 F44_3 F45 F45_1 F45_2 F45_3 F46 F46_1 $10 $11  N0      Nσ :=
C1       0     0     0    0    0     0     0    0    0    0   0   0   0
C10      0     0     0    0    0     0     0    0    0    0   0   0   0.999999
C11      0     0     0    0    0     0     0    0    0    0   0   0   0
C12      0     0     0    0    0     0     0    0    0    0   0   0   0
C13      0     0     0    0    0     0     0    0    0    0   0   0   0
C14      0     0     0    0    0     0     0    0    0    0   0   0   0
C15      0     0     0    0    0     0     0    0    0    0   0   0   0
C16      0     0     0    0    0     0     0    0    0    0   0   0   0
C17      0     0     0    0    0     0     0    0    0    0   0   0   0
C18      0     0     0    0    0     0     0    0    0    0   0   0   0
C19      0     0     0    0    0     0     0    0    0    0   0   0   0
C2       0     0     0    0    0     0     0    0    0    0   0   0   0
C20      0     0     0    0    0     0     0    0    0    0   0   0   0
C21      0     0     0    0    0     0     0    0    0    0   0   0   0
C22      0     0     0    0    0     0     0    0    0    0   0   0   0
C23      0     0     0    0    0     0     0    0    0    0   0   0   0
C24      0     0     0    0    0     0     0    0    0    0   0   0   0
C25      0     0     0    0    0     0     0    0    0    0   0   0   0
C3       0     0     0    0    0     0     0    0    0    0   0   0   0
C4       0     0     0    0    0     0     0    0    0    0   0   0   0
C5       0     0     0    0    0     0     0    0    0    0   0   0   0
C6       0     0     0    0    0     0     0    0    0    0   0   0   0
C7       0     0     0    0    0     0     0    0    0    0   0   0   0
C8       0     0     0    0    0     0     0    0    0    0   0   0   1
C9       0     0     0    0    0     0     0    0    0    0   0   0   0
F26      0     0     0    0    0     0     0    0    0    0   0   0   0
F26_1    0     0     0    0    0     0     0    0    0    0   0   0   0
F26_2    0     0     0    0    0     0     0    0    0    0   0   0   0
F26_3    0     0     0    0    0     0     0    0    0    0   0   0   0
F27      0     0     0    0    0     0     0    0    0    0   0   0   0
F27_1    0     0     0    0    0     0     0    0    0    0   0   0   0
F27_2    0     0     0    0    0     0     0    0    0    0   0   0   0
F27_3    0     0     0    0    0     0     0    0    0    0   0   0   0
F28      0     0     0    0    0     0     0    0    0    0   0   0   0
F28_1    0     0     0    0    0     0     0    0    0    0   0   0   0
F28_2    0     0     0    0    0     0     0    0    0    0   0   0   0
F28_3    0     0     0    0    0     0     0    0    0    0   0   0   0
F29      0     0     0    0    0     0     0    0    0    0   0   0   0
F29_1    0     0     0    0    0     0     0    0    0    0   0   0   0
F29_2    0     0     0    0    0     0     0    0    0    0   0   0   0
F29_3    0     0     0    0    0     0     0    0    0    0   0   0   0
F30      0     0     0    0    0     0     0    0    0    0   0   0   0
F30_1    0     0     0    0    0     0     0    0    0    0   0   0   0
F30_2    0     0     0    0    0     0     0    0    0    0   0   0   0
F30_3    0     0     0    0    0     0     0    0    0    0   0   0   0
F31      0     0     0    0    0     0     0    0    0    0   0   0   0
F31_1    0     0     0    0    0     0     0    0    0    0   0   0   0
F31_2    0     0     0    0    0     0     0    0    0    0   0   0   0
F31_3    0     0     0    0    0     0     0    0    0    0   0   0   0
F32      0     0     0    0    0     0     0    0    0    0   0   0   0
F32_1    0     0     0    0    0     0     0    0    0    0   0   0   0
F32_2    0     0     0    0    0     0     0    0    0    0   0   0   0
F32_3    0     0     0    0    0     0     0    0    0    0   0   0   0
F33      0     0     0    0    0     0     0    0    0    0   0   0   0
F33_1    0     0     0    0    0     0     0    0    0    0   0   0   0
F33_2    0     0     0    0    0     0     0    0    0    0   0   0   0
F33_3    0     0     0    0    0     0     0    0    0    0   0   0   0
F34      0     0     0    0    0     0     0    0    0    0   0   0   0
F34_1    0     0     0    0    0     0     0    0    0    0   0   0   0
F34_2    0     0     0    0    0     0     0    0    0    0   0   0   0
F34_3    0     0     0    0    0     0     0    0    0    0   0   0   0
F35      0     0     0    0    0     0     0    0    0    0   0   0   0
F35_1    0     0     0    0    0     0     0    0    0    0   0   0   0
F35_2    0     0     0    0    0     0     0    0    0    0   0   0   0
F35_3    0     0     0    0    0     0     0    0    0    0   0   0   0
F36      0     0     0    0    0     0     0    0    0    0   0   0   0
F36_1    0     0     0    0    0     0     0    0    0    0   0   0   0
F36_2    0     0     0    0    0     0     0    0    0    0   0   0   0
F36_3    0     0     0    0    0     0     0    0    0    0   0   0   0
F37      0     0     0    0    0     0     0    0    0    0   0   0   0
F37_1    0     0     0    0    0     0     0    0    0    0   0   0   0
F37_2    0     0     0    0    0     0     0    0    0    0   0   0   0
F37_3    0     0     0    0    0     0     0    0    0    0   0   0   0
F38      0     0     0    0    0     0     0    0    0    0   0   0   0
F38_1    0     0     0    0    0     0     0    0    0    0   0   0   0
F38_2    0     0     0    0    0     0     0    0    0    0   0   0   0
F38_3    0     0     0    0    0     0     0    0    0    0   0   0   0
F39      0     0     0    0    0     0     0    0    0    0   0   0   0
F39_1    0     0     0    0    0     0     0    0    0    0   0   0   0
F39_2    0     0     0    0    0     0     0    0    0    0   0   0   0
F39_3    0     0     0    0    0     0     0    0    0    0   0   0   0
F40      0     0     0    0    0     0     0    0    0    0   0   0   0
F40_1    0     0     0    0    0     0     0    0    0    0   0   0   0
F40_2    0     0     0    0    0     0     0    0    0    0   0   0   0
F40_3    0     0     0    0    0     0     0    0    0    0   0   0   0
F41      0     0     0    0    0     0     0    0    0    0   0   0   0
F41_1    0     0     0    0    0     0     0    0    0    0   0   0   0
F41_2    0     0     0    0    0     0     0    0    0    0   0   0   0
F41_3    0     0     0    0    0     0     0    0    0    0   0   0   0
F42      0     0     0    0    0     0     0    0    0    0   0   0   0
F42_1    0     0     0    0    0     0     0    0    0    0   0   0   0
F42_2    0     0     0    0    0     0     0    0    0    0   0   0   0
F42_3    0     0     0    0    0     0     0    0    0    0   0   0   0
F43      0     0     0    0    0     0     0    0    0    0   0   0   0
F43_1    0     0     0    0    0     0     0    0    0    0   0   0   0
F43_2    0     0     0    0    0     0     0    0    0    0   0   0   0
F43_3    0     0     0    0    0     0     0    0    0    0   0   0   0
F44      0     0     0    0    0     0     0    0    0    0   0   0   0
F44_1    .     0     0    0    0     0     0    0    0    0   0   0   0
F44_2    0     .     0    0    0     0     0    0    0    0   0   0   0
F44_3    0     0     .    0    0     0     0    0    0    0   0   0   0
F45      0     0     0    .    0     0     0    0    0    0   0   0   0
F45_1    0     0     0    0    .     0     0    0    0    0   0   0   0
F45_2    0     0     0    0    0     .     0    0    0    0   0   0   0
F45_3    0     0     0    0    0     0     .    0    0    0   0   0   0
F46      0     0     0    0    0     0     0    .    0    0   0   0   0
F46_1    0     0     0    0    0     0     0    0    .    0   0   0   0
F46_2    0     0     0    0    0     0     0    0    0    .   0   0   0
F46_3    0     0     0    0    0     0     0    0    0    0   .   0   0
N0       0     0     0    0    0     0     0    0    0    0   0   .   0
Nσ       0     0     0    0    0     0     0    0    0    0   0   0    .
;

sum{i in D0, j in Vplun} x[i,j] = 2

sum{i in Vall, j in Vall: i != j} x[i,j]*t[i,j] = 315.715

sum{i in F} z[i]*R[i] = 0

sum{i in F, j in Vplunend: i != j} y[i]*x[i,j] = 0

a [*] :=
   C1  400.762    F26_3 1000        F33_3 1000        F40_3  994.553
  C10  971          F27  501.268      F34  958.307      F41    0
  C11  546.87     F27_1    0        F34_1    0        F41_1 1000
  C12  275.044    F27_2  859.919    F34_2    0        F41_2 1000
  C13  432.561    F27_3 1000        F34_3    0        F41_3 1000
  C14  413.924      F28  320.322      F35  427.794      F42  123.051
  C15  565.414    F28_1 1000        F35_1 1000        F42_1 1000
  C16  522.004    F28_2 1000        F35_2  294.392    F42_2 1000
  C17  509.175    F28_3 1000        F35_3  185.438    F42_3 1000
  C18  386          F29  702.879      F36  466.242      F43    0
  C19  577.414    F29_1    0        F36_1 1000        F43_1 1000
   C2   22.4722   F29_2  286.486    F36_2 1000        F43_2  984.616
  C20  257.234    F29_3    0        F36_3 1000        F43_3 1000
  C21  475.134      F30    0          F37  314.965      F44  171.333
  C22  418.089    F30_1    0        F37_1 1000        F44_1 1000
  C23  384.763    F30_2  963        F37_2 1000        F44_2 1000
  C24  328.53     F30_3 1000        F37_3 1000        F44_3  171.333
  C25  290.044      F31  530.11       F38  233.157      F45  275.641
   C3  357.319    F31_1 1000        F38_1 1000        F45_1 1000
   C4  358        F31_2 1000        F38_2 1000        F45_2 1000
   C5   37.8574   F31_3 1000        F38_3 1000        F45_3 1000
   C6  426.924      F32  530.11       F39   89.2844     F46  233.778
   C7  439.159    F32_1  994.503    F39_1 1000        F46_1 1000
   C8  740        F32_2 1000        F39_2    0        F46_2 1000
   C9  312.127    F32_3 1000        F39_3    0        F46_3 1000
  F26  530.11       F33  350.164      F40  994.553       N0    0
F26_1  652.402    F33_1  987.211    F40_1    0           Nσ 1000
F26_2 1000        F33_2  403.28     F40_2    0
;

u [*] :=
   C1   71.9987   F26_3 1000        F33_3 1000        F40_3    0
  C10    3          F27 1000          F34 1000          F41    0
  C11   68.9991   F27_1 1000        F34_1 1000        F41_1    0
  C12  994        F27_2 1000        F34_2 1000        F41_2    0
  C13  128.999    F27_3 1000        F34_3 1000        F41_3    0
  C14   61.9991     F28 1000          F35    0          F42 1000
  C15   59.9991   F28_1 1000        F35_1 1000        F42_1 1000
  C16   79.9991   F28_2 1000        F35_2  999.999    F42_2 1000
  C17  105.999    F28_3 1000        F35_3 1000        F42_3 1000
  C18  150.999      F29 1000          F36 1000          F43 1000
  C19   23.9991   F29_1 1000        F36_1 1000        F43_1 1000
   C2  134.998    F29_2 1000        F36_2 1000        F43_2   18
  C20 1000        F29_3  982        F36_3 1000        F43_3 1000
  C21  125.999      F30    0          F37 1000          F44 1000
  C22  138.999    F30_1    0        F37_1 1000        F44_1 1000
  C23   83.9978   F30_2 1000        F37_2 1000        F44_2 1000
  C24  164.999    F30_3 1000        F37_3 1000        F44_3 1000
  C25  189.998      F31 1000          F38 1000          F45 1000
   C3  155.999    F31_1 1000        F38_1 1000        F45_1 1000
   C4   91.9978   F31_2 1000        F38_2 1000        F45_2 1000
   C5  109.998    F31_3 1000        F38_3 1000        F45_3 1000
   C6   40          F32 1000          F39 1000          F46 1000
   C7   12        F32_1 1000        F39_1 1000        F46_1 1000
   C8   18        F32_2 1000        F39_2    0        F46_2 1000
   C9  180.999    F32_3 1000        F39_3    0        F46_3 1000
  F26 1000          F33 1000          F40    0           N0 1000
F26_1 1000        F33_1    0        F40_1  992.831       Nσ    0
F26_2 1000        F33_2 1000        F40_2 1000
;

v [*] :=
   C1  34.9698          F29   0             F38_1 218.03
  C10  18.028         F29_1   0             F38_2 218.03
  C11  42.4246        F29_2   0             F38_3 218.03
  C12 198.054         F29_3   0               F39  73.835
  C13 116.734           F30   0             F39_1   0
  C14  31.8076        F30_1 218.03          F39_2   0
  C15  33.8806        F30_2 218.03          F39_3   0
  C16  57.2907        F30_3   0               F40   0
  C17  60.1191          F31 218.03          F40_1 218.03
  C18 129.268         F31_1 218.03          F40_2   0
  C19  31.8806        F31_2 218.03          F40_3   0
   C2 195.558         F31_3 218.03            F41   0
  C20 205.864           F32 218.03          F41_1   0
  C21  84.1607        F32_1 218.03          F41_2   0
  C22 121.206         F32_2   0             F41_3   0
  C23  40.9696        F32_3 218.03            F42 218.03
  C24 174.568           F33   0             F42_1 218.03
  C25 193.054         F33_1   0             F42_2 218.03
   C3 147.95          F33_2 218.03          F42_3 218.03
   C4  57.7327        F33_3   0               F43 194.179
   C5  77.6576          F34 218.03          F43_1 218.03
   C6  28.8078        F34_1 218.03          F43_2   0
   C7  26.5718        F34_2 218.03          F43_3 218.03
   C8   9.0554        F34_3 218.03            F44 102.896
   C9 180.971           F35   0             F44_1 218.03
  F26   0             F35_1 218.03          F44_2 218.03
F26_1 218.03          F35_2 218.03          F44_3 218.03
F26_2 218.03          F35_3   1.68842e-05     F45 218.03
F26_3 218.03            F36 218.03          F45_1 218.03
  F27 218.03          F36_1 218.03          F45_2 218.03
F27_1 218.03          F36_2 218.03          F45_3 218.03
F27_2 218.03          F36_3 218.03            F46 218.03
F27_3 218.03            F37 218.03          F46_1 218.03
  F28 218.03          F37_1 218.03          F46_2 218.03
F28_1 218.03          F37_2 218.03          F46_3 218.03
F28_2 218.03          F37_3 218.03             N0 218.03
F28_3 218.03            F38 218.03             Nσ   0
;

y [*] :=
  F26 0   F28_3 0   F31_2 0   F34_1 0     F37 0   F39_3 0   F42_2 0   F45_1 0
F26_1 0     F29 0   F31_3 0   F34_2 0   F37_1 0     F40 0   F42_3 0   F45_2 0
F26_2 0   F29_1 0     F32 0   F34_3 0   F37_2 0   F40_1 0     F43 0   F45_3 0
F26_3 0   F29_2 0   F32_1 0     F35 0   F37_3 0   F40_2 0   F43_1 0     F46 0
  F27 0   F29_3 0   F32_2 0   F35_1 0     F38 0   F40_3 0   F43_2 0   F46_1 0
F27_1 0     F30 0   F32_3 0   F35_2 0   F38_1 0     F41 0   F43_3 0   F46_2 0
F27_2 0   F30_1 0     F33 0   F35_3 0   F38_2 0   F41_1 0     F44 0   F46_3 0
F27_3 0   F30_2 0   F33_1 0     F36 0   F38_3 0   F41_2 0   F44_1 0
  F28 0   F30_3 0   F33_2 0   F36_1 0     F39 0   F41_3 0   F44_2 0
F28_1 0     F31 0   F33_3 1   F36_2 0   F39_1 0     F42 0   F44_3 0
F28_2 0   F31_1 0     F34 0   F36_3 0   F39_2 0   F42_1 0     F45 0
;

z [*] :=
  F26 1   F28_3 1   F31_2 1   F34_1 1     F37 1   F39_3 1   F42_2 1   F45_1 1
F26_1 1     F29 1   F31_3 1   F34_2 1   F37_1 1     F40 1   F42_3 1   F45_2 1
F26_2 1   F29_1 1     F32 1   F34_3 1   F37_2 1   F40_1 1     F43 1   F45_3 1
F26_3 1   F29_2 1   F32_1 1     F35 1   F37_3 1   F40_2 1   F43_1 1     F46 1
  F27 1   F29_3 1   F32_2 1   F35_1 1     F38 1   F40_3 1   F43_2 1   F46_1 1
F27_1 1     F30 1   F32_3 1   F35_2 1   F38_1 1     F41 1   F43_3 1   F46_2 1
F27_2 1   F30_1 1     F33 1   F35_3 1   F38_2 1   F41_1 1     F44 1   F46_3 1
F27_3 1   F30_2 1   F33_1 1     F36 1   F38_3 1   F41_2 1   F44_1 1
  F28 1   F30_3 1   F33_2 1   F36_1 1     F39 1   F41_3 1   F44_2 1
F28_1 1     F31 1   F33_3 0   F36_2 1   F39_1 1     F42 1   F44_3 1
F28_2 1   F31_1 1     F34 1   F36_3 1   F39_2 1   F42_1 1     F45 1
;

R [*] :=
  F26 0   F28_3 0   F31_2 0   F34_1 0     F37 0   F39_3 0   F42_2 0   F45_1 0
F26_1 0     F29 0   F31_3 0   F34_2 0   F37_1 0     F40 0   F42_3 0   F45_2 0
F26_2 0   F29_1 0     F32 0   F34_3 0   F37_2 0   F40_1 0     F43 0   F45_3 0
F26_3 0   F29_2 0   F32_1 0     F35 0   F37_3 0   F40_2 0   F43_1 0     F46 0
  F27 0   F29_3 0   F32_2 0   F35_1 0     F38 0   F40_3 0   F43_2 0   F46_1 0
F27_1 0     F30 0   F32_3 0   F35_2 0   F38_1 0     F41 0   F43_3 0   F46_2 0
F27_2 0   F30_1 0     F33 0   F35_3 0   F38_2 0   F41_1 0     F44 0   F46_3 0
F27_3 0   F30_2 0   F33_1 0     F36 0   F38_3 0   F41_2 0   F44_1 0
  F28 0   F30_3 0   F33_2 0   F36_1 0     F39 0   F41_3 0   F44_2 0
F28_1 0     F31 0   F33_3 0   F36_2 0   F39_1 0     F42 0   F44_3 0
F28_2 0   F31_1 0     F34 0   F36_3 0   F39_2 0   F42_1 0     F45 0
;

Y [*] :=
  F26   0               F33   0               F40   0
F26_1 218.03          F33_1   0             F40_1 218.03
F26_2 218.03          F33_2 218.03          F40_2   0
F26_3 218.03          F33_3 218.03          F40_3   0
  F27 218.03            F34 218.03            F41   0
F27_1 218.03          F34_1 218.03          F41_1   0
F27_2 218.03          F34_2 218.03          F41_2   0
F27_3 218.03          F34_3 218.03          F41_3   0
  F28 218.03            F35   0               F42 218.03
F28_1 218.03          F35_1 218.03          F42_1 218.03
F28_2 218.03          F35_2 218.03          F42_2 218.03
F28_3 218.03          F35_3   1.68842e-05   F42_3 218.03
  F29   0               F36 218.03            F43 194.179
F29_1   0             F36_1 218.03          F43_1 218.03
F29_2   0             F36_2 218.03          F43_2   0
F29_3   0             F36_3 218.03          F43_3 218.03
  F30   0               F37 218.03            F44 102.896
F30_1 218.03          F37_1 218.03          F44_1 218.03
F30_2 218.03          F37_2 218.03          F44_2 218.03
F30_3   0             F37_3 218.03          F44_3 218.03
  F31 218.03            F38 218.03            F45 218.03
F31_1 218.03          F38_1 218.03          F45_1 218.03
F31_2 218.03          F38_2 218.03          F45_2 218.03
F31_3 218.03          F38_3 218.03          F45_3 218.03
  F32 218.03            F39  73.835           F46 218.03
F32_1 218.03          F39_1   0             F46_1 218.03
F32_2   0             F39_2   0             F46_2 218.03
F32_3 218.03          F39_3   0             F46_3 218.03
;

