MIP Gap (%):  78.3941598344668
_solve_elapsed_time = 28800.6

TotalCost = 14303

x [*,*]
:      C1 C10 C11 C12 C13 C14 C15 C16 C17 C18 C19  C2 C20 C21 C22 C23 C24 C25 :=
C1      .   0   0   0   0   0   0   0   0   0   0   0   0   0   0   0   0   0
C10     0   .   0   0   0   1   0   0   0   0   0   0   0   0   0   0   0   0
C11     0   0   .   0   0   0   0   0   0   0   0   0   0   0   0   0   0   0
C12     0   0   0   .   0   0   0   0   0   0   0   0   0   0   0   0   0   0
C13     0   0   0   0   .   0   0   1   0   0   0   0   0   0   0   0   0   0
C14     0   0   0   0   0   .   0   0   0   0   0   0   0   0   0   0   0   0
C15     0   0   0   0   0   0   .   0   0   0   0   0   0   0   0   0   0   0
C16     0   0   0   0   0   0   0   .   0   0   0   0   0   0   0   0   0   0
C17     0   0   0   0   0   0   0   0   .   0   0   0   0   0   0   0   0   0
C18     0   0   0   0   0   0   0   0   0   .   0   0   0   0   0   0   0   0
C19     0   0   0   0   1   0   0   0   0   0   .   0   0   0   0   0   0   0
C2      0   0   0   0   0   0   0   0   0   0   0   .   0   0   0   0   0   0
C20     0   0   0   0   0   0   0   0   0   0   0   0   .   0   0   0   0   0
C21     0   0   1   0   0   0   0   0   0   0   0   0   0   .   0   0   0   0
C22     0   0   0   0   0   0   0   0   0   0   0   0   0   0   .   0   0   0
C23     0   0   0   0   0   0   0   0   1   0   0   0   0   0   0   .   0   0
C24     0   0   0   0   0   0   0   0   0   0   0   0   0   0   0   0   .   0
C25     0   0   0   0   0   0   0   0   0   1   0   0   0   0   0   0   0   .
C3      0   0   0   0   0   0   0   0   0   0   0   0   1   0   0   0   0   0
C4      0   0   0   1   0   0   0   0   0   0   0   0   0   0   0   0   0   0
C5      0   0   0   0   0   0   0   0   0   0   0   0   0   0   0   1   0   0
C6      0   0   0   0   0   0   0   0   0   0   0   0   0   0   0   0   0   0
C7      0   0   0   0   0   0   0   0   0   0   0   0   0   0   0   0   0   0
C8      0   0   0   0   0   0   0   0   0   0   0   0   0   0   0   0   1   0
C9      0   0   0   0   0   0   0   0   0   0   0   1   0   0   0   0   0   0
F26     0   1   0   0   0   0   0   0   0   0   0   0   0   0   0   0   0   0
F26_1   0   0   0   0   0   0   0   0   0   0   0   0   0   0   0   0   0   0
F26_2   0   0   0   0   0   0   0   0   0   0   0   0   0   0   0   0   0   0
F26_3   0   0   0   0   0   0   0   0   0   0   0   0   0   0   0   0   0   0
F27     0   0   0   0   0   0   0   0   0   0   0   0   0   0   0   0   0   0
F27_1   0   0   0   0   0   0   0   0   0   0   0   0   0   0   0   0   0   0
F27_2   0   0   0   0   0   0   0   0   0   0   0   0   0   0   0   0   0   0
F27_3   0   0   0   0   0   0   0   0   0   0   0   0   0   0   0   0   0   0
F28     0   0   0   0   0   0   0   0   0   0   0   0   0   0   0   0   0   0
F28_1   0   0   0   0   0   0   0   0   0   0   0   0   0   0   0   0   0   0
F28_2   0   0   0   0   0   0   0   0   0   0   0   0   0   0   0   0   0   0
F28_3   0   0   0   0   0   0   0   0   0   0   0   0   0   0   0   0   0   0
F29     0   0   0   0   0   0   0   0   0   0   0   0   0   0   0   0   0   0
F29_1   0   0   0   0   0   0   0   0   0   0   0   0   0   0   0   0   0   0
F29_2   0   0   0   0   0   0   0   0   0   0   0   0   0   0   0   0   0   1
F29_3   0   0   0   0   0   0   0   0   0   0   0   0   0   0   0   0   0   0
F30     0   0   0   0   0   0   0   0   0   0   0   0   0   0   0   0   0   0
F30_1   0   0   0   0   0   0   0   0   0   0   0   0   0   0   0   0   0   0
F30_2   0   0   0   0   0   0   0   0   0   0   0   0   0   0   0   0   0   0
F30_3   0   0   0   0   0   0   0   0   0   0   0   0   0   0   0   0   0   0
F31     0   0   0   0   0   0   0   0   0   0   0   0   0   0   0   0   0   0
F31_1   0   0   0   0   0   0   0   0   0   0   0   0   0   0   0   0   0   0
F31_2   0   0   0   0   0   0   0   0   0   0   0   0   0   0   0   0   0   0
F31_3   0   0   0   0   0   0   0   0   0   0   0   0   0   0   0   0   0   0
F32     0   0   0   0   0   0   0   0   0   0   0   0   0   0   0   0   0   0
F32_1   0   0   0   0   0   0   0   0   0   0   0   0   0   0   0   0   0   0
F32_2   0   0   0   0   0   0   0   0   0   0   0   0   0   0   0   0   0   0
F32_3   0   0   0   0   0   0   0   0   0   0   0   0   0   0   0   0   0   0
F33     0   0   0   0   0   0   0   0   0   0   0   0   0   0   0   0   0   0
F33_1   0   0   0   0   0   0   0   0   0   0   0   0   0   0   0   0   0   0
F33_2   0   0   0   0   0   0   0   0   0   0   0   0   0   0   0   0   0   0
F33_3   0   0   0   0   0   0   0   0   0   0   0   0   0   0   0   0   0   0
F34     0   0   0   0   0   0   0   0   0   0   0   0   0   0   0   0   0   0
F34_1   0   0   0   0   0   0   0   0   0   0   0   0   0   0   0   0   0   0
F34_2   0   0   0   0   0   0   0   0   0   0   0   0   0   0   0   0   0   0
F34_3   0   0   0   0   0   0   0   0   0   0   0   0   0   0   0   0   0   0
F35     0   0   0   0   0   0   0   0   0   0   0   0   0   0   0   0   0   0
F35_1   0   0   0   0   0   0   0   0   0   0   0   0   0   0   0   0   0   0
F35_2   0   0   0   0   0   0   0   0   0   0   0   0   0   0   0   0   0   0
F35_3   0   0   0   0   0   0   0   0   0   0   0   0   0   0   0   0   0   0
F36     0   0   0   0   0   0   0   0   0   0   0   0   0   0   0   0   0   0
F36_1   0   0   0   0   0   0   0   0   0   0   0   0   0   0   0   0   0   0
F36_2   0   0   0   0   0   0   0   0   0   0   0   0   0   0   0   0   0   0
F36_3   0   0   0   0   0   0   0   0   0   0   0   0   0   0   0   0   0   0
F37     0   0   0   0   0   0   0   0   0   0   0   0   0   0   0   0   0   0
F37_1   0   0   0   0   0   0   0   0   0   0   0   0   0   0   0   0   0   0
F37_2   0   0   0   0   0   0   0   0   0   0   0   0   0   0   0   0   0   0
F37_3   0   0   0   0   0   0   0   0   0   0   0   0   0   0   0   0   0   0
F38     0   0   0   0   0   0   0   0   0   0   0   0   0   0   0   0   0   0
F38_1   0   0   0   0   0   0   0   0   0   0   0   0   0   0   0   0   0   0
F38_2   0   0   0   0   0   0   0   0   0   0   0   0   0   0   0   0   0   0
F38_3   0   0   0   0   0   0   0   0   0   0   0   0   0   0   0   0   0   0
F39     0   0   0   0   0   0   0   0   0   0   0   0   0   0   0   0   0   0
F39_1   0   0   0   0   0   0   0   0   0   0   0   0   0   0   0   0   0   0
F39_2   0   0   0   0   0   0   0   0   0   0   0   0   0   0   0   0   0   0
F39_3   0   0   0   0   0   0   0   0   0   0   0   0   0   0   0   0   0   0
F40     0   0   0   0   0   0   0   0   0   0   0   0   0   0   0   0   0   0
F40_1   0   0   0   0   0   0   0   0   0   0   0   0   0   0   0   0   0   0
F40_2   0   0   0   0   0   0   0   0   0   0   0   0   0   0   0   0   0   0
F40_3   0   0   0   0   0   0   0   0   0   0   0   0   0   0   0   0   0   0
F41     0   0   0   0   0   0   0   0   0   0   0   0   0   0   0   0   0   0
F41_1   0   0   0   0   0   0   0   0   0   0   0   0   0   0   0   0   0   0
F41_2   0   0   0   0   0   0   0   0   0   0   0   0   0   0   0   0   0   0
F41_3   0   0   0   0   0   0   0   0   0   0   0   0   0   0   0   0   0   0
F42     0   0   0   0   0   0   0   0   0   0   0   0   0   0   0   0   0   0
F42_1   0   0   0   0   0   0   0   0   0   0   0   0   0   0   0   0   0   0
F42_2   0   0   0   0   0   0   0   0   0   0   0   0   0   0   0   0   0   0
F42_3   0   0   0   0   0   0   0   0   0   0   0   0   0   0   0   0   0   0
F43     0   0   0   0   0   0   0   0   0   0   0   0   0   0   0   0   0   0
F43_1   0   0   0   0   0   0   0   0   0   0   0   0   0   0   0   0   0   0
F43_2   0   0   0   0   0   0   0   0   0   0   0   0   0   0   0   0   0   0
F43_3   0   0   0   0   0   0   0   0   0   0   0   0   0   0   0   0   0   0
F44     0   0   0   0   0   0   0   0   0   0   0   0   0   0   0   0   0   0
F44_1   0   0   0   0   0   0   0   0   0   0   0   0   0   0   0   0   0   0
F44_2   0   0   0   0   0   0   0   0   0   0   0   0   0   0   0   0   0   0
F44_3   0   0   0   0   0   0   0   0   0   0   0   0   0   0   0   0   0   0
F45     0   0   0   0   0   0   0   0   0   0   0   0   0   0   0   0   0   0
F45_1   0   0   0   0   0   0   0   0   0   0   0   0   0   0   1   0   0   0
F45_2   0   0   0   0   0   0   0   0   0   0   0   0   0   0   0   0   0   0
F45_3   0   0   0   0   0   0   0   0   0   0   0   0   0   0   0   0   0   0
F46     0   0   0   0   0   0   0   0   0   0   0   0   0   0   0   0   0   0
F46_1   0   0   0   0   0   0   0   0   0   0   0   0   0   0   0   0   0   0
F46_2   0   0   0   0   0   0   0   0   0   0   0   0   0   0   0   0   0   0
F46_3   0   0   0   0   0   0   0   0   0   0   0   0   0   0   0   0   0   0
N0      1   0   0   0   0   0   1   0   0   0   1   0   0   1   0   0   0   0
Nσ      0   0   0   0   0   0   0   0   0   0   0   0   0   0   0   0   0   0

# $11 = F26_3
# $13 = F27_1
:      C3  C4  C5  C6  C7  C8  C9       F26     F26_1      F26_2    $11 F27 $13 :=
C1      0   0   0   0   0   0   0   0              0    0             0   0   0
C10     0   0   0   0   0   0   0   0              0    0             0   0   0
C11     0   0   0   0   0   0   0   0              0    0             0   0   0
C12     0   0   0   0   0   0   0   0              0    0             0   0   0
C13     0   0   0   0   0   0   0   0              0    0             0   0   0
C14     0   0   0   0   0   0   1   0              0    0             0   0   0
C15     1   0   0   0   0   0   0   0              0    0             0   0   0
C16     0   0   0   0   0   0   0   0              0    0             0   0   0
C17     0   0   0   0   0   0   0   0              0    0             0   0   0
C18     0   0   0   1   0   0   0   0              0    0             0   0   0
C19     0   0   0   0   0   0   0   0              0    0             0   0   0
C2      0   0   0   0   0   0   0   0              0    0             0   0   0
C20     0   0   0   0   0   0   0   0              0    4.08221e-06   0   0   0
C21     0   0   0   0   0   0   0   0              0    0             0   0   0
C22     0   0   0   0   0   0   0   0              0    0             0   0   0
C23     0   0   0   0   0   0   0   0              0    0             0   0   0
C24     0   0   0   0   1   0   0   0              0    0             0   0   0
C25     0   0   0   0   0   0   0   0              0    0             0   0   0
C3      .   0   0   0   0   0   0   0              0    0             0   0   0
C4      0   .   0   0   0   0   0   0              0    0             0   0   0
C5      0   0   .   0   0   0   0   0              0    0             0   0   0
C6      0   0   0   .   0   0   0   0              0    0             0   0   0
C7      0   0   0   0   .   0   0   0              0    0             0   0   0
C8      0   0   0   0   0   .   0   0              0    0             0   0   0
C9      0   0   0   0   0   0   .   0              0    0             0   0   0
F26     0   0   0   0   0   0   0    .             0    0             0   0   0
F26_1   0   0   0   0   0   0   0   0              .    0             0   0   0
F26_2   0   0   0   0   0   0   0   0.999997       0     .            0   0   0
F26_3   0   0   0   0   0   0   0   0              0    0             .   0   0
F27     0   0   0   0   0   0   0   0              0    0             0   .   0
F27_1   0   0   0   0   0   0   0   0              0    0             0   0   .
F27_2   0   0   0   0   0   0   0   0              0    0             0   0   0
F27_3   0   0   0   0   0   0   0   0              0    0             0   0   0
F28     0   0   0   0   0   0   0   0              0    0             0   0   0
F28_1   0   0   0   0   0   0   0   0              0    0             0   0   0
F28_2   0   0   0   0   0   0   0   0              0    0             0   0   0
F28_3   0   0   0   0   0   0   0   0              0    0             0   0   0
F29     0   0   0   0   0   0   0   0              0    0             0   0   0
F29_1   0   0   0   0   0   0   0   0              0    0             0   0   0
F29_2   0   0   0   0   0   0   0   0              0    0             0   0   0
F29_3   0   0   0   0   0   0   0   0              0    0             0   0   0
F30     0   0   0   0   0   0   0   0              0    0             0   0   0
F30_1   0   0   0   0   0   0   0   0              0    0             0   0   0
F30_2   0   0   0   0   0   0   0   0              0    0             0   0   0
F30_3   0   0   0   0   0   0   0   0              0    0             0   0   0
F31     0   0   0   0   0   0   0   0              0    0             0   0   0
F31_1   0   0   0   0   0   0   0   0              0    0             0   0   0
F31_2   0   0   0   0   0   0   0   0              0    0             0   0   0
F31_3   0   0   0   0   0   0   0   0              0    0             0   0   0
F32     0   0   0   0   0   0   0   0              0    0             0   0   0
F32_1   0   0   0   0   0   0   0   0              0    0             0   0   0
F32_2   0   0   0   0   0   0   0   0              0    0             0   0   0
F32_3   0   0   0   0   0   0   0   0              0    0             0   0   0
F33     0   0   0   0   0   0   0   0              0    0             0   0   0
F33_1   0   0   0   0   0   0   0   0              0    0             0   0   0
F33_2   0   0   0   0   0   0   0   0              0    0             0   0   0
F33_3   0   1   0   0   0   0   0   0              0    0             0   0   0
F34     0   0   0   0   0   0   0   0              0    0             0   0   0
F34_1   0   0   0   0   0   0   0   0              0    0             0   0   0
F34_2   0   0   0   0   0   0   0   0              0    0             0   0   0
F34_3   0   0   0   0   0   0   0   0              0    0             0   0   0
F35     0   0   0   0   0   0   0   0              0    0             0   0   0
F35_1   0   0   0   0   0   0   0   0              0    0             0   0   0
F35_2   0   0   0   0   0   0   0   0              0    0             0   0   0
F35_3   0   0   0   0   0   0   0   0              0    0             0   0   0
F36     0   0   0   0   0   0   0   0              0    0             0   0   0
F36_1   0   0   0   0   0   0   0   0              0    0             0   0   0
F36_2   0   0   0   0   0   0   0   0              0    0             0   0   0
F36_3   0   0   0   0   0   0   0   0              0    0             0   0   0
F37     0   0   0   0   0   0   0   0              0    0             0   0   0
F37_1   0   0   0   0   0   0   0   0              0    0             0   0   0
F37_2   0   0   0   0   0   0   0   0              0    0             0   0   0
F37_3   0   0   0   0   0   0   0   0              0    0             0   0   0
F38     0   0   0   0   0   0   0   0              0    0             0   0   0
F38_1   0   0   0   0   0   0   0   0              0    0             0   0   0
F38_2   0   0   0   0   0   0   0   0              0    0             0   0   0
F38_3   0   0   0   0   0   0   0   0              0    0             0   0   0
F39     0   0   0   0   0   0   0   0              0    0             0   0   0
F39_1   0   0   0   0   0   0   0   0              0    0             0   0   0
F39_2   0   0   0   0   0   0   0   0              0    0             0   0   0
F39_3   0   0   0   0   0   0   0   0              0    0             0   0   0
F40     0   0   0   0   0   0   0   0              0    0             0   0   0
F40_1   0   0   0   0   0   0   0   0              0    0             0   0   0
F40_2   0   0   0   0   0   0   0   0              0    0             0   0   0
F40_3   0   0   0   0   0   0   0   0              0    0             0   0   0
F41     0   0   0   0   0   0   0   0              0    0             0   0   0
F41_1   0   0   0   0   0   0   0   0              0    0             0   0   0
F41_2   0   0   0   0   0   0   0   0              0    0             0   0   0
F41_3   0   0   0   0   0   0   0   0              0    0             0   0   0
F42     0   0   0   0   0   0   0   0              0    0             0   0   0
F42_1   0   0   0   0   0   0   0   0              0    0             0   0   0
F42_2   0   0   0   0   0   0   0   0              0    0             0   0   0
F42_3   0   0   0   0   0   0   0   0              0    0             0   0   0
F43     0   0   0   0   0   0   0   0              0    0             0   0   0
F43_1   0   0   0   0   0   0   0   0              0    0             0   0   0
F43_2   0   0   0   0   0   0   0   0              0    0             0   0   0
F43_3   0   0   0   0   0   0   0   0              0    0             0   0   0
F44     0   0   0   0   0   0   0   0              0    0             0   0   0
F44_1   0   0   0   0   0   0   0   0              0    0             0   0   0
F44_2   0   0   0   0   0   0   0   0              0    0             0   0   0
F44_3   0   0   0   0   0   0   0   0              0    0             0   0   0
F45     0   0   0   0   0   0   0   0              0    0             0   0   0
F45_1   0   0   0   0   0   0   0   0              0    0             0   0   0
F45_2   0   0   0   0   0   0   0   0              0    0             0   0   0
F45_3   0   0   0   0   0   0   0   0              0    0             0   0   0
F46     0   0   0   0   0   0   0   0              0    0             0   0   0
F46_1   0   0   0   0   0   0   0   0              0    0             0   0   0
F46_2   0   0   0   0   0   0   0   0              0    0             0   0   0
F46_3   0   0   0   0   0   0   0   0              0    0             0   0   0
N0      0   0   1   0   0   1   0   3.21768e-06    0    0.999996      0   0   0
Nσ      0   0   0   0   0   0   0   0              0    0             0   0   0

# $2 = F27_3
# $4 = F28_1
# $5 = F28_2
# $6 = F28_3
# $8 = F29_1
# $9 = F29_2
# $10 = F29_3
# $12 = F30_1
# $13 = F30_2
# $14 = F30_3
# $16 = F31_1
# $17 = F31_2
# $18 = F31_3
:     F27_2  $2 F28  $4  $5  $6 F29  $8  $9 $10 F30 $12 $13 $14 F31 $16 $17 $18 :=
C1       0    0   0   0   0   0   0   0   0   0   0   0   0   0   0   0   0   0
C10      0    0   0   0   0   0   0   0   0   0   0   0   0   0   0   0   0   0
C11      0    0   0   0   0   0   0   0   0   0   0   0   0   0   0   0   0   0
C12      0    0   0   0   0   0   0   0   0   0   0   0   0   0   0   0   0   0
C13      0    0   0   0   0   0   0   0   0   0   0   0   0   0   0   0   0   0
C14      0    0   0   0   0   0   0   0   0   0   0   0   0   0   0   0   0   0
C15      0    0   0   0   0   0   0   0   0   0   0   0   0   0   0   0   0   0
C16      0    0   0   0   0   0   0   0   0   0   0   0   0   0   0   0   0   0
C17      0    0   0   0   0   0   0   0   0   0   0   0   0   0   0   0   0   0
C18      0    0   0   0   0   0   0   0   0   0   0   0   0   0   0   0   0   0
C19      0    0   0   0   0   0   0   0   0   0   0   0   0   0   0   0   0   0
C2       0    0   0   0   0   0   0   0   0   0   0   0   0   0   0   0   0   0
C20      0    0   0   0   0   0   0   0   0   0   0   0   0   0   0   0   0   0
C21      0    0   0   0   0   0   0   0   0   0   0   0   0   0   0   0   0   0
C22      0    0   0   0   0   0   0   0   0   0   0   0   0   0   0   0   0   0
C23      0    0   0   0   0   0   0   0   0   0   0   0   0   0   0   0   0   0
C24      0    0   0   0   0   0   0   0   0   0   0   0   0   0   0   0   0   0
C25      0    0   0   0   0   0   0   0   0   0   0   0   0   0   0   0   0   0
C3       0    0   0   0   0   0   0   0   0   0   0   0   0   0   0   0   0   0
C4       0    0   0   0   0   0   0   0   0   0   0   0   0   0   0   0   0   0
C5       0    0   0   0   0   0   0   0   0   0   0   0   0   0   0   0   0   0
C6       0    0   0   0   0   0   0   0   0   0   0   0   0   0   0   0   0   0
C7       0    0   0   0   0   0   0   0   0   0   0   0   0   0   0   0   0   0
C8       0    0   0   0   0   0   0   0   0   0   0   0   0   0   0   0   0   0
C9       0    0   0   0   0   0   0   0   0   0   0   0   0   0   0   0   0   0
F26      0    0   0   0   0   0   0   0   0   0   0   0   0   0   0   0   0   0
F26_1    0    0   0   0   0   0   0   0   0   0   0   0   0   0   0   0   0   0
F26_2    0    0   0   0   0   0   0   0   0   0   0   0   0   0   0   0   0   0
F26_3    0    0   0   0   0   0   0   0   0   0   0   0   0   0   0   0   0   0
F27      0    0   0   0   0   0   0   0   0   0   0   0   0   0   0   0   0   0
F27_1    0    0   0   0   0   0   0   0   0   0   0   0   0   0   0   0   0   0
F27_2    .    0   0   0   0   0   0   0   0   0   0   0   0   0   0   0   0   0
F27_3    0    .   0   0   0   0   0   0   0   0   0   0   0   0   0   0   0   0
F28      0    0   .   0   0   0   0   0   0   0   0   0   0   0   0   0   0   0
F28_1    0    0   0   .   0   0   0   0   0   0   0   0   0   0   0   0   0   0
F28_2    0    0   0   0   .   0   0   0   0   0   0   0   0   0   0   0   0   0
F28_3    0    0   0   0   0   .   0   0   0   0   0   0   0   0   0   0   0   0
F29      0    0   0   0   0   0   .   0   0   0   0   0   0   0   0   0   0   0
F29_1    0    0   0   0   0   0   0   .   1   0   0   0   0   0   0   0   0   0
F29_2    0    0   0   0   0   0   0   0   .   0   0   0   0   0   0   0   0   0
F29_3    0    0   0   0   0   0   0   0   0   .   0   0   0   0   0   0   0   0
F30      0    0   0   0   0   0   0   0   0   0   .   0   0   0   0   0   0   0
F30_1    0    0   0   0   0   0   0   0   0   0   0   .   0   0   0   0   0   0
F30_2    0    0   0   0   0   0   0   0   0   0   0   0   .   0   0   0   0   0
F30_3    0    0   0   0   0   0   0   0   0   0   0   0   0   .   0   0   0   0
F31      0    0   0   0   0   0   0   0   0   0   0   0   0   0   .   0   0   0
F31_1    0    0   0   0   0   0   0   0   0   0   0   0   0   0   0   .   0   0
F31_2    0    0   0   0   0   0   0   0   0   0   0   0   0   0   0   0   .   0
F31_3    0    0   0   0   0   0   0   0   0   0   0   0   0   0   0   0   0   .
F32      0    0   0   0   0   0   0   0   0   0   0   0   0   0   0   0   0   0
F32_1    0    0   0   0   0   0   0   0   0   0   0   0   0   0   0   0   0   0
F32_2    0    0   0   0   0   0   0   0   0   0   0   0   0   0   0   0   0   0
F32_3    0    0   0   0   0   0   0   0   0   0   0   0   0   0   0   0   0   0
F33      0    0   0   0   0   0   0   0   0   0   0   0   0   0   0   0   0   0
F33_1    0    0   0   0   0   0   0   0   0   0   0   0   0   0   0   0   0   0
F33_2    0    0   0   0   0   0   0   0   0   0   0   0   0   0   0   0   0   0
F33_3    0    0   0   0   0   0   0   0   0   0   0   0   0   0   0   0   0   0
F34      0    0   0   0   0   0   0   0   0   0   0   0   0   0   0   0   0   0
F34_1    0    0   0   0   0   0   0   0   0   0   0   0   0   0   0   0   0   0
F34_2    0    0   0   0   0   0   0   0   0   0   0   0   0   0   0   0   0   0
F34_3    0    0   0   0   0   0   0   0   0   0   0   0   0   0   0   0   0   0
F35      0    0   0   0   0   0   0   0   0   0   0   0   0   0   0   0   0   0
F35_1    0    0   0   0   0   0   0   0   0   0   0   0   0   0   0   0   0   0
F35_2    0    0   0   0   0   0   0   0   0   0   0   0   0   0   0   0   0   0
F35_3    0    0   0   0   0   0   0   0   0   0   0   0   0   0   0   0   0   0
F36      0    0   0   0   0   0   0   0   0   0   0   0   0   0   0   0   0   0
F36_1    0    0   0   0   0   0   0   0   0   0   0   0   0   0   0   0   0   0
F36_2    0    0   0   0   0   0   0   0   0   0   0   0   0   0   0   0   0   0
F36_3    0    0   0   0   0   0   0   0   0   0   0   0   0   0   0   0   0   0
F37      0    0   0   0   0   0   0   0   0   0   0   0   0   0   0   0   0   0
F37_1    0    0   0   0   0   0   0   0   0   0   0   0   0   0   0   0   0   0
F37_2    0    0   0   0   0   0   0   0   0   0   0   0   0   0   0   0   0   0
F37_3    0    0   0   0   0   0   0   0   0   0   0   0   0   0   0   0   0   0
F38      0    0   0   0   0   0   0   0   0   0   0   0   0   0   0   0   0   0
F38_1    0    0   0   0   0   0   0   0   0   0   0   0   0   0   0   0   0   0
F38_2    0    0   0   0   0   0   0   0   0   0   0   0   0   0   0   0   0   0
F38_3    0    0   0   0   0   0   0   0   0   0   0   0   0   0   0   0   0   0
F39      0    0   0   0   0   0   0   0   0   0   0   0   0   0   0   0   0   0
F39_1    0    0   0   0   0   0   0   0   0   0   0   0   0   0   0   0   0   0
F39_2    0    0   0   0   0   0   0   0   0   0   0   0   0   0   0   0   0   0
F39_3    0    0   0   0   0   0   0   0   0   0   0   0   0   0   0   0   0   0
F40      0    0   0   0   0   0   0   0   0   0   0   0   0   0   0   0   0   0
F40_1    0    0   0   0   0   0   0   0   0   0   0   0   0   0   0   0   0   0
F40_2    0    0   0   0   0   0   0   0   0   0   0   0   0   0   0   0   0   0
F40_3    0    0   0   0   0   0   0   0   0   0   0   0   0   0   0   0   0   0
F41      0    0   0   0   0   0   0   0   0   0   0   0   0   0   0   0   0   0
F41_1    0    0   0   0   0   0   0   0   0   0   0   0   0   0   0   0   0   0
F41_2    0    0   0   0   0   0   0   0   0   0   0   0   0   0   0   0   0   0
F41_3    0    0   0   0   0   0   0   0   0   0   0   0   0   0   0   0   0   0
F42      0    0   0   0   0   0   0   0   0   0   0   0   0   0   0   0   0   0
F42_1    0    0   0   0   0   0   0   0   0   0   0   0   0   0   0   0   0   0
F42_2    0    0   0   0   0   0   0   0   0   0   0   0   0   0   0   0   0   0
F42_3    0    0   0   0   0   0   0   0   0   0   0   0   0   0   0   0   0   0
F43      0    0   0   0   0   0   0   0   0   0   0   0   0   0   0   0   0   0
F43_1    0    0   0   0   0   0   0   0   0   0   0   0   0   0   0   0   0   0
F43_2    0    0   0   0   0   0   0   0   0   0   0   0   0   0   0   0   0   0
F43_3    0    0   0   0   0   0   0   0   0   0   0   0   0   0   0   0   0   0
F44      0    0   0   0   0   0   0   0   0   0   0   0   0   0   0   0   0   0
F44_1    0    0   0   0   0   0   0   0   0   0   0   0   0   0   0   0   0   0
F44_2    0    0   0   0   0   0   0   0   0   0   0   0   0   0   0   0   0   0
F44_3    0    0   0   0   0   0   0   0   0   0   0   0   0   0   0   0   0   0
F45      0    0   0   0   0   0   0   0   0   0   0   0   0   0   0   0   0   0
F45_1    0    0   0   0   0   0   0   0   0   0   0   0   0   0   0   0   0   0
F45_2    0    0   0   0   0   0   0   0   0   0   0   0   0   0   0   0   0   0
F45_3    0    0   0   0   0   0   0   0   0   0   0   0   0   0   0   0   0   0
F46      0    0   0   0   0   0   0   0   0   0   0   0   0   0   0   0   0   0
F46_1    0    0   0   0   0   0   0   0   0   0   0   0   0   0   0   0   0   0
F46_2    0    0   0   0   0   0   0   0   0   0   0   0   0   0   0   0   0   0
F46_3    0    0   0   0   0   0   0   0   0   0   0   0   0   0   0   0   0   0
N0       0    0   0   0   0   0   0   1   0   0   0   0   0   0   0   0   0   0
Nσ       0    0   0   0   0   0   0   0   0   0   0   0   0   0   0   0   0   0

# $3 = F32_2
# $4 = F32_3
# $6 = F33_1
# $7 = F33_2
# $8 = F33_3
# $10 = F34_1
# $11 = F34_2
# $12 = F34_3
# $14 = F35_1
# $15 = F35_2
# $16 = F35_3
# $18 = F36_1
:     F32 F32_1  $3  $4 F33  $6  $7  $8 F34 $10 $11 $12 F35 $14 $15 $16 F36 $18 :=
C1      0    0    0   0   0   0   0   0   0   0   0   0   0   0   0   0   0   0
C10     0    0    0   0   0   0   0   0   0   0   0   0   0   0   0   0   0   0
C11     0    0    0   0   0   0   0   0   0   0   0   0   0   0   0   0   0   0
C12     0    0    0   0   0   0   0   0   0   0   0   0   0   0   0   0   0   0
C13     0    0    0   0   0   0   0   0   0   0   0   0   0   0   0   0   0   0
C14     0    0    0   0   0   0   0   0   0   0   0   0   0   0   0   0   0   0
C15     0    0    0   0   0   0   0   0   0   0   0   0   0   0   0   0   0   0
C16     0    0    0   0   0   0   0   0   0   0   0   0   0   0   0   0   0   0
C17     0    0    0   0   0   0   0   0   0   0   0   0   0   0   0   0   0   0
C18     0    0    0   0   0   0   0   0   0   0   0   0   0   0   0   0   0   0
C19     0    0    0   0   0   0   0   0   0   0   0   0   0   0   0   0   0   0
C2      0    0    0   0   0   0   0   0   0   0   0   0   0   0   0   0   0   0
C20     0    0    0   0   0   0   0   0   0   0   0   0   0   0   0   0   0   0
C21     0    0    0   0   0   0   0   0   0   0   0   0   0   0   0   0   0   0
C22     0    0    0   0   0   0   0   0   0   0   0   0   0   0   0   0   0   0
C23     0    0    0   0   0   0   0   0   0   0   0   0   0   0   0   0   0   0
C24     0    0    0   0   0   0   0   0   0   0   0   0   0   0   0   0   0   0
C25     0    0    0   0   0   0   0   0   0   0   0   0   0   0   0   0   0   0
C3      0    0    0   0   0   0   0   0   0   0   0   0   0   0   0   0   0   0
C4      0    0    0   0   0   0   0   0   0   0   0   0   0   0   0   0   0   0
C5      0    0    0   0   0   0   0   0   0   0   0   0   0   0   0   0   0   0
C6      0    0    0   0   0   0   0   0   0   0   0   0   0   0   0   0   0   0
C7      0    0    0   0   0   0   0   0   0   0   0   0   0   0   0   0   0   0
C8      0    0    0   0   0   0   0   0   0   0   0   0   0   0   0   0   0   0
C9      0    0    0   0   0   0   0   0   0   0   0   0   0   0   0   0   0   0
F26     0    0    0   0   0   0   0   0   0   0   0   0   0   0   0   0   0   0
F26_1   0    0    0   0   0   0   0   0   0   0   0   0   0   0   0   0   0   0
F26_2   0    0    0   0   0   0   0   0   0   0   0   0   0   0   0   0   0   0
F26_3   0    0    0   0   0   0   0   0   0   0   0   0   0   0   0   0   0   0
F27     0    0    0   0   0   0   0   0   0   0   0   0   0   0   0   0   0   0
F27_1   0    0    0   0   0   0   0   0   0   0   0   0   0   0   0   0   0   0
F27_2   0    0    0   0   0   0   0   0   0   0   0   0   0   0   0   0   0   0
F27_3   0    0    0   0   0   0   0   0   0   0   0   0   0   0   0   0   0   0
F28     0    0    0   0   0   0   0   0   0   0   0   0   0   0   0   0   0   0
F28_1   0    0    0   0   0   0   0   0   0   0   0   0   0   0   0   0   0   0
F28_2   0    0    0   0   0   0   0   0   0   0   0   0   0   0   0   0   0   0
F28_3   0    0    0   0   0   0   0   0   0   0   0   0   0   0   0   0   0   0
F29     0    0    0   0   0   0   0   0   0   0   0   0   0   0   0   0   0   0
F29_1   0    0    0   0   0   0   0   0   0   0   0   0   0   0   0   0   0   0
F29_2   0    0    0   0   0   0   0   0   0   0   0   0   0   0   0   0   0   0
F29_3   0    0    0   0   0   0   0   0   0   0   0   0   0   0   0   0   0   0
F30     0    0    0   0   0   0   0   0   0   0   0   0   0   0   0   0   0   0
F30_1   0    0    0   0   0   0   0   0   0   0   0   0   0   0   0   0   0   0
F30_2   0    0    0   0   0   0   0   0   0   0   0   0   0   0   0   0   0   0
F30_3   0    0    0   0   0   0   0   0   0   0   0   0   0   0   0   0   0   0
F31     0    0    0   0   0   0   0   0   0   0   0   0   0   0   0   0   0   0
F31_1   0    0    0   0   0   0   0   0   0   0   0   0   0   0   0   0   0   0
F31_2   0    0    0   0   0   0   0   0   0   0   0   0   0   0   0   0   0   0
F31_3   0    0    0   0   0   0   0   0   0   0   0   0   0   0   0   0   0   0
F32     .    0    0   0   0   0   0   0   0   0   0   0   0   0   0   0   0   0
F32_1   0    .    0   0   0   0   0   0   0   0   0   0   0   0   0   0   0   0
F32_2   0    0    .   0   0   0   0   0   0   0   0   0   0   0   0   0   0   0
F32_3   0    0    0   .   0   0   0   0   0   0   0   0   0   0   0   0   0   0
F33     0    0    0   0   .   0   0   0   0   0   0   0   0   0   0   0   0   0
F33_1   0    0    0   0   0   .   0   0   0   0   0   0   0   0   0   0   0   0
F33_2   0    0    0   0   0   0   .   0   0   0   0   0   0   0   0   0   0   0
F33_3   0    0    0   0   0   0   0   .   0   0   0   0   0   0   0   0   0   0
F34     0    0    0   0   0   0   0   0   .   0   0   0   0   0   0   0   0   0
F34_1   0    0    0   0   0   0   0   0   0   .   0   0   0   0   0   0   0   0
F34_2   0    0    0   0   0   0   0   0   0   0   .   0   0   0   0   0   0   0
F34_3   0    0    0   0   0   0   0   0   0   0   0   .   0   0   0   0   0   0
F35     0    0    0   0   0   0   0   0   0   0   0   0   .   0   0   0   0   0
F35_1   0    0    0   0   0   0   0   0   0   0   0   0   0   .   0   0   0   0
F35_2   0    0    0   0   0   0   0   0   0   0   0   0   0   0   .   0   0   0
F35_3   0    0    0   0   0   0   0   0   0   0   0   0   0   0   0   .   0   0
F36     0    0    0   0   0   0   0   0   0   0   0   0   0   0   0   0   .   0
F36_1   0    0    0   0   0   0   0   0   0   0   0   0   0   0   0   0   0   .
F36_2   0    0    0   0   0   0   0   0   0   0   0   0   0   0   0   0   0   0
F36_3   0    0    0   0   0   0   0   0   0   0   0   0   0   0   0   0   0   0
F37     0    0    0   0   0   0   0   0   0   0   0   0   0   0   0   0   0   0
F37_1   0    0    0   0   0   0   0   0   0   0   0   0   0   0   0   0   0   0
F37_2   0    0    0   0   0   0   0   0   0   0   0   0   0   0   0   0   0   0
F37_3   0    0    0   0   0   0   0   0   0   0   0   0   0   0   0   0   0   0
F38     0    0    0   0   0   0   0   0   0   0   0   0   0   0   0   0   0   0
F38_1   0    0    0   0   0   0   0   0   0   0   0   0   0   0   0   0   0   0
F38_2   0    0    0   0   0   0   0   0   0   0   0   0   0   0   0   0   0   0
F38_3   0    0    0   0   0   0   0   0   0   0   0   0   0   0   0   0   0   0
F39     0    0    0   0   0   0   0   0   0   0   0   0   0   0   0   0   0   0
F39_1   0    0    0   0   0   0   0   0   0   0   0   0   0   0   0   0   0   0
F39_2   0    0    0   0   0   0   0   0   0   0   0   0   0   0   0   0   0   0
F39_3   0    0    0   0   0   0   0   0   0   0   0   0   0   0   0   0   0   0
F40     0    0    0   0   0   0   0   0   0   0   0   0   0   0   0   0   0   0
F40_1   0    0    0   0   0   0   0   0   0   0   0   0   0   0   0   0   0   0
F40_2   0    0    0   0   0   0   0   0   0   0   0   0   0   0   0   0   0   0
F40_3   0    0    0   0   0   0   0   0   0   0   0   0   0   0   0   0   0   0
F41     0    0    0   0   0   0   0   0   0   0   0   0   0   0   0   0   0   0
F41_1   0    0    0   0   0   0   0   0   0   0   0   0   0   0   0   0   0   0
F41_2   0    0    0   0   0   0   0   0   0   0   0   0   0   0   0   0   0   0
F41_3   0    0    0   0   0   0   0   0   0   0   0   0   0   0   0   0   0   0
F42     0    0    0   0   0   0   0   0   0   0   0   0   0   0   0   0   0   0
F42_1   0    0    0   0   0   0   0   0   0   0   0   0   0   0   0   0   0   0
F42_2   0    0    0   0   0   0   0   0   0   0   0   0   0   0   0   0   0   0
F42_3   0    0    0   0   0   0   0   0   0   0   0   0   0   0   0   0   0   0
F43     0    0    0   0   0   0   0   0   0   0   0   0   0   0   0   0   0   0
F43_1   0    0    0   0   0   0   0   0   0   0   0   0   0   0   0   0   0   0
F43_2   0    0    0   0   0   0   0   0   0   0   0   0   0   0   0   0   0   0
F43_3   0    0    0   0   0   0   0   0   0   0   0   0   0   0   0   0   0   0
F44     0    0    0   0   0   0   0   0   0   0   0   0   0   0   0   0   0   0
F44_1   0    0    0   0   0   0   0   0   0   0   0   0   0   0   0   0   0   0
F44_2   0    0    0   0   0   0   0   0   0   0   0   0   0   0   0   0   0   0
F44_3   0    0    0   0   0   0   0   0   0   0   0   0   0   0   0   0   0   0
F45     0    0    0   0   0   0   0   0   0   0   0   0   0   0   0   0   0   0
F45_1   0    0    0   0   0   0   0   0   0   0   0   0   0   0   0   0   0   0
F45_2   0    0    0   0   0   0   0   0   0   0   0   0   0   0   0   0   0   0
F45_3   0    0    0   0   0   0   0   0   0   0   0   0   0   0   0   0   0   0
F46     0    0    0   0   0   0   0   0   0   0   0   0   0   0   0   0   0   0
F46_1   0    0    0   0   0   0   0   0   0   0   0   0   0   0   0   0   0   0
F46_2   0    0    0   0   0   0   0   0   0   0   0   0   0   0   0   0   0   0
F46_3   0    0    0   0   0   0   0   0   0   0   0   0   0   0   0   0   0   0
N0      0    0    0   0   0   0   0   1   0   0   0   0   0   0   0   0   0   0
Nσ      0    0    0   0   0   0   0   0   0   0   0   0   0   0   0   0   0   0

# $2 = F36_3
# $4 = F37_1
# $5 = F37_2
# $6 = F37_3
# $8 = F38_1
# $9 = F38_2
# $10 = F38_3
# $12 = F39_1
# $13 = F39_2
# $14 = F39_3
# $16 = F40_1
# $17 = F40_2
# $18 = F40_3
:     F36_2  $2 F37  $4  $5  $6 F38  $8  $9 $10 F39 $12 $13 $14 F40 $16 $17 $18 :=
C1       0    0   0   0   0   0   0   0   0   0   0   0   0   0   0   0   0   0
C10      0    0   0   0   0   0   0   0   0   0   0   0   0   0   0   0   0   0
C11      0    0   0   0   0   0   0   0   0   0   0   1   0   0   0   0   0   0
C12      0    0   0   0   0   0   0   0   0   0   0   0   0   0   0   0   0   0
C13      0    0   0   0   0   0   0   0   0   0   0   0   0   0   0   0   0   0
C14      0    0   0   0   0   0   0   0   0   0   0   0   0   0   0   0   0   0
C15      0    0   0   0   0   0   0   0   0   0   0   0   0   0   0   0   0   0
C16      0    0   0   0   0   0   0   0   0   0   0   0   0   0   0   0   0   0
C17      0    0   0   0   0   0   0   0   0   0   0   0   0   0   0   0   0   0
C18      0    0   0   0   0   0   0   0   0   0   0   0   0   0   0   0   0   0
C19      0    0   0   0   0   0   0   0   0   0   0   0   0   0   0   0   0   0
C2       0    0   0   0   0   0   0   0   0   0   0   0   0   0   0   0   0   0
C20      0    0   0   0   0   0   0   0   0   0   0   0   0   0   0   0   0   0
C21      0    0   0   0   0   0   0   0   0   0   0   0   0   0   0   0   0   0
C22      0    0   0   0   0   0   0   0   0   0   0   0   0   0   0   0   0   0
C23      0    0   0   0   0   0   0   0   0   0   0   0   0   0   0   0   0   0
C24      0    0   0   0   0   0   0   0   0   0   0   0   0   0   0   0   0   0
C25      0    0   0   0   0   0   0   0   0   0   0   0   0   0   0   0   0   0
C3       0    0   0   0   0   0   0   0   0   0   0   0   0   0   0   0   0   0
C4       0    0   0   0   0   0   0   0   0   0   0   0   0   0   0   0   0   0
C5       0    0   0   0   0   0   0   0   0   0   0   0   0   0   0   0   0   0
C6       0    0   0   0   0   0   0   0   0   0   0   0   0   0   0   0   0   0
C7       0    0   0   0   0   0   0   0   0   0   0   0   0   0   0   0   0   0
C8       0    0   0   0   0   0   0   0   0   0   0   0   0   0   0   0   0   0
C9       0    0   0   0   0   0   0   0   0   0   0   0   0   0   0   0   0   0
F26      0    0   0   0   0   0   0   0   0   0   0   0   0   0   0   0   0   0
F26_1    0    0   0   0   0   0   0   0   0   0   0   0   0   0   0   0   0   0
F26_2    0    0   0   0   0   0   0   0   0   0   0   0   0   0   0   0   0   0
F26_3    0    0   0   0   0   0   0   0   0   0   0   0   0   0   0   0   0   0
F27      0    0   0   0   0   0   0   0   0   0   0   0   0   0   0   0   0   0
F27_1    0    0   0   0   0   0   0   0   0   0   0   0   0   0   0   0   0   0
F27_2    0    0   0   0   0   0   0   0   0   0   0   0   0   0   0   0   0   0
F27_3    0    0   0   0   0   0   0   0   0   0   0   0   0   0   0   0   0   0
F28      0    0   0   0   0   0   0   0   0   0   0   0   0   0   0   0   0   0
F28_1    0    0   0   0   0   0   0   0   0   0   0   0   0   0   0   0   0   0
F28_2    0    0   0   0   0   0   0   0   0   0   0   0   0   0   0   0   0   0
F28_3    0    0   0   0   0   0   0   0   0   0   0   0   0   0   0   0   0   0
F29      0    0   0   0   0   0   0   0   0   0   0   0   0   0   0   0   0   0
F29_1    0    0   0   0   0   0   0   0   0   0   0   0   0   0   0   0   0   0
F29_2    0    0   0   0   0   0   0   0   0   0   0   0   0   0   0   0   0   0
F29_3    0    0   0   0   0   0   0   0   0   0   0   0   0   0   0   0   0   0
F30      0    0   0   0   0   0   0   0   0   0   0   0   0   0   0   0   0   0
F30_1    0    0   0   0   0   0   0   0   0   0   0   0   0   0   0   0   0   0
F30_2    0    0   0   0   0   0   0   0   0   0   0   0   0   0   0   0   0   0
F30_3    0    0   0   0   0   0   0   0   0   0   0   0   0   0   0   0   0   0
F31      0    0   0   0   0   0   0   0   0   0   0   0   0   0   0   0   0   0
F31_1    0    0   0   0   0   0   0   0   0   0   0   0   0   0   0   0   0   0
F31_2    0    0   0   0   0   0   0   0   0   0   0   0   0   0   0   0   0   0
F31_3    0    0   0   0   0   0   0   0   0   0   0   0   0   0   0   0   0   0
F32      0    0   0   0   0   0   0   0   0   0   0   0   0   0   0   0   0   0
F32_1    0    0   0   0   0   0   0   0   0   0   0   0   0   0   0   0   0   0
F32_2    0    0   0   0   0   0   0   0   0   0   0   0   0   0   0   0   0   0
F32_3    0    0   0   0   0   0   0   0   0   0   0   0   0   0   0   0   0   0
F33      0    0   0   0   0   0   0   0   0   0   0   0   0   0   0   0   0   0
F33_1    0    0   0   0   0   0   0   0   0   0   0   0   0   0   0   0   0   0
F33_2    0    0   0   0   0   0   0   0   0   0   0   0   0   0   0   0   0   0
F33_3    0    0   0   0   0   0   0   0   0   0   0   0   0   0   0   0   0   0
F34      0    0   0   0   0   0   0   0   0   0   0   0   0   0   0   0   0   0
F34_1    0    0   0   0   0   0   0   0   0   0   0   0   0   0   0   0   0   0
F34_2    0    0   0   0   0   0   0   0   0   0   0   0   0   0   0   0   0   0
F34_3    0    0   0   0   0   0   0   0   0   0   0   0   0   0   0   0   0   0
F35      0    0   0   0   0   0   0   0   0   0   0   0   0   0   0   0   0   0
F35_1    0    0   0   0   0   0   0   0   0   0   0   0   0   0   0   0   0   0
F35_2    0    0   0   0   0   0   0   0   0   0   0   0   0   0   0   0   0   0
F35_3    0    0   0   0   0   0   0   0   0   0   0   0   0   0   0   0   0   0
F36      0    0   0   0   0   0   0   0   0   0   0   0   0   0   0   0   0   0
F36_1    0    0   0   0   0   0   0   0   0   0   0   0   0   0   0   0   0   0
F36_2    .    0   0   0   0   0   0   0   0   0   0   0   0   0   0   0   0   0
F36_3    0    .   0   0   0   0   0   0   0   0   0   0   0   0   0   0   0   0
F37      0    0   .   1   0   0   0   0   0   0   0   0   0   0   0   0   0   0
F37_1    0    0   0   .   0   1   0   0   0   0   0   0   0   0   0   0   0   0
F37_2    0    0   0   0   .   0   0   0   0   0   0   0   0   0   0   0   0   0
F37_3    0    0   1   0   0   .   0   0   0   0   0   0   0   0   0   0   0   0
F38      0    0   0   0   0   0   .   0   0   0   0   0   0   0   0   0   0   0
F38_1    0    0   0   0   0   0   0   .   0   0   0   0   0   0   0   0   0   0
F38_2    0    0   0   0   0   0   0   0   .   0   0   0   0   0   0   0   0   0
F38_3    0    0   0   0   0   0   0   0   0   .   0   0   0   0   0   0   0   0
F39      0    0   0   0   0   0   0   0   0   0   .   0   0   0   0   0   0   0
F39_1    0    0   0   0   0   0   0   0   0   0   1   .   0   0   0   0   0   0
F39_2    0    0   0   0   0   0   0   0   0   0   0   0   .   0   0   0   0   0
F39_3    0    0   0   0   0   0   0   0   0   0   0   0   0   .   0   0   0   0
F40      0    0   0   0   0   0   0   0   0   0   0   0   0   0   .   0   0   0
F40_1    0    0   0   0   0   0   0   0   0   0   0   0   0   0   0   .   0   0
F40_2    0    0   0   0   0   0   0   0   0   0   0   0   0   0   0   0   .   0
F40_3    0    0   0   0   0   0   0   0   0   0   0   0   0   0   0   0   0   .
F41      0    0   0   0   0   0   0   0   0   0   0   0   0   0   0   0   0   0
F41_1    0    0   0   0   0   0   0   0   0   0   0   0   0   0   0   0   0   0
F41_2    0    0   0   0   0   0   0   0   0   0   0   0   0   0   0   0   0   0
F41_3    0    0   0   0   0   0   0   0   0   0   0   0   0   0   0   0   0   0
F42      0    0   0   0   0   0   0   0   0   0   0   0   0   0   0   0   0   0
F42_1    0    0   0   0   0   0   0   0   0   0   0   0   0   0   0   0   0   0
F42_2    0    0   0   0   0   0   0   0   0   0   0   0   0   0   0   0   0   0
F42_3    0    0   0   0   0   0   0   0   0   0   0   0   0   0   0   0   0   0
F43      0    0   0   0   0   0   0   0   0   0   0   0   0   0   0   0   0   0
F43_1    0    0   0   0   0   0   0   0   0   0   0   0   0   0   0   0   0   0
F43_2    0    0   0   0   0   0   0   0   0   0   0   0   0   0   0   0   0   0
F43_3    0    0   0   0   0   0   0   0   0   0   0   0   0   0   0   0   0   0
F44      0    0   0   0   0   0   0   0   0   0   0   0   0   0   0   0   0   0
F44_1    0    0   0   0   0   0   0   0   0   0   0   0   0   0   0   0   0   0
F44_2    0    0   0   0   0   0   0   0   0   0   0   0   0   0   0   0   0   0
F44_3    0    0   0   0   0   0   0   0   0   0   0   0   0   0   0   0   0   0
F45      0    0   0   0   0   0   0   0   0   0   0   0   0   0   0   0   0   0
F45_1    0    0   0   0   0   0   0   0   0   0   0   0   0   0   0   0   0   0
F45_2    0    0   0   0   0   0   0   0   0   0   0   0   0   0   0   0   0   0
F45_3    0    0   0   0   0   0   0   0   0   0   0   0   0   0   0   0   0   0
F46      0    0   0   0   0   0   0   0   0   0   0   0   0   0   0   0   0   0
F46_1    0    0   0   0   0   0   0   0   0   0   0   0   0   0   0   0   0   0
F46_2    0    0   0   0   0   0   0   0   0   0   0   0   0   0   0   0   0   0
F46_3    0    0   0   0   0   0   0   0   0   0   0   0   0   0   0   0   0   0
N0       0    0   0   0   0   0   0   0   0   0   0   0   0   0   0   0   0   0
Nσ       0    0   0   0   0   0   0   0   0   0   0   0   0   0   0   0   0   0

# $3 = F41_2
# $4 = F41_3
# $6 = F42_1
# $7 = F42_2
# $8 = F42_3
# $10 = F43_1
# $11 = F43_2
# $12 = F43_3
# $14 = F44_1
# $15 = F44_2
# $16 = F44_3
# $18 = F45_1
:     F41 F41_1  $3  $4 F42  $6  $7  $8 F43 $10 $11 $12 F44 $14 $15 $16 F45 $18 :=
C1      0    0    0   0   0   0   0   0   0   0   0   0   0   0   0   0   1   0
C10     0    0    0   0   0   0   0   0   0   0   0   0   0   0   0   0   0   0
C11     0    0    0   0   0   0   0   0   0   0   0   0   0   0   0   0   0   0
C12     0    0    0   0   0   0   0   0   0   0   0   0   0   0   0   0   0   0
C13     0    0    0   0   0   0   0   0   0   0   0   0   0   0   0   0   0   0
C14     0    0    0   0   0   0   0   0   0   0   0   0   0   0   0   0   0   0
C15     0    0    0   0   0   0   0   0   0   0   0   0   0   0   0   0   0   0
C16     0    0    0   0   0   0   0   0   0   0   0   0   0   0   0   0   0   0
C17     0    0    0   0   0   0   0   0   0   0   0   0   0   0   0   0   0   0
C18     0    0    0   0   0   0   0   0   0   0   0   0   0   0   0   0   0   0
C19     0    0    0   0   0   0   0   0   0   0   0   0   0   0   0   0   0   0
C2      0    0    0   0   0   0   0   0   0   0   0   0   0   0   0   0   0   0
C20     0    0    0   0   0   0   0   0   0   0   0   0   0   0   0   0   0   0
C21     0    0    0   0   0   0   0   0   0   0   0   0   0   0   0   0   0   0
C22     0    0    0   0   0   0   0   0   0   0   0   0   0   0   0   0   0   0
C23     0    0    0   0   0   0   0   0   0   0   0   0   0   0   0   0   0   0
C24     0    0    0   0   0   0   0   0   0   0   0   0   0   0   0   0   0   0
C25     0    0    0   0   0   0   0   0   0   0   0   0   0   0   0   0   0   0
C3      0    0    0   0   0   0   0   0   0   0   0   0   0   0   0   0   0   0
C4      0    0    0   0   0   0   0   0   0   0   0   0   0   0   0   0   0   0
C5      0    0    0   0   0   0   0   0   0   0   0   0   0   0   0   0   0   0
C6      0    0    0   0   0   0   0   0   0   0   0   0   0   0   0   0   0   0
C7      0    0    0   0   0   0   0   0   0   0   0   0   0   0   0   0   0   0
C8      0    0    0   0   0   0   0   0   0   0   0   0   0   0   0   0   0   0
C9      0    0    0   0   0   0   0   0   0   0   0   0   0   0   0   0   0   0
F26     0    0    0   0   0   0   0   0   0   0   0   0   0   0   0   0   0   0
F26_1   0    0    0   0   0   0   0   0   0   0   0   0   0   0   0   0   0   0
F26_2   0    0    0   0   0   0   0   0   0   0   0   0   0   0   0   0   0   0
F26_3   0    0    0   0   0   0   0   0   0   0   0   0   0   0   0   0   0   0
F27     0    0    0   0   0   0   0   0   0   0   0   0   0   0   0   0   0   0
F27_1   0    0    0   0   0   0   0   0   0   0   0   0   0   0   0   0   0   0
F27_2   0    0    0   0   0   0   0   0   0   0   0   0   0   0   0   0   0   0
F27_3   0    0    0   0   0   0   0   0   0   0   0   0   0   0   0   0   0   0
F28     0    0    0   0   0   0   0   0   0   0   0   0   0   0   0   0   0   0
F28_1   0    0    0   0   0   0   0   0   0   0   0   0   0   0   0   0   0   0
F28_2   0    0    0   0   0   0   0   0   0   0   0   0   0   0   0   0   0   0
F28_3   0    0    0   0   0   0   0   0   0   0   0   0   0   0   0   0   0   0
F29     0    0    0   0   0   0   0   0   0   0   0   0   0   0   0   0   0   0
F29_1   0    0    0   0   0   0   0   0   0   0   0   0   0   0   0   0   0   0
F29_2   0    0    0   0   0   0   0   0   0   0   0   0   0   0   0   0   0   0
F29_3   0    0    0   0   0   0   0   0   0   0   0   0   0   0   0   0   0   0
F30     0    0    0   0   0   0   0   0   0   0   0   0   0   0   0   0   0   0
F30_1   0    0    0   0   0   0   0   0   0   0   0   0   0   0   0   0   0   0
F30_2   0    0    0   0   0   0   0   0   0   0   0   0   0   0   0   0   0   0
F30_3   0    0    0   0   0   0   0   0   0   0   0   0   0   0   0   0   0   0
F31     0    0    0   0   0   0   0   0   0   0   0   0   0   0   0   0   0   0
F31_1   0    0    0   0   0   0   0   0   0   0   0   0   0   0   0   0   0   0
F31_2   0    0    0   0   0   0   0   0   0   0   0   0   0   0   0   0   0   0
F31_3   0    0    0   0   0   0   0   0   0   0   0   0   0   0   0   0   0   0
F32     0    0    0   0   0   0   0   0   0   0   0   0   0   0   0   0   0   0
F32_1   0    0    0   0   0   0   0   0   0   0   0   0   0   0   0   0   0   0
F32_2   0    0    0   0   0   0   0   0   0   0   0   0   0   0   0   0   0   0
F32_3   0    0    0   0   0   0   0   0   0   0   0   0   0   0   0   0   0   0
F33     0    0    0   0   0   0   0   0   0   0   0   0   0   0   0   0   0   0
F33_1   0    0    0   0   0   0   0   0   0   0   0   0   0   0   0   0   0   0
F33_2   0    0    0   0   0   0   0   0   0   0   0   0   0   0   0   0   0   0
F33_3   0    0    0   0   0   0   0   0   0   0   0   0   0   0   0   0   0   0
F34     0    0    0   0   0   0   0   0   0   0   0   0   0   0   0   0   0   0
F34_1   0    0    0   0   0   0   0   0   0   0   0   0   0   0   0   0   0   0
F34_2   0    0    0   0   0   0   0   0   0   0   0   0   0   0   0   0   0   0
F34_3   0    0    0   0   0   0   0   0   0   0   0   0   0   0   0   0   0   0
F35     0    0    0   0   0   0   0   0   0   0   0   0   0   0   0   0   0   0
F35_1   0    0    0   0   0   0   0   0   0   0   0   0   0   0   0   0   0   0
F35_2   0    0    0   0   0   0   0   0   0   0   0   0   0   0   0   0   0   0
F35_3   0    0    0   0   0   0   0   0   0   0   0   0   0   0   0   0   0   0
F36     0    0    0   0   0   0   0   0   0   0   0   0   0   0   0   0   0   0
F36_1   0    0    0   0   0   0   0   0   0   0   0   0   0   0   0   0   0   0
F36_2   0    0    0   0   0   0   0   0   0   0   0   0   0   0   0   0   0   0
F36_3   0    0    0   0   0   0   0   0   0   0   0   0   0   0   0   0   0   0
F37     0    0    0   0   0   0   0   0   0   0   0   0   0   0   0   0   0   0
F37_1   0    0    0   0   0   0   0   0   0   0   0   0   0   0   0   0   0   0
F37_2   0    0    0   0   0   0   0   0   0   0   0   0   0   0   0   0   0   0
F37_3   0    0    0   0   0   0   0   0   0   0   0   0   0   0   0   0   0   0
F38     0    0    0   0   0   0   0   0   0   0   0   0   0   0   0   0   0   0
F38_1   0    0    0   0   0   0   0   0   0   0   0   0   0   0   0   0   0   0
F38_2   0    0    0   0   0   0   0   0   0   0   0   0   0   0   0   0   0   0
F38_3   0    0    0   0   0   0   0   0   0   0   0   0   0   0   0   0   0   0
F39     0    0    0   0   0   0   0   0   0   0   0   0   0   0   0   0   0   0
F39_1   0    0    0   0   0   0   0   0   0   0   0   0   0   0   0   0   0   0
F39_2   0    0    0   0   0   0   0   0   0   0   0   0   0   0   0   0   0   0
F39_3   0    0    0   0   0   0   0   0   0   0   0   0   0   0   0   0   0   0
F40     0    0    0   0   0   0   0   0   0   0   0   0   0   0   0   0   0   0
F40_1   0    0    0   0   0   0   0   0   0   0   0   0   0   0   0   0   0   0
F40_2   0    0    0   0   0   0   0   0   0   0   0   0   0   0   0   0   0   0
F40_3   0    0    0   0   0   0   0   0   0   0   0   0   0   0   0   0   0   0
F41     .    0    0   0   0   0   0   0   0   0   0   0   0   0   0   0   0   0
F41_1   0    .    0   0   0   0   0   0   0   0   0   0   0   0   0   0   0   0
F41_2   0    0    .   0   0   0   0   0   0   0   0   0   0   0   0   0   0   0
F41_3   0    0    0   .   0   0   0   0   0   0   0   0   0   0   0   0   0   0
F42     0    0    0   0   .   0   0   0   0   0   0   0   0   0   0   0   0   0
F42_1   0    0    0   0   0   .   0   0   0   0   0   0   0   0   0   0   0   0
F42_2   0    0    0   0   0   0   .   0   0   0   0   0   0   0   0   0   0   0
F42_3   0    0    0   0   0   0   0   .   0   0   0   0   0   0   0   0   0   0
F43     0    0    0   0   0   0   0   0   .   0   0   0   0   0   0   0   0   0
F43_1   0    0    0   0   0   0   0   0   0   .   0   0   0   0   0   0   0   0
F43_2   0    0    0   0   0   0   0   0   0   0   .   0   0   0   0   0   0   0
F43_3   0    0    0   0   0   0   0   0   0   0   0   .   0   0   0   0   0   0
F44     0    0    0   0   0   0   0   0   0   0   0   0   .   0   0   0   0   0
F44_1   0    0    0   0   0   0   0   0   0   0   0   0   0   .   0   0   0   0
F44_2   0    0    0   0   0   0   0   0   0   0   0   0   0   0   .   0   0   0
F44_3   0    0    0   0   0   0   0   0   0   0   0   0   0   0   0   .   0   0
F45     0    0    0   0   0   0   0   0   0   0   0   0   0   0   0   0   .   1
F45_1   0    0    0   0   0   0   0   0   0   0   0   0   0   0   0   0   0   .
F45_2   0    0    0   0   0   0   0   0   0   0   0   0   0   0   0   0   0   0
F45_3   0    0    0   0   0   0   0   0   0   0   0   0   0   0   0   0   0   0
F46     0    0    0   0   0   0   0   0   0   0   0   0   0   0   0   0   0   0
F46_1   0    0    0   0   0   0   0   0   0   0   0   0   0   0   0   0   0   0
F46_2   0    0    0   0   0   0   0   0   0   0   0   0   0   0   0   0   0   0
F46_3   0    0    0   0   0   0   0   0   0   0   0   0   0   0   0   0   0   0
N0      0    0    0   0   0   0   0   0   0   0   0   0   0   0   0   0   0   0
Nσ      0    0    0   0   0   0   0   0   0   0   0   0   0   0   0   0   0   0

:     F45_2 F45_3 F46 F46_1 F46_2 F46_3  N0       Nσ         :=
C1       0     0    0    0     0     0    0   0
C10      0     0    0    0     0     0    0   0
C11      0     0    0    0     0     0    0   0
C12      0     0    0    0     0     0    0   1
C13      0     0    0    0     0     0    0   0
C14      0     0    0    0     0     0    0   0
C15      0     0    0    0     0     0    0   0
C16      0     0    0    0     0     0    0   1
C17      0     0    0    0     0     0    0   1
C18      0     0    0    0     0     0    0   0
C19      0     0    0    0     0     0    0   0
C2       0     0    0    0     0     0    0   1
C20      0     0    0    0     0     0    0   0.999996
C21      0     0    0    0     0     0    0   0
C22      0     0    0    0     0     0    0   1
C23      0     0    0    0     0     0    0   0
C24      0     0    0    0     0     0    0   0
C25      0     0    0    0     0     0    0   0
C3       0     0    0    0     0     0    0   0
C4       0     0    0    0     0     0    0   0
C5       0     0    0    0     0     0    0   0
C6       0     0    0    0     0     0    0   1
C7       0     0    0    0     0     0    0   1
C8       0     0    0    0     0     0    0   0
C9       0     0    0    0     0     0    0   0
F26      0     0    0    0     0     0    0   0
F26_1    0     0    0    0     0     0    0   0
F26_2    0     0    0    0     0     0    0   3.21639e-06
F26_3    0     0    0    0     0     0    0   0
F27      0     0    0    0     0     0    0   0
F27_1    0     0    0    0     0     0    0   0
F27_2    0     0    0    0     0     0    0   0
F27_3    0     0    0    0     0     0    0   0
F28      0     0    0    0     0     0    0   0
F28_1    0     0    0    0     0     0    0   0
F28_2    0     0    0    0     0     0    0   0
F28_3    0     0    0    0     0     0    0   0
F29      0     0    0    0     0     0    0   0
F29_1    0     0    0    0     0     0    0   0
F29_2    0     0    0    0     0     0    0   0
F29_3    0     0    0    0     0     0    0   0
F30      0     0    0    0     0     0    0   0
F30_1    0     0    0    0     0     0    0   0
F30_2    0     0    0    0     0     0    0   0
F30_3    0     0    0    0     0     0    0   0
F31      0     0    0    0     0     0    0   0
F31_1    0     0    0    0     0     0    0   0
F31_2    0     0    0    0     0     0    0   0
F31_3    0     0    0    0     0     0    0   0
F32      0     0    0    0     0     0    0   0
F32_1    0     0    0    0     0     0    0   0
F32_2    0     0    0    0     0     0    0   0
F32_3    0     0    0    0     0     0    0   0
F33      0     0    0    0     0     0    0   0
F33_1    0     0    0    0     0     0    0   0
F33_2    0     0    0    0     0     0    0   0
F33_3    0     0    0    0     0     0    0   0
F34      0     0    0    0     0     0    0   0
F34_1    0     0    0    0     0     0    0   0
F34_2    0     0    0    0     0     0    0   0
F34_3    0     0    0    0     0     0    0   0
F35      0     0    0    0     0     0    0   0
F35_1    0     0    0    0     0     0    0   0
F35_2    0     0    0    0     0     0    0   0
F35_3    0     0    0    0     0     0    0   0
F36      0     0    0    0     0     0    0   0
F36_1    0     0    0    0     0     0    0   0
F36_2    0     0    0    0     0     0    0   0
F36_3    0     0    0    0     0     0    0   0
F37      0     0    0    0     0     0    0   0
F37_1    0     0    0    0     0     0    0   0
F37_2    0     0    0    0     0     0    0   0
F37_3    0     0    0    0     0     0    0   0
F38      0     0    0    0     0     0    0   0
F38_1    0     0    0    0     0     0    0   0
F38_2    0     0    0    0     0     0    0   0
F38_3    0     0    0    0     0     0    0   0
F39      0     0    0    0     0     0    0   1
F39_1    0     0    0    0     0     0    0   0
F39_2    0     0    0    0     0     0    0   0
F39_3    0     0    0    0     0     0    0   0
F40      0     0    0    0     0     0    0   0
F40_1    0     0    0    0     0     0    0   0
F40_2    0     0    0    0     0     0    0   0
F40_3    0     0    0    0     0     0    0   0
F41      0     0    0    0     0     0    0   0
F41_1    0     0    0    0     0     0    0   0
F41_2    0     0    0    0     0     0    0   0
F41_3    0     0    0    0     0     0    0   0
F42      0     0    0    0     0     0    0   0
F42_1    0     0    0    0     0     0    0   0
F42_2    0     0    0    0     0     0    0   0
F42_3    0     0    0    0     0     0    0   0
F43      0     0    0    0     0     0    0   0
F43_1    0     0    0    0     0     0    0   0
F43_2    0     0    0    0     0     0    0   0
F43_3    0     0    0    0     0     0    0   0
F44      0     0    0    0     0     0    0   0
F44_1    0     0    0    0     0     0    0   0
F44_2    0     0    0    0     0     0    0   0
F44_3    0     0    0    0     0     0    0   0
F45      0     0    0    0     0     0    0   0
F45_1    0     0    0    0     0     0    0   0
F45_2    .     0    0    0     0     0    0   0
F45_3    0     .    0    0     0     0    0   0
F46      0     0    .    0     0     0    0   0
F46_1    0     0    0    .     0     0    0   0
F46_2    0     0    0    0     .     0    0   0
F46_3    0     0    0    0     0     .    0   0
N0       0     0    0    0     0     0    .   0
Nσ       0     0    0    0     0     0    0    .
;

sum{i in D0, j in Vplun} x[i,j] = 9

sum{i in Vall, j in Vall: i != j} x[i,j]*t[i,j] = 744.998

sum{i in F} z[i]*R[i] = 50.5302

sum{i in F, j in Vplunend: i != j} y[i]*x[i,j] = 0

a [*] :=
   C1  59.785           F29  46.8006        F38_1   0
  C10  86             F29_1  36.9873        F38_2   0
  C11 127.544         F29_2  41.6723        F38_3   0
  C12 130             F29_3  31.4158          F39 199.561
  C13  99.4853          F30   0             F39_1 166.613
  C14 140             F30_1   0             F39_2 240
  C15  87             F30_2   0             F39_3 240
  C16 118.029         F30_3 240               F40 240
  C17  87.0051          F31 240             F40_1 240
  C18 110.071         F31_1   0             F40_2   0
  C19  81             F31_2   0             F40_3 240
   C2 186             F31_3 240               F41   0
  C20 140               F32   0             F41_1   0
  C21  76.9722        F32_1   0             F41_2   0
  C22 161             F32_2   0             F41_3   0
  C23  61.3526        F32_3   0               F42   0
  C24 107               F33   0             F42_1   0
  C25  93             F33_1   0             F42_2   0
   C3 106.9           F33_2   0             F42_3 240
   C4  40.7179        F33_3  34.4819          F43   0
   C5  36.0555          F34 149.153         F43_1   0
   C6 145             F34_1   0             F43_2 157.456
   C7 178             F34_2   0             F43_3   0
   C8  81.3795        F34_3   0               F44   0
   C9 158               F35   0             F44_1   0
  F26  76.7805        F35_1  17.1172        F44_2   0
F26_1   0             F35_2   0             F44_3 240
F26_2   0.000723199   F35_3   0               F45  83.9271
F26_3   0               F36   0             F45_1 128.44
  F27 240             F36_1  34.5932        F45_2   0
F27_1 240             F36_2   0             F45_3   0
F27_2   0             F36_3   0               F46 240
F27_3   0               F37   0             F46_1   0
  F28 240             F37_1   0             F46_2 143.142
F28_1 240             F37_2   0             F46_3   0
F28_2   0             F37_3   0                N0   0
F28_3   0               F38   0                Nσ 240
;

u [*] :=
   C1 200      C4 200   F29_1 200     F34   0   F38_3   0   F43_2 180
  C10  97      C5 200   F29_2 200   F34_1   0     F39   0   F43_3 137
  C11 172      C6  20   F29_3   0   F34_2   0   F39_1 137     F44 200
  C12 190      C7  16     F30 200   F34_3   0   F39_2   0   F44_1 180
  C13 182      C8  49   F30_1 200     F35   0   F39_3 200   F44_2 180
  C14  70      C9  50   F30_2 200   F35_1   0     F40   0   F44_3 200
  C15 200     F26  97   F30_3 200   F35_2   0   F40_1   0     F45 190
  C16 180   F26_1   0     F31   0   F35_3   0   F40_2   0   F45_1  30
  C17 182   F26_2 169   F31_1 200     F36   0   F40_3   0   F45_2   0
  C18  50   F26_3   0   F31_2 200   F36_1   0     F41   0   F45_3   0
  C19 200     F27   0   F31_3 200   F36_2   0   F41_1   0     F46   0
   C2  40   F27_1 200     F32   0   F36_3   0   F41_2   0   F46_1 200
  C20 186   F27_2   0   F32_1  20     F37   0   F41_3   0   F46_2   0
  C21 200   F27_3   0   F32_2  20   F37_1   0     F42 200   F46_3   0
  C22  30     F28 180   F32_3  20   F37_2 200   F42_1 200      N0 200
  C23 190   F28_1   0     F33   0   F37_3   0   F42_2 200      Nσ   0
  C24  26   F28_2 180   F33_1   0     F38   0   F42_3 200
  C25 200   F28_3   0   F33_2 200   F38_1   0     F43 200
   C3 191     F29  10   F33_3 200   F38_2   0   F43_1 200
;

v [*] :=
   C1 27.69        C8 50.6816   F31_1  0          F37 79.69     F42_3 79.69
  C10 70.4705      C9 39.0508   F31_2 79.69     F37_1 79.69       F43  0
  C11 29.4597     F26 79.69     F31_3 79.69     F37_2 79.69     F43_1  0
  C12 38.0789   F26_1 79.69       F32 79.69     F37_3 79.69     F43_2 79.69
  C13 44.1862   F26_2 79.6897   F32_1  0          F38  0        F43_3  0
  C14 44.0508   F26_3  0        F32_2 79.69     F38_1 79.69       F44 79.69
  C15 64.9252     F27 79.69     F32_3 79.69     F38_2 79.69     F44_1 79.69
  C16 35.6422   F27_1 79.69       F33 79.69     F38_3 79.69     F44_2 79.69
  C17 12.6849   F27_2 79.69     F33_1  0          F39  0.3908   F44_3 79.69
  C18 43.0789   F27_3 79.69     F33_2 79.69     F39_1  0.3908     F45 13.5479
  C19 52.6715     F28 79.69     F33_3 45.2081   F39_2  0        F45_1 13.5479
   C2 36.0555   F28_1 79.69       F34  0        F39_3 79.69     F45_2  0
  C20 43.8454   F28_2 79.69     F34_1 79.69       F40 79.69     F45_3 79.69
  C21 47.4875   F28_3 79.69     F34_2  0        F40_1 79.69       F46 79.69
  C22 35.3412     F29 79.69     F34_3 79.69     F40_2 79.69     F46_1 79.69
  C23 28.3374   F29_1 47.0403     F35 79.69     F40_3 79.69     F46_2 79.69
  C24 35.0611   F29_2 51.15     F35_1  0          F41  0        F46_3 79.69
  C25 50.15     F29_3  0        F35_2 79.69     F41_1  0           N0 79.69
   C3 55.0257     F30 79.69     F35_3 79.69     F41_2  0           Nσ  0
   C4 43.9099   F30_1 79.69       F36 79.69     F41_3  0
   C5 43.6345   F30_2 79.69     F36_1 79.69       F42 79.69
   C6 38.0789   F30_3 79.69     F36_2  0        F42_1  0
   C7 13.0384     F31 79.69     F36_3 79.69     F42_2  0
;

y [*] :=
  F26 0   F28_3 0   F31_2 0   F34_1 0     F37 0   F39_3 0   F42_2 0   F45_1 0
F26_1 0     F29 0   F31_3 0   F34_2 0   F37_1 0     F40 0   F42_3 0   F45_2 0
F26_2 0   F29_1 0     F32 0   F34_3 0   F37_2 0   F40_1 0     F43 0   F45_3 0
F26_3 0   F29_2 0   F32_1 0     F35 0   F37_3 0   F40_2 0   F43_1 0     F46 0
  F27 0   F29_3 0   F32_2 0   F35_1 0     F38 0   F40_3 0   F43_2 0   F46_1 0
F27_1 0     F30 0   F32_3 0   F35_2 0   F38_1 0     F41 0   F43_3 0   F46_2 0
F27_2 0   F30_1 0     F33 0   F35_3 0   F38_2 0   F41_1 0     F44 0   F46_3 0
F27_3 0   F30_2 0   F33_1 0     F36 0   F38_3 0   F41_2 0   F44_1 0
  F28 0   F30_3 0   F33_2 0   F36_1 0     F39 0   F41_3 0   F44_2 0
F28_1 0     F31 0   F33_3 0   F36_2 0   F39_1 0     F42 0   F44_3 0
F28_2 0   F31_1 0     F34 0   F36_3 0   F39_2 0   F42_1 0     F45 0
;

z [*] :=
  F26 1   F28_3 1   F31_2 1   F34_1 1     F37 1   F39_3 1   F42_2 1   F45_1 1
F26_1 1     F29 1   F31_3 1   F34_2 1   F37_1 1     F40 1   F42_3 1   F45_2 1
F26_2 1   F29_1 1     F32 1   F34_3 1   F37_2 1   F40_1 1     F43 1   F45_3 1
F26_3 1   F29_2 1   F32_1 1     F35 1   F37_3 1   F40_2 1   F43_1 1     F46 1
  F27 1   F29_3 1   F32_2 1   F35_1 1     F38 1   F40_3 1   F43_2 1   F46_1 1
F27_1 1     F30 1   F32_3 1   F35_2 1   F38_1 1     F41 1   F43_3 1   F46_2 1
F27_2 1   F30_1 1     F33 1   F35_3 1   F38_2 1   F41_1 1     F44 1   F46_3 1
F27_3 1   F30_2 1   F33_1 1     F36 1   F38_3 1   F41_2 1   F44_1 1
  F28 1   F30_3 1   F33_2 1   F36_1 1     F39 1   F41_3 1   F44_2 1
F28_1 1     F31 1   F33_3 1   F36_2 1   F39_1 1     F42 1   F44_3 1
F28_2 1   F31_1 1     F34 1   F36_3 1   F39_2 1   F42_1 1     F45 1
;

R [*] :=
  F26  0        F30_1  0        F34_2  0        F38_3  0          F43  0
F26_1  0        F30_2  0        F34_3  0          F39 18.7142   F43_1  0
F26_2  0        F30_3  0          F35  0        F39_1  0        F43_2  0
F26_3  0          F31  0        F35_1  0        F39_2  0        F43_3  0
  F27  0        F31_1  0        F35_2  0        F39_3  0          F44  0
F27_1  0        F31_2  0        F35_3  0          F40  0        F44_1  0
F27_2  0        F31_3  0          F36  0        F40_1  0        F44_2  0
F27_3  0          F32  0        F36_1  0        F40_2  0        F44_3  0
  F28  0        F32_1  0        F36_2  0        F40_3  0          F45  0
F28_1  0        F32_2  0        F36_3  0          F41  0        F45_1 25.3989
F28_2  0        F32_3  0          F37  0        F41_1  0        F45_2  0
F28_3  0          F33  0        F37_1  0        F41_2  0        F45_3  0
  F29  0        F33_1  0        F37_2  0        F41_3  0          F46  0
F29_1  4.1097   F33_2  0        F37_3  0          F42  0        F46_1  0
F29_2  0        F33_3  2.3074     F38  0        F42_1  0        F46_2  0
F29_3  0          F34  0        F38_1  0        F42_2  0        F46_3  0
  F30  0        F34_1  0        F38_2  0        F42_3  0
;

Y [*] :=
  F26 79.69     F30_1 79.69     F34_2  0        F38_3 79.69       F43  0
F26_1 79.69     F30_2 79.69     F34_3 79.69       F39 19.105    F43_1  0
F26_2 79.6897   F30_3 79.69       F35 79.69     F39_1  0.3908   F43_2 79.69
F26_3  0          F31 79.69     F35_1  0        F39_2  0        F43_3  0
  F27 79.69     F31_1  0        F35_2 79.69     F39_3 79.69       F44 79.69
F27_1 79.69     F31_2 79.69     F35_3 79.69       F40 79.69     F44_1 79.69
F27_2 79.69     F31_3 79.69       F36 79.69     F40_1 79.69     F44_2 79.69
F27_3 79.69       F32 79.69     F36_1 79.69     F40_2 79.69     F44_3 79.69
  F28 79.69     F32_1  0        F36_2  0        F40_3 79.69       F45 13.5479
F28_1 79.69     F32_2 79.69     F36_3 79.69       F41  0        F45_1 38.9468
F28_2 79.69     F32_3 79.69       F37 79.69     F41_1  0        F45_2  0
F28_3 79.69       F33 79.69     F37_1 79.69     F41_2  0        F45_3 79.69
  F29 79.69     F33_1  0        F37_2 79.69     F41_3  0          F46 79.69
F29_1 51.15     F33_2 79.69     F37_3 79.69       F42 79.69     F46_1 79.69
F29_2 51.15     F33_3 47.5155     F38  0        F42_1  0        F46_2 79.69
F29_3  0          F34  0        F38_1 79.69     F42_2  0        F46_3 79.69
  F30 79.69     F34_1 79.69     F38_2 79.69     F42_3 79.69
;

