MIP Gap (%):  80.27863967340755
_solve_elapsed_time = 28800.6

TotalCost = 15095.3

x [*,*]
:      C1 C10 C11 C12 C13 C14 C15 C16 C17 C18 C19  C2 C20 C21 C22 C23 C24 C25 :=
C1      .   0   0   0   0   0   0   0   0   0   0   0   0   0   1   0   0   0
C10     0   .   0   0   0   0   0   0   0   0   0   0   1   0   0   0   0   0
C11     0   0   .   1   0   0   0   0   0   0   0   0   0   0   0   0   0   0
C12     0   0   0   .   0   0   0   0   0   0   0   0   0   1   0   0   0   0
C13     0   0   0   0   .   0   0   0   0   0   0   1   0   0   0   0   0   0
C14     0   0   0   0   0   .   0   0   0   0   0   0   0   0   0   0   0   0
C15     0   0   0   0   0   0   .   0   0   0   0   0   0   0   0   0   0   0
C16     0   0   0   0   0   0   0   .   0   0   0   0   0   0   0   0   0   0
C17     0   0   0   0   0   0   0   0   .   1   0   0   0   0   0   0   0   0
C18     0   0   0   0   0   0   0   0   0   .   0   0   0   0   0   0   0   0
C19     0   0   0   0   0   0   0   0   0   0   .   0   0   0   0   0   0   0
C2      0   0   0   0   0   0   0   0   0   0   1   .   0   0   0   0   0   0
C20     0   0   0   0   0   0   0   0   0   0   0   0   .   0   0   0   0   0
C21     0   0   0   0   0   0   0   0   1   0   0   0   0   .   0   0   0   0
C22     0   0   0   0   0   0   0   0   0   0   0   0   0   0   .   0   0   0
C23     0   0   0   0   0   0   0   0   0   0   0   0   0   0   0   .   0   0
C24     0   0   0   0   0   0   0   0   0   0   0   0   0   0   0   0   .   0
C25     0   0   0   0   0   0   0   0   0   0   0   0   0   0   0   0   1   .
C3      0   0   0   0   0   0   0   0   0   0   0   0   0   0   0   0   0   0
C4      0   0   0   0   0   0   0   0   0   0   0   0   0   0   0   0   0   0
C5      0   0   0   0   0   0   0   0   0   0   0   0   0   0   0   0   0   0
C6      0   0   0   0   0   0   0   0   0   0   0   0   0   0   0   0   0   1
C7      0   0   0   0   0   0   0   0   0   0   0   0   0   0   0   0   0   0
C8      0   0   0   0   0   1   0   0   0   0   0   0   0   0   0   0   0   0
C9      0   0   0   0   0   0   0   0   0   0   0   0   0   0   0   0   0   0
F26     0   0   0   0   0   0   0   0   0   0   0   0   0   0   0   0   0   0
F26_1   0   0   0   0   0   0   0   0   0   0   0   0   0   0   0   0   0   0
F26_2   0   0   0   0   0   0   0   0   0   0   0   0   0   0   0   0   0   0
F26_3   0   0   0   0   0   0   0   0   0   0   0   0   0   0   0   0   0   0
F27     0   0   0   0   0   0   0   0   0   0   0   0   0   0   0   0   0   0
F27_1   0   0   0   0   0   0   0   0   0   0   0   0   0   0   0   0   0   0
F27_2   0   0   0   0   0   0   0   0   0   0   0   0   0   0   0   0   0   0
F27_3   0   0   0   0   0   0   0   0   0   0   0   0   0   0   0   0   0   0
F28     0   0   0   0   0   0   0   0   0   0   0   0   0   0   0   0   0   0
F28_1   0   0   0   0   0   0   0   0   0   0   0   0   0   0   0   0   0   0
F28_2   0   0   0   0   0   0   0   0   0   0   0   0   0   0   0   0   0   0
F28_3   0   0   0   0   0   0   0   0   0   0   0   0   0   0   0   0   0   0
F29     0   0   0   0   0   0   0   0   0   0   0   0   0   0   0   0   0   0
F29_1   0   0   0   0   0   0   0   0   0   0   0   0   0   0   0   0   0   0
F29_2   0   0   0   0   0   0   0   0   0   0   0   0   0   0   0   0   0   0
F29_3   0   0   0   0   0   0   0   0   0   0   0   0   0   0   0   0   0   0
F30     0   0   0   0   0   0   0   0   0   0   0   0   0   0   0   0   0   0
F30_1   0   0   0   0   0   0   0   0   0   0   0   0   0   0   0   0   0   0
F30_2   0   0   0   0   0   0   0   0   0   0   0   0   0   0   0   0   0   0
F30_3   0   0   0   0   0   0   0   0   0   0   0   0   0   0   0   0   0   0
F31     0   0   0   0   0   0   0   0   0   0   0   0   0   0   0   0   0   0
F31_1   0   0   0   0   0   0   0   0   0   0   0   0   0   0   0   0   0   0
F31_2   0   0   0   0   0   0   0   0   0   0   0   0   0   0   0   0   0   0
F31_3   0   0   0   0   0   0   0   0   0   0   0   0   0   0   0   0   0   0
F32     0   0   0   0   0   0   0   0   0   0   0   0   0   0   0   0   0   0
F32_1   0   0   0   0   0   0   0   0   0   0   0   0   0   0   0   0   0   0
F32_2   0   0   0   0   0   0   0   0   0   0   0   0   0   0   0   0   0   0
F32_3   0   0   0   0   0   0   0   0   0   0   0   0   0   0   0   0   0   0
F33     0   0   0   0   0   0   0   0   0   0   0   0   0   0   0   0   0   0
F33_1   0   0   0   0   0   0   0   0   0   0   0   0   0   0   0   0   0   0
F33_2   0   0   0   0   0   0   0   0   0   0   0   0   0   0   0   0   0   0
F33_3   0   0   0   0   0   0   0   0   0   0   0   0   0   0   0   0   0   0
F34     0   0   0   0   0   0   0   0   0   0   0   0   0   0   0   0   0   0
F34_1   0   0   0   0   0   0   0   0   0   0   0   0   0   0   0   0   0   0
F34_2   0   0   0   0   0   0   0   0   0   0   0   0   0   0   0   0   0   0
F34_3   0   0   0   0   0   0   0   0   0   0   0   0   0   0   0   0   0   0
F35     0   0   0   0   0   0   0   0   0   0   0   0   0   0   0   0   0   0
F35_1   0   0   0   0   0   0   0   0   0   0   0   0   0   0   0   0   0   0
F35_2   0   0   0   0   0   0   0   0   0   0   0   0   0   0   0   0   0   0
F35_3   0   0   0   0   0   0   0   0   0   0   0   0   0   0   0   0   0   0
F36     0   0   0   0   0   0   0   0   0   0   0   0   0   0   0   0   0   0
F36_1   0   0   0   0   0   0   0   0   0   0   0   0   0   0   0   0   0   0
F36_2   0   0   0   0   0   0   0   0   0   0   0   0   0   0   0   0   0   0
F36_3   0   0   0   0   0   0   0   0   0   0   0   0   0   0   0   0   0   0
F37     0   0   0   0   0   0   0   0   0   0   0   0   0   0   0   0   0   0
F37_1   0   0   0   0   0   0   0   0   0   0   0   0   0   0   0   0   0   0
F37_2   0   0   0   0   0   0   0   0   0   0   0   0   0   0   0   0   0   0
F37_3   0   0   0   0   0   0   0   0   0   0   0   0   0   0   0   0   0   0
F38     0   0   0   0   0   0   0   0   0   0   0   0   0   0   0   0   0   0
F38_1   0   0   0   0   0   0   0   0   0   0   0   0   0   0   0   0   0   0
F38_2   0   0   0   0   0   0   0   0   0   0   0   0   0   0   0   0   0   0
F38_3   0   0   0   0   0   0   0   0   0   0   0   0   0   0   0   0   0   0
F39     0   0   0   0   0   0   0   0   0   0   0   0   0   0   0   0   0   0
F39_1   0   0   0   0   0   0   0   0   0   0   0   0   0   0   0   0   0   0
F39_2   0   0   0   0   0   0   0   0   0   0   0   0   0   0   0   0   0   0
F39_3   0   0   0   0   0   0   0   0   0   0   0   0   0   0   0   0   0   0
F40     0   0   0   0   0   0   0   0   0   0   0   0   0   0   0   0   0   0
F40_1   0   0   0   0   0   0   0   0   0   0   0   0   0   0   0   0   0   0
F40_2   0   0   0   0   0   0   0   0   0   0   0   0   0   0   0   0   0   0
F40_3   0   0   0   0   0   0   0   0   0   0   0   0   0   0   0   0   0   0
F41     0   0   0   0   0   0   0   0   0   0   0   0   0   0   0   0   0   0
F41_1   0   0   0   0   0   0   0   0   0   0   0   0   0   0   0   0   0   0
F41_2   0   0   0   0   0   0   1   0   0   0   0   0   0   0   0   0   0   0
F41_3   0   0   0   0   0   0   0   0   0   0   0   0   0   0   0   0   0   0
F42     0   0   0   0   0   0   0   0   0   0   0   0   0   0   0   0   0   0
F42_1   0   0   0   0   0   0   0   0   0   0   0   0   0   0   0   0   0   0
F42_2   0   0   0   0   0   0   0   0   0   0   0   0   0   0   0   0   0   0
F42_3   0   0   0   0   0   0   0   0   0   0   0   0   0   0   0   0   0   0
F43     0   0   0   0   0   0   0   0   0   0   0   0   0   0   0   0   0   0
F43_1   0   0   0   0   0   0   0   0   0   0   0   0   0   0   0   0   0   0
F43_2   0   0   0   0   0   0   0   0   0   0   0   0   0   0   0   0   0   0
F43_3   0   0   0   0   0   0   0   0   0   0   0   0   0   0   0   0   0   0
F44     0   0   0   0   0   0   0   0   0   0   0   0   0   0   0   0   0   0
F44_1   0   0   0   0   0   0   0   0   0   0   0   0   0   0   0   0   0   0
F44_2   0   0   0   0   0   0   0   0   0   0   0   0   0   0   0   0   0   0
F44_3   0   0   0   0   0   0   0   0   0   0   0   0   0   0   0   0   0   0
F45     0   0   0   0   0   0   0   0   0   0   0   0   0   0   0   0   0   0
F45_1   0   0   0   0   0   0   0   0   0   0   0   0   0   0   0   0   0   0
F45_2   0   0   0   0   0   0   0   0   0   0   0   0   0   0   0   0   0   0
F45_3   0   0   0   0   0   0   0   0   0   0   0   0   0   0   0   0   0   0
F46     0   0   0   0   0   0   0   0   0   0   0   0   0   0   0   0   0   0
F46_1   0   0   0   0   0   0   0   0   0   0   0   0   0   0   0   0   0   0
F46_2   0   0   0   0   0   0   0   0   0   0   0   0   0   0   0   0   0   0
F46_3   0   0   0   0   0   0   0   0   0   0   0   0   0   0   0   0   0   0
N0      1   1   1   0   1   0   0   1   0   0   0   0   0   0   0   1   0   0
Nσ      0   0   0   0   0   0   0   0   0   0   0   0   0   0   0   0   0   0

# $9 = F26_1
# $10 = F26_2
# $11 = F26_3
# $13 = F27_1
# $14 = F27_2
# $15 = F27_3
:      C3  C4  C5  C6  C7       C8       C9 F26  $9 $10 $11 F27 $13 $14 $15 F28 :=
C1      0   0   0   0   0   0             0   0   0   0   0   0   0   0   0   0
C10     0   0   0   0   0   0             0   0   0   0   0   0   0   0   0   0
C11     0   0   0   0   0   0             0   0   0   0   0   0   0   0   0   0
C12     0   0   0   0   0   0             0   0   0   0   0   0   0   0   0   0
C13     0   0   0   0   0   0             0   0   0   0   0   0   0   0   0   0
C14     0   0   0   0   0   0             0   0   0   0   0   0   0   0   0   0
C15     0   0   0   0   0   0             0   0   0   0   0   0   0   0   0   0
C16     0   0   0   1   0   0             0   0   0   0   0   0   0   0   0   0
C17     0   0   0   0   0   0             0   0   0   0   0   0   0   0   0   0
C18     0   0   0   0   0   0             0   0   0   0   0   0   0   0   0   0
C19     0   0   0   0   0   0             0   0   0   0   0   0   0   0   0   0
C2      0   0   0   0   0   0             0   0   0   0   0   0   0   0   0   0
C20     0   0   0   0   0   0             0   0   0   0   0   0   0   0   0   0
C21     0   0   0   0   0   0             0   0   0   0   0   0   0   0   0   0
C22     1   0   0   0   0   0             0   0   0   0   0   0   0   0   0   0
C23     0   0   0   0   0   0             0   1   0   0   0   0   0   0   0   0
C24     0   0   0   0   0   0             0   0   0   0   0   0   0   0   0   0
C25     0   0   0   0   0   0             0   0   0   0   0   0   0   0   0   0
C3      .   0   0   0   0   0             0   0   0   0   0   0   0   0   0   0
C4      0   .   0   0   0   0             1   0   0   0   0   0   0   0   0   0
C5      0   0   .   0   0   0.999999      0   0   0   0   0   0   0   0   0   0
C6      0   0   0   .   0   0             0   0   0   0   0   0   0   0   0   0
C7      0   0   0   0   .   0             0   0   0   0   0   0   0   0   0   0
C8      0   0   0   0   0    .            0   0   0   0   0   0   0   0   0   0
C9      0   0   0   0   0   0             .   0   0   0   0   0   0   0   0   0
F26     0   0   0   0   0   0             0   .   0   0   1   0   0   0   0   0
F26_1   0   0   0   0   0   0             0   0   .   0   0   0   0   0   0   0
F26_2   0   0   0   0   0   0             0   0   0   .   0   0   0   0   0   0
F26_3   0   0   0   0   0   0             0   0   0   0   .   0   0   0   0   0
F27     0   0   0   0   0   0             0   0   0   0   0   .   0   0   0   0
F27_1   0   0   0   0   0   0             0   0   0   0   0   0   .   0   0   0
F27_2   0   0   0   0   0   0             0   0   0   0   0   0   0   .   0   0
F27_3   0   0   0   0   0   0             0   0   0   0   0   0   0   0   .   0
F28     0   0   0   0   0   0             0   0   0   0   0   0   0   0   0   .
F28_1   0   0   0   0   0   0             0   0   0   0   0   0   0   0   0   0
F28_2   0   0   0   0   0   0             0   0   0   0   0   0   0   0   0   0
F28_3   0   0   0   0   0   0             0   0   0   0   0   0   0   0   0   0
F29     0   0   0   0   0   0             0   0   0   0   0   0   0   0   0   0
F29_1   0   0   0   0   0   0             0   0   0   0   0   0   0   0   0   0
F29_2   0   0   0   0   0   0             0   0   0   0   0   0   0   0   0   0
F29_3   0   0   0   0   1   0             0   0   0   0   0   0   0   0   0   0
F30     0   0   0   0   0   0             0   0   0   0   0   0   0   0   0   0
F30_1   0   0   0   0   0   1.25987e-06   0   0   0   0   0   0   0   0   0   0
F30_2   0   0   0   0   0   0             0   0   0   0   0   0   0   0   0   0
F30_3   0   0   0   0   0   0             0   0   0   0   0   0   0   0   0   0
F31     0   0   0   0   0   0             0   0   0   0   0   0   0   0   0   0
F31_1   0   0   0   0   0   0             0   0   0   0   0   0   0   0   0   0
F31_2   0   0   0   0   0   0             0   0   0   0   0   0   0   0   0   0
F31_3   0   0   0   0   0   0             0   0   0   0   0   0   0   0   0   0
F32     0   0   0   0   0   0             0   0   0   0   0   0   0   0   0   0
F32_1   0   0   0   0   0   0             0   0   0   0   0   0   0   0   0   0
F32_2   0   0   0   0   0   0             0   0   0   0   0   0   0   0   0   0
F32_3   0   0   0   0   0   0             0   0   0   0   0   0   0   0   0   0
F33     0   0   0   0   0   0             0   0   0   0   0   0   0   0   0   0
F33_1   0   0   0   0   0   0             0   0   0   0   0   0   0   0   0   0
F33_2   0   0   0   0   0   0             0   0   0   0   0   0   0   0   0   0
F33_3   0   0   0   0   0   0             0   0   0   0   0   0   0   0   0   0
F34     0   0   0   0   0   0             0   0   0   0   0   0   0   0   0   0
F34_1   0   0   0   0   0   0             0   0   0   0   0   0   0   0   0   0
F34_2   0   0   0   0   0   0             0   0   0   0   0   0   0   0   0   0
F34_3   0   0   0   0   0   0             0   0   0   0   0   0   0   0   0   0
F35     0   0   0   0   0   0             0   0   0   0   0   0   0   0   0   0
F35_1   0   0   0   0   0   0             0   0   0   0   0   0   0   0   0   0
F35_2   0   0   0   0   0   0             0   0   0   0   0   0   0   0   0   0
F35_3   0   0   0   0   0   0             0   0   0   0   0   0   0   0   0   0
F36     0   0   0   0   0   0             0   0   0   0   0   0   0   0   0   0
F36_1   0   0   0   0   0   0             0   0   0   0   0   0   0   0   0   0
F36_2   0   0   0   0   0   0             0   0   0   0   0   0   0   0   0   0
F36_3   0   0   0   0   0   0             0   0   0   0   0   0   0   0   0   0
F37     0   0   0   0   0   0             0   0   0   0   0   0   0   0   0   0
F37_1   0   0   0   0   0   0             0   0   0   0   0   0   0   0   0   0
F37_2   0   0   0   0   0   0             0   0   0   0   0   0   0   0   0   0
F37_3   0   0   0   0   0   0             0   0   0   0   0   0   0   0   0   0
F38     0   0   0   0   0   0             0   0   0   0   0   0   0   0   0   0
F38_1   0   0   0   0   0   0             0   0   0   0   0   0   0   0   0   0
F38_2   0   0   0   0   0   0             0   0   0   0   0   0   0   0   0   0
F38_3   0   0   0   0   0   0             0   0   0   0   0   0   0   0   0   0
F39     0   0   0   0   0   0             0   0   0   0   0   0   0   0   0   0
F39_1   0   0   0   0   0   0             0   0   0   0   0   0   0   0   0   0
F39_2   0   0   0   0   0   0             0   0   0   0   0   0   0   0   0   0
F39_3   0   0   0   0   0   0             0   0   0   0   0   0   0   0   0   0
F40     0   0   0   0   0   0             0   0   0   0   0   0   0   0   0   0
F40_1   0   0   0   0   0   0             0   0   0   0   0   0   0   0   0   0
F40_2   0   0   0   0   0   0             0   0   0   0   0   0   0   0   0   0
F40_3   0   0   0   0   0   0             0   0   0   0   0   0   0   0   0   0
F41     0   0   0   0   0   0             0   0   0   0   0   0   0   0   0   0
F41_1   0   0   0   0   0   0             0   0   0   0   0   0   0   0   0   0
F41_2   0   0   0   0   0   0             0   0   0   0   0   0   0   0   0   0
F41_3   0   0   0   0   0   0             0   0   0   0   0   0   0   0   0   0
F42     0   0   0   0   0   0             0   0   0   0   0   0   0   0   0   0
F42_1   0   0   0   0   0   0             0   0   0   0   0   0   0   0   0   0
F42_2   0   0   0   0   0   0             0   0   0   0   0   0   0   0   0   0
F42_3   0   0   0   0   0   0             0   0   0   0   0   0   0   0   0   0
F43     0   0   0   0   0   0             0   0   0   0   0   0   0   0   0   0
F43_1   0   0   0   0   0   0             0   0   0   0   0   0   0   0   0   0
F43_2   0   0   0   0   0   0             0   0   0   0   0   0   0   0   0   0
F43_3   0   0   0   0   0   0             0   0   0   0   0   0   0   0   0   0
F44     0   0   0   0   0   0             0   0   0   0   0   0   0   0   0   0
F44_1   0   0   0   0   0   0             0   0   0   0   0   0   0   0   0   0
F44_2   0   0   0   0   0   0             0   0   0   0   0   0   0   0   0   0
F44_3   0   0   0   0   0   0             0   0   0   0   0   0   0   0   0   0
F45     0   0   0   0   0   0             0   0   0   0   0   0   0   0   0   0
F45_1   0   0   0   0   0   0             0   0   0   0   0   0   0   0   0   0
F45_2   0   0   0   0   0   0             0   0   0   0   0   0   0   0   0   0
F45_3   0   0   0   0   0   0             0   0   0   0   0   0   0   0   0   0
F46     0   0   0   0   0   0             0   0   0   0   0   0   0   0   0   0
F46_1   0   0   0   0   0   0             0   0   0   0   0   0   0   0   0   0
F46_2   0   0   0   0   0   0             0   0   0   0   0   0   0   0   0   0
F46_3   0   0   0   0   0   0             0   0   0   0   0   0   0   0   0   0
N0      0   1   1   0   0   0             0   0   0   0   0   0   0   0   0   0
Nσ      0   0   0   0   0   0             0   0   0   0   0   0   0   0   0   0

# $1 = F28_1
# $2 = F28_2
# $3 = F28_3
# $5 = F29_1
# $6 = F29_2
# $7 = F29_3
# $10 = F30_2
# $11 = F30_3
# $13 = F31_1
# $14 = F31_2
# $15 = F31_3
:      $1  $2  $3 F29  $5  $6  $7 F30      F30_1    $10 $11 F31 $13 $14 $15 F32 :=
C1      0   0   0   0   0   0   0   0   0             0   0   0   0   0   0   0
C10     0   0   0   0   0   0   0   0   0             0   0   0   0   0   0   0
C11     0   0   0   0   0   0   0   0   0             0   0   0   0   0   0   0
C12     0   0   0   0   0   0   0   0   0             0   0   0   0   0   0   0
C13     0   0   0   0   0   0   0   0   0             0   0   0   0   0   0   0
C14     0   0   0   0   0   0   1   0   0             0   0   0   0   0   0   0
C15     0   0   0   0   0   0   0   0   0             0   0   0   0   0   0   0
C16     0   0   0   0   0   0   0   0   0             0   0   0   0   0   0   0
C17     0   0   0   0   0   0   0   0   0             0   0   0   0   0   0   0
C18     0   0   0   0   0   0   0   0   0             0   0   0   0   0   0   0
C19     0   0   0   0   0   0   0   0   0             0   0   0   0   0   0   0
C2      0   0   0   0   0   0   0   0   0             0   0   0   0   0   0   0
C20     0   0   0   0   0   0   0   0   0             0   0   0   0   0   0   0
C21     0   0   0   0   0   0   0   0   0             0   0   0   0   0   0   0
C22     0   0   0   0   0   0   0   0   0             0   0   0   0   0   0   0
C23     0   0   0   0   0   0   0   0   0             0   0   0   0   0   0   0
C24     0   0   0   0   0   0   0   0   0             0   0   0   0   0   0   0
C25     0   0   0   0   0   0   0   0   0             0   0   0   0   0   0   0
C3      0   0   0   0   0   0   0   0   0             0   0   0   0   0   0   0
C4      0   0   0   0   0   0   0   0   0             0   0   0   0   0   0   0
C5      0   0   0   0   0   0   0   0   1.25765e-06   0   0   0   0   0   0   0
C6      0   0   0   0   0   0   0   0   0             0   0   0   0   0   0   0
C7      0   0   0   0   0   0   0   0   0             0   0   0   0   0   0   0
C8      0   0   0   0   0   0   0   0   0             0   0   0   0   0   0   0
C9      0   0   0   0   0   0   0   0   0             0   0   0   0   0   0   0
F26     0   0   0   0   0   0   0   0   0             0   0   0   0   0   0   0
F26_1   0   0   0   0   0   0   0   0   0             0   0   0   0   0   0   0
F26_2   0   0   0   0   0   0   0   0   0             0   0   0   0   0   0   0
F26_3   0   0   0   0   0   0   0   0   0             0   0   0   0   0   0   0
F27     0   0   0   0   0   0   0   0   0             0   0   0   0   0   0   0
F27_1   0   0   0   0   0   0   0   0   0             0   0   0   0   0   0   0
F27_2   0   0   0   0   0   0   0   0   0             0   0   0   0   0   0   0
F27_3   0   0   0   0   0   0   0   0   0             0   0   0   0   0   0   0
F28     0   0   0   0   0   0   0   0   0             0   0   0   0   0   0   0
F28_1   .   0   0   0   0   0   0   0   0             0   0   0   0   0   0   0
F28_2   0   .   0   0   0   0   0   0   0             0   0   0   0   0   0   0
F28_3   0   0   .   0   0   0   0   0   0             0   0   0   0   0   0   0
F29     0   0   0   .   0   0   0   0   0             0   0   0   0   0   0   0
F29_1   0   0   0   0   .   0   0   0   0             0   0   0   0   0   0   0
F29_2   0   0   0   0   0   .   0   0   0             0   0   0   0   0   0   0
F29_3   0   0   0   0   0   0   .   0   0             0   0   0   0   0   0   0
F30     0   0   0   0   0   0   0   .   0             0   0   0   0   0   0   0
F30_1   0   0   0   0   0   0   0   0    .            0   0   0   0   0   0   0
F30_2   0   0   0   0   0   0   0   0   0             .   0   0   0   0   0   0
F30_3   0   0   0   0   0   0   0   0   0             0   .   0   0   0   0   0
F31     0   0   0   0   0   0   0   0   0             0   0   .   0   0   0   0
F31_1   0   0   0   0   0   0   0   0   0             0   0   0   .   0   0   0
F31_2   0   0   0   0   0   0   0   0   0             0   0   0   0   .   0   0
F31_3   0   0   0   0   0   0   0   0   0             0   0   0   0   0   .   0
F32     0   0   0   0   0   0   0   0   0             0   0   0   0   0   0   .
F32_1   0   0   0   0   0   0   0   0   0             0   0   0   0   0   0   0
F32_2   0   0   0   0   0   0   0   0   0             0   0   0   0   0   0   0
F32_3   0   0   0   0   0   0   0   0   0             0   0   0   0   0   0   0
F33     0   0   0   0   0   0   0   0   0             0   0   0   0   0   0   0
F33_1   0   0   0   0   0   0   0   0   0             0   0   0   0   0   0   0
F33_2   0   0   0   0   0   0   0   0   0             0   0   0   0   0   0   0
F33_3   0   0   0   0   0   0   0   0   0             0   0   0   0   0   0   0
F34     0   0   0   0   0   0   0   0   0             0   0   0   0   0   0   0
F34_1   0   0   0   0   0   0   0   0   0             0   0   0   0   0   0   0
F34_2   0   0   0   0   0   0   0   0   0             0   0   0   0   0   0   0
F34_3   0   0   0   0   0   0   0   0   0             0   0   0   0   0   0   0
F35     0   0   0   0   0   0   0   0   0             0   0   0   0   0   0   0
F35_1   0   0   0   0   0   0   0   0   0             0   0   0   0   0   0   0
F35_2   0   0   0   0   0   0   0   0   0             0   0   0   0   0   0   0
F35_3   0   0   0   0   0   0   0   0   0             0   0   0   0   0   0   0
F36     0   0   0   0   0   0   0   0   0             0   0   0   0   0   0   0
F36_1   0   0   0   0   0   0   0   0   0             0   0   0   0   0   0   0
F36_2   0   0   0   0   0   0   0   0   0             0   0   0   0   0   0   0
F36_3   0   0   0   0   0   0   0   0   0             0   0   0   0   0   0   0
F37     0   0   0   0   0   0   0   0   0             0   0   0   0   0   0   0
F37_1   0   0   0   0   0   0   0   0   0             0   0   0   0   0   0   0
F37_2   0   0   0   0   0   0   0   0   0             0   0   0   0   0   0   0
F37_3   0   0   0   0   0   0   0   0   0             0   0   0   0   0   0   0
F38     0   0   0   0   0   0   0   0   0             0   0   0   0   0   0   0
F38_1   0   0   0   0   0   0   0   0   0             0   0   0   0   0   0   0
F38_2   0   0   0   0   0   0   0   0   0             0   0   0   0   0   0   0
F38_3   0   0   0   0   0   0   0   0   0             0   0   0   0   0   0   0
F39     0   0   0   0   0   0   0   0   0             0   0   0   0   0   0   0
F39_1   0   0   0   0   0   0   0   0   0             0   0   0   0   0   0   0
F39_2   0   0   0   0   0   0   0   0   0             0   0   0   0   0   0   0
F39_3   0   0   0   0   0   0   0   0   0             0   0   0   0   0   0   0
F40     0   0   0   0   0   0   0   0   0             0   0   0   0   0   0   0
F40_1   0   0   0   0   0   0   0   0   0             0   0   0   0   0   0   0
F40_2   0   0   0   0   0   0   0   0   0             0   0   0   0   0   0   0
F40_3   0   0   0   0   0   0   0   0   0             0   0   0   0   0   0   0
F41     0   0   0   0   0   0   0   0   0             0   0   0   0   0   0   0
F41_1   0   0   0   0   0   0   0   0   0             0   0   0   0   0   0   0
F41_2   0   0   0   0   0   0   0   0   0             0   0   0   0   0   0   0
F41_3   0   0   0   0   0   0   0   0   0             0   0   0   0   0   0   0
F42     0   0   0   0   0   0   0   0   0             0   0   0   0   0   0   0
F42_1   0   0   0   0   0   0   0   0   0             0   0   0   0   0   0   0
F42_2   0   0   0   0   0   0   0   0   0             0   0   0   0   0   0   0
F42_3   0   0   0   0   0   0   0   0   0             0   0   0   0   0   0   0
F43     0   0   0   0   0   0   0   0   0             0   0   0   0   0   0   0
F43_1   0   0   0   0   0   0   0   0   0             0   0   0   0   0   0   0
F43_2   0   0   0   0   0   0   0   0   0             0   0   0   0   0   0   0
F43_3   0   0   0   0   0   0   0   0   0             0   0   0   0   0   0   0
F44     0   0   0   0   0   0   0   0   0             0   0   0   0   0   0   0
F44_1   0   0   0   0   0   0   0   0   0             0   0   0   0   0   0   0
F44_2   0   0   0   0   0   0   0   0   0             0   0   0   0   0   0   0
F44_3   0   0   0   0   0   0   0   0   0             0   0   0   0   0   0   0
F45     0   0   0   0   0   0   0   0   0             0   0   0   0   0   0   0
F45_1   0   0   0   0   0   0   0   0   0             0   0   0   0   0   0   0
F45_2   0   0   0   0   0   0   0   0   0             0   0   0   0   0   0   0
F45_3   0   0   0   0   0   0   0   0   0             0   0   0   0   0   0   0
F46     0   0   0   0   0   0   0   0   0             0   0   0   0   0   0   0
F46_1   0   0   0   0   0   0   0   0   0             0   0   0   0   0   0   0
F46_2   0   0   0   0   0   0   0   0   0             0   0   0   0   0   0   0
F46_3   0   0   0   0   0   0   0   0   0             0   0   0   0   0   0   0
N0      0   0   0   0   0   0   0   0   0             0   0   0   0   0   0   0
Nσ      0   0   0   0   0   0   0   0   0             0   0   0   0   0   0   0

# $2 = F32_2
# $3 = F32_3
# $5 = F33_1
# $6 = F33_2
# $7 = F33_3
# $9 = F34_1
# $10 = F34_2
# $11 = F34_3
# $13 = F35_1
# $14 = F35_2
# $15 = F35_3
# $17 = F36_1
# $18 = F36_2
:     F32_1  $2  $3 F33  $5  $6  $7 F34  $9 $10 $11 F35 $13 $14 $15 F36 $17 $18 :=
C1       0    0   0   0   0   0   0   0   0   0   0   0   0   0   0   0   0   0
C10      0    0   0   0   0   0   0   0   0   0   0   0   0   0   0   0   0   0
C11      0    0   0   0   0   0   0   0   0   0   0   0   0   0   0   0   0   0
C12      0    0   0   0   0   0   0   0   0   0   0   0   0   0   0   0   0   0
C13      0    0   0   0   0   0   0   0   0   0   0   0   0   0   0   0   0   0
C14      0    0   0   0   0   0   0   0   0   0   0   0   0   0   0   0   0   0
C15      0    0   0   0   0   0   0   0   0   0   0   0   0   0   0   0   0   0
C16      0    0   0   0   0   0   0   0   0   0   0   0   0   0   0   0   0   0
C17      0    0   0   0   0   0   0   0   0   0   0   0   0   0   0   0   0   0
C18      0    0   0   0   0   0   0   0   0   0   0   0   0   0   0   0   0   0
C19      0    0   0   0   0   0   0   0   0   0   0   0   0   0   0   0   0   0
C2       0    0   0   0   0   0   0   0   0   0   0   0   0   0   0   0   0   0
C20      0    0   0   0   0   0   0   0   0   0   0   0   0   0   0   0   0   0
C21      0    0   0   0   0   0   0   0   0   0   0   0   0   0   0   0   0   0
C22      0    0   0   0   0   0   0   0   0   0   0   0   0   0   0   0   0   0
C23      0    0   0   0   0   0   0   0   0   0   0   0   0   0   0   0   0   0
C24      0    0   0   0   0   0   0   0   0   0   0   0   0   0   0   0   0   0
C25      0    0   0   0   0   0   0   0   0   0   0   0   0   0   0   0   0   0
C3       0    0   0   0   0   0   0   0   0   0   0   0   0   0   0   0   0   0
C4       0    0   0   0   0   0   0   0   0   0   0   0   0   0   0   0   0   0
C5       0    0   0   0   0   0   0   0   0   0   0   0   0   0   0   0   0   0
C6       0    0   0   0   0   0   0   0   0   0   0   0   0   0   0   0   0   0
C7       0    0   0   0   0   0   0   0   0   0   0   0   0   0   0   0   0   0
C8       0    0   0   0   0   0   0   0   0   0   0   0   0   0   0   0   0   0
C9       0    0   0   0   0   0   0   0   0   0   0   0   0   0   0   0   0   0
F26      0    0   0   0   0   0   0   0   0   0   0   0   0   0   0   0   0   0
F26_1    0    0   0   0   0   0   0   0   0   0   0   0   0   0   0   0   0   0
F26_2    0    0   0   0   0   0   0   0   0   0   0   0   0   0   0   0   0   0
F26_3    0    0   0   0   0   0   0   0   0   0   0   0   0   0   0   0   0   0
F27      0    0   0   0   0   0   0   0   0   0   0   0   0   0   0   0   0   0
F27_1    0    0   0   0   0   0   0   0   0   0   0   0   0   0   0   0   0   0
F27_2    0    0   0   0   0   0   0   0   0   0   0   0   0   0   0   0   0   0
F27_3    0    0   0   0   0   0   0   0   0   0   0   0   0   0   0   0   0   0
F28      0    0   0   0   0   0   0   0   0   0   0   0   0   0   0   0   0   0
F28_1    0    0   0   0   0   0   0   0   0   0   0   0   0   0   0   0   0   0
F28_2    0    0   0   0   0   0   0   0   0   0   0   0   0   0   0   0   0   0
F28_3    0    0   0   0   0   0   0   0   0   0   0   0   0   0   0   0   0   0
F29      0    0   0   0   0   0   0   0   0   0   0   0   0   0   0   0   0   0
F29_1    0    0   0   0   0   0   0   0   0   0   0   0   0   0   0   0   0   0
F29_2    0    0   0   0   0   0   0   0   0   0   0   0   0   0   0   0   0   0
F29_3    0    0   0   0   0   0   0   0   0   0   0   0   0   0   0   0   0   0
F30      0    0   0   0   0   0   0   0   0   0   0   0   0   0   0   0   0   0
F30_1    0    0   0   0   0   0   0   0   0   0   0   0   0   0   0   0   0   0
F30_2    0    0   0   0   0   0   0   0   0   0   0   0   0   0   0   0   0   0
F30_3    0    0   0   0   0   0   0   0   0   0   0   0   0   0   0   0   0   0
F31      0    0   0   0   0   0   0   0   0   0   0   0   0   0   0   0   0   0
F31_1    0    0   0   0   0   0   0   0   0   0   0   0   0   0   0   0   0   0
F31_2    0    0   0   0   0   0   0   0   0   0   0   0   0   0   0   0   0   0
F31_3    0    0   0   0   0   0   0   0   0   0   0   0   0   0   0   0   0   0
F32      0    0   0   0   0   0   0   0   0   0   0   0   0   0   0   0   0   0
F32_1    .    0   0   0   0   0   0   0   0   0   0   0   0   0   0   0   0   0
F32_2    0    .   0   0   0   0   0   0   0   0   0   0   0   0   0   0   0   0
F32_3    0    0   .   0   0   0   0   0   0   0   0   0   0   0   0   0   0   0
F33      0    0   0   .   0   0   0   0   0   0   0   0   0   0   0   0   0   0
F33_1    0    0   0   0   .   0   0   0   0   0   0   0   0   0   0   0   0   0
F33_2    0    0   0   0   0   .   0   0   0   0   0   0   0   0   0   0   0   0
F33_3    0    0   0   0   0   0   .   0   0   0   0   0   0   0   0   0   0   0
F34      0    0   0   0   0   0   0   .   0   0   0   0   0   0   0   0   0   0
F34_1    0    0   0   0   0   0   0   0   .   0   0   0   0   0   0   0   0   0
F34_2    0    0   0   0   0   0   0   0   0   .   0   0   0   0   0   0   0   0
F34_3    0    0   0   0   0   0   0   0   0   0   .   0   0   0   0   0   0   0
F35      0    0   0   0   0   0   0   0   0   0   0   .   0   0   0   0   0   0
F35_1    0    0   0   0   0   0   0   0   0   0   0   0   .   0   0   0   0   0
F35_2    0    0   0   0   0   0   0   0   0   0   0   0   0   .   0   0   0   0
F35_3    0    0   0   0   0   0   0   0   0   0   0   0   0   0   .   0   0   0
F36      0    0   0   0   0   0   0   0   0   0   0   0   0   0   0   .   0   0
F36_1    0    0   0   0   0   0   0   0   0   0   0   0   0   0   0   0   .   0
F36_2    0    0   0   0   0   0   0   0   0   0   0   0   0   0   0   0   0   .
F36_3    0    0   0   0   0   0   0   0   0   0   0   0   0   0   0   0   0   0
F37      0    0   0   0   0   0   0   0   0   0   0   0   0   0   0   0   0   0
F37_1    0    0   0   0   0   0   0   0   0   0   0   0   0   0   0   0   0   0
F37_2    0    0   0   0   0   0   0   0   0   0   0   0   0   0   0   0   0   0
F37_3    0    0   0   0   0   0   0   0   0   0   0   0   0   0   0   0   0   0
F38      0    0   0   0   0   0   0   0   0   0   0   0   0   0   0   0   0   0
F38_1    0    0   0   0   0   0   0   0   0   0   0   0   0   0   0   0   0   0
F38_2    0    0   0   0   0   0   0   0   0   0   0   0   0   0   0   0   0   0
F38_3    0    0   0   0   0   0   0   0   0   0   0   0   0   0   0   0   0   0
F39      0    0   0   0   0   0   0   0   0   0   0   0   0   0   0   0   0   0
F39_1    0    0   0   0   0   0   0   0   0   0   0   0   0   0   0   0   0   0
F39_2    0    0   0   0   0   0   0   0   0   0   0   0   0   0   0   0   0   0
F39_3    0    0   0   0   0   0   0   0   0   0   0   0   0   0   0   0   0   0
F40      0    0   0   0   0   0   0   0   0   0   0   0   0   0   0   0   0   0
F40_1    0    0   0   0   0   0   0   0   0   0   0   0   0   0   0   0   0   0
F40_2    0    0   0   0   0   0   0   0   0   0   0   0   0   0   0   0   0   0
F40_3    0    0   0   0   0   0   0   0   0   0   0   0   0   0   0   0   0   0
F41      0    0   0   0   0   0   0   0   0   0   0   0   0   0   0   0   0   0
F41_1    0    0   0   0   0   0   0   0   0   0   0   0   0   0   0   0   0   0
F41_2    0    0   0   0   0   0   0   0   0   0   0   0   0   0   0   0   0   0
F41_3    0    0   0   0   0   0   0   0   0   0   0   0   0   0   0   0   0   0
F42      0    0   0   0   0   0   0   0   0   0   0   0   0   0   0   0   0   0
F42_1    0    0   0   0   0   0   0   0   0   0   0   0   0   0   0   0   0   0
F42_2    0    0   0   0   0   0   0   0   0   0   0   0   0   0   0   0   0   0
F42_3    0    0   0   0   0   0   0   0   0   0   0   0   0   0   0   0   0   0
F43      0    0   0   0   0   0   0   0   0   0   0   0   0   0   0   0   0   0
F43_1    0    0   0   0   0   0   0   0   0   0   0   0   0   0   0   0   0   0
F43_2    0    0   0   0   0   0   0   0   0   0   0   0   0   0   0   0   0   0
F43_3    0    0   0   0   0   0   0   0   0   0   0   0   0   0   0   0   0   0
F44      0    0   0   0   0   0   0   0   0   0   0   0   0   0   0   0   0   0
F44_1    0    0   0   0   0   0   0   0   0   0   0   0   0   0   0   0   0   0
F44_2    0    0   0   0   0   0   0   0   0   0   0   0   0   0   0   0   0   0
F44_3    0    0   0   0   0   0   0   0   0   0   0   0   0   0   0   0   0   0
F45      0    0   0   0   0   0   0   0   0   0   0   0   0   0   0   0   0   0
F45_1    0    0   0   0   0   0   0   0   0   0   0   0   0   0   0   0   0   0
F45_2    0    0   0   0   0   0   0   0   0   0   0   0   0   0   0   0   0   0
F45_3    0    0   0   0   0   0   0   0   0   0   0   0   0   0   0   0   0   0
F46      0    0   0   0   0   0   0   0   0   0   0   0   0   0   0   0   0   0
F46_1    0    0   0   0   0   0   0   0   0   0   0   0   0   0   0   0   0   0
F46_2    0    0   0   0   0   0   0   0   0   0   0   0   0   0   0   0   0   0
F46_3    0    0   0   0   0   0   0   0   0   0   0   0   0   0   0   0   0   0
N0       0    0   0   0   0   0   0   0   0   0   0   0   0   0   0   0   0   0
Nσ       0    0   0   0   0   0   0   0   0   0   0   0   0   0   0   0   0   0

# $3 = F37_1
# $4 = F37_2
# $5 = F37_3
# $7 = F38_1
# $8 = F38_2
# $9 = F38_3
# $11 = F39_1
# $12 = F39_2
# $13 = F39_3
# $15 = F40_1
# $16 = F40_2
# $17 = F40_3
:     F36_3 F37  $3  $4  $5 F38  $7  $8  $9 F39 $11 $12 $13 F40 $15 $16 $17 F41 :=
C1       0    0   0   0   0   0   0   0   0   0   0   0   0   0   0   0   0   0
C10      0    0   0   0   0   0   0   0   0   0   0   0   0   0   0   0   0   0
C11      0    0   0   0   0   0   0   0   0   0   0   0   0   0   0   0   0   0
C12      0    0   0   0   0   0   0   0   0   0   0   0   0   0   0   0   0   0
C13      0    0   0   0   0   0   0   0   0   0   0   0   0   0   0   0   0   0
C14      0    0   0   0   0   0   0   0   0   0   0   0   0   0   0   0   0   0
C15      0    0   0   0   0   0   0   0   0   0   0   0   0   0   0   0   0   0
C16      0    0   0   0   0   0   0   0   0   0   0   0   0   0   0   0   0   0
C17      0    0   0   0   0   0   0   0   0   0   0   0   0   0   0   0   0   0
C18      0    0   0   0   0   0   0   0   0   0   0   0   0   0   0   0   0   0
C19      0    0   0   0   0   0   0   0   0   0   0   0   0   0   0   0   0   0
C2       0    0   0   0   0   0   0   0   0   0   0   0   0   0   0   0   0   0
C20      0    0   0   0   0   0   0   0   0   0   0   0   0   0   0   0   0   0
C21      0    0   0   0   0   0   0   0   0   0   0   0   0   0   0   0   0   0
C22      0    0   0   0   0   0   0   0   0   0   0   0   0   0   0   0   0   0
C23      0    0   0   0   0   0   0   0   0   0   0   0   0   0   0   0   0   0
C24      0    0   0   0   0   0   0   0   0   0   0   0   0   0   0   0   0   0
C25      0    0   0   0   0   0   0   0   0   0   0   0   0   0   0   0   0   0
C3       0    0   0   0   0   0   0   0   0   0   0   0   0   0   0   0   0   0
C4       0    0   0   0   0   0   0   0   0   0   0   0   0   0   0   0   0   0
C5       0    0   0   0   0   0   0   0   0   0   0   0   0   0   0   0   0   0
C6       0    0   0   0   0   0   0   0   0   0   0   0   0   0   0   0   0   0
C7       0    0   0   0   0   0   0   0   0   0   0   0   0   0   0   0   0   0
C8       0    0   0   0   0   0   0   0   0   0   0   0   0   0   0   0   0   0
C9       0    0   0   0   0   0   0   0   0   0   0   0   0   0   0   0   0   0
F26      0    0   0   0   0   0   0   0   0   0   0   0   0   0   0   0   0   0
F26_1    0    0   0   0   0   0   0   0   0   0   0   0   0   0   0   0   0   0
F26_2    0    0   0   0   0   0   0   0   0   0   0   0   0   0   0   0   0   0
F26_3    0    0   0   0   0   0   0   0   0   0   0   0   0   0   0   0   0   0
F27      0    0   0   0   0   0   0   0   0   0   0   0   0   0   0   0   0   0
F27_1    0    0   0   0   0   0   0   0   0   0   0   0   0   0   0   0   0   0
F27_2    0    0   0   0   0   0   0   0   0   0   0   0   0   0   0   0   0   0
F27_3    0    0   0   0   0   0   0   0   0   0   0   0   0   0   0   0   0   0
F28      0    0   0   0   0   0   0   0   0   0   0   0   0   0   0   0   0   0
F28_1    0    0   0   0   0   0   0   0   0   0   0   0   0   0   0   0   0   0
F28_2    0    0   0   0   0   0   0   0   0   0   0   0   0   0   0   0   0   0
F28_3    0    0   0   0   0   0   0   0   0   0   0   0   0   0   0   0   0   0
F29      0    0   0   0   0   0   0   0   0   0   0   0   0   0   0   0   0   0
F29_1    0    0   0   0   0   0   0   0   0   0   0   0   0   0   0   0   0   0
F29_2    0    0   0   0   0   0   0   0   0   0   0   0   0   0   0   0   0   0
F29_3    0    0   0   0   0   0   0   0   0   0   0   0   0   0   0   0   0   0
F30      0    0   0   0   0   0   0   0   0   0   0   0   0   0   0   0   0   0
F30_1    0    0   0   0   0   0   0   0   0   0   0   0   0   0   0   0   0   0
F30_2    0    0   0   0   0   0   0   0   0   0   0   0   0   0   0   0   0   0
F30_3    0    0   0   0   0   0   0   0   0   0   0   0   0   0   0   0   0   0
F31      0    0   0   0   0   0   0   0   0   0   0   0   0   0   0   0   0   0
F31_1    0    0   0   0   0   0   0   0   0   0   0   0   0   0   0   0   0   0
F31_2    0    0   0   0   0   0   0   0   0   0   0   0   0   0   0   0   0   0
F31_3    0    0   0   0   0   0   0   0   0   0   0   0   0   0   0   0   0   0
F32      0    0   0   0   0   0   0   0   0   0   0   0   0   0   0   0   0   0
F32_1    0    0   0   0   0   0   0   0   0   0   0   0   0   0   0   0   0   0
F32_2    0    0   0   0   0   0   0   0   0   0   0   0   0   0   0   0   0   0
F32_3    0    0   0   0   0   0   0   0   0   0   0   0   0   0   0   0   0   0
F33      0    0   0   0   0   0   0   0   0   0   0   0   0   0   0   0   0   0
F33_1    0    0   0   0   0   0   0   0   0   0   0   0   0   0   0   0   0   0
F33_2    0    0   0   0   0   0   0   0   0   0   0   0   0   0   0   0   0   0
F33_3    0    0   0   0   0   0   0   0   0   0   0   0   0   0   0   0   0   0
F34      0    0   0   0   0   0   0   0   0   0   0   0   0   0   0   0   0   0
F34_1    0    0   0   0   0   0   0   0   0   0   0   0   0   0   0   0   0   0
F34_2    0    0   0   0   0   0   0   0   0   0   0   0   0   0   0   0   0   0
F34_3    0    0   0   0   0   0   0   0   0   0   0   0   0   0   0   0   0   0
F35      0    0   0   0   0   0   0   0   0   0   0   0   0   0   0   0   0   0
F35_1    0    0   0   0   0   0   0   0   0   0   0   0   0   0   0   0   0   0
F35_2    0    0   0   0   0   0   0   0   0   0   0   0   0   0   0   0   0   0
F35_3    0    0   0   0   0   0   0   0   0   0   0   0   0   0   0   0   0   0
F36      0    0   0   0   0   0   0   0   0   0   0   0   0   0   0   0   0   0
F36_1    0    0   0   0   0   0   0   0   0   0   0   0   0   0   0   0   0   0
F36_2    0    0   0   0   0   0   0   0   0   0   0   0   0   0   0   0   0   0
F36_3    .    0   0   0   0   0   0   0   0   0   0   0   0   0   0   0   0   0
F37      0    .   0   0   0   0   0   0   0   0   0   0   0   0   0   0   0   0
F37_1    0    0   .   0   0   0   0   0   0   0   0   0   0   0   0   0   0   0
F37_2    0    0   0   .   0   0   0   0   0   0   0   0   0   0   0   0   0   0
F37_3    0    0   0   0   .   0   0   0   0   0   0   0   0   0   0   0   0   0
F38      0    0   0   0   0   .   0   0   0   0   0   0   0   0   0   0   0   0
F38_1    0    0   0   0   0   0   .   0   0   0   0   0   0   0   0   0   0   0
F38_2    0    0   0   0   0   0   0   .   0   0   0   0   0   0   0   0   0   0
F38_3    0    0   0   0   0   0   0   0   .   0   0   0   0   0   0   0   0   0
F39      0    0   0   0   0   0   0   0   0   .   0   0   0   0   0   0   0   0
F39_1    0    0   0   0   0   0   0   0   0   0   .   0   0   0   0   0   0   0
F39_2    0    0   0   0   0   0   0   0   0   0   0   .   0   0   0   0   0   0
F39_3    0    0   0   0   0   0   0   0   0   0   0   0   .   0   0   0   0   0
F40      0    0   0   0   0   0   0   0   0   0   0   0   0   .   0   0   0   0
F40_1    0    0   0   0   0   0   0   0   0   0   0   0   0   0   .   0   0   0
F40_2    0    0   0   0   0   0   0   0   0   0   0   0   0   0   0   .   0   0
F40_3    0    0   0   0   0   0   0   0   0   0   0   0   0   0   0   0   .   0
F41      0    0   0   0   0   0   0   0   0   0   0   0   0   0   0   0   0   .
F41_1    0    0   0   0   0   0   0   0   0   0   0   0   0   0   0   0   0   0
F41_2    0    0   0   0   0   0   0   0   0   0   0   0   0   0   0   0   0   0
F41_3    0    0   0   0   0   0   0   0   0   0   0   0   0   0   0   0   0   0
F42      0    0   0   0   0   0   0   0   0   0   0   0   0   0   0   0   0   0
F42_1    0    0   0   0   0   0   0   0   0   0   0   0   0   0   0   0   0   0
F42_2    0    0   0   0   0   0   0   0   0   0   0   0   0   0   0   0   0   0
F42_3    0    0   0   0   0   0   0   0   0   0   0   0   0   0   0   0   0   0
F43      0    0   0   0   0   0   0   0   0   0   0   0   0   0   0   0   0   0
F43_1    0    0   0   0   0   0   0   0   0   0   0   0   0   0   0   0   0   0
F43_2    0    0   0   0   0   0   0   0   0   0   0   0   0   0   0   0   0   0
F43_3    0    0   0   0   0   0   0   0   0   0   0   0   0   0   0   0   0   0
F44      0    0   0   0   0   0   0   0   0   0   0   0   0   0   0   0   0   0
F44_1    0    0   0   0   0   0   0   0   0   0   0   0   0   0   0   0   0   0
F44_2    0    0   0   0   0   0   0   0   0   0   0   0   0   0   0   0   0   0
F44_3    0    0   0   0   0   0   0   0   0   0   0   0   0   0   0   0   0   0
F45      0    0   0   0   0   0   0   0   0   0   0   0   0   0   0   0   0   0
F45_1    0    0   0   0   0   0   0   0   0   0   0   0   0   0   0   0   0   0
F45_2    0    0   0   0   0   0   0   0   0   0   0   0   0   0   0   0   0   0
F45_3    0    0   0   0   0   0   0   0   0   0   0   0   0   0   0   0   0   0
F46      0    0   0   0   0   0   0   0   0   0   0   0   0   0   0   0   0   0
F46_1    0    0   0   0   0   0   0   0   0   0   0   0   0   0   0   0   0   0
F46_2    0    0   0   0   0   0   0   0   0   0   0   0   0   0   0   0   0   0
F46_3    0    0   0   0   0   0   0   0   0   0   0   0   0   0   0   0   0   0
N0       0    0   0   0   0   0   0   0   0   0   0   0   0   0   0   0   0   0
Nσ       0    0   0   0   0   0   0   0   0   0   0   0   0   0   0   0   0   0

# $2 = F41_2
# $3 = F41_3
# $5 = F42_1
# $6 = F42_2
# $7 = F42_3
# $9 = F43_1
# $10 = F43_2
# $11 = F43_3
# $13 = F44_1
# $14 = F44_2
# $15 = F44_3
# $17 = F45_1
# $18 = F45_2
:     F41_1  $2  $3 F42  $5  $6  $7 F43  $9 $10 $11 F44 $13 $14 $15 F45 $17 $18 :=
C1       0    0   0   0   0   0   0   0   0   0   0   0   0   0   0   0   0   0
C10      0    0   0   0   0   0   0   0   0   0   0   0   0   0   0   0   0   0
C11      0    0   0   0   0   0   0   0   0   0   0   0   0   0   0   0   0   0
C12      0    0   0   0   0   0   0   0   0   0   0   0   0   0   0   0   0   0
C13      0    0   0   0   0   0   0   0   0   0   0   0   0   0   0   0   0   0
C14      0    0   0   0   0   0   0   0   0   0   0   0   0   0   0   0   0   0
C15      0    0   0   0   0   0   0   0   0   0   0   0   0   0   0   0   0   0
C16      0    0   0   0   0   0   0   0   0   0   0   0   0   0   0   0   0   0
C17      0    0   0   0   0   0   0   0   0   0   0   0   0   0   0   0   0   0
C18      0    0   0   0   0   0   0   0   0   0   0   0   0   0   0   0   0   0
C19      0    0   0   0   0   0   0   0   0   0   0   0   0   0   0   0   0   0
C2       0    0   0   0   0   0   0   0   0   0   0   0   0   0   0   0   0   0
C20      0    0   0   0   0   0   0   0   0   0   0   0   0   0   0   0   0   0
C21      0    0   0   0   0   0   0   0   0   0   0   0   0   0   0   0   0   0
C22      0    0   0   0   0   0   0   0   0   0   0   0   0   0   0   0   0   0
C23      0    0   0   0   0   0   0   0   0   0   0   0   0   0   0   0   0   0
C24      0    1   0   0   0   0   0   0   0   0   0   0   0   0   0   0   0   0
C25      0    0   0   0   0   0   0   0   0   0   0   0   0   0   0   0   0   0
C3       0    0   0   0   0   0   0   0   0   0   0   0   0   0   0   0   0   0
C4       0    0   0   0   0   0   0   0   0   0   0   0   0   0   0   0   0   0
C5       0    0   0   0   0   0   0   0   0   0   0   0   0   0   0   0   0   0
C6       0    0   0   0   0   0   0   0   0   0   0   0   0   0   0   0   0   0
C7       0    0   0   0   0   0   0   0   0   0   0   0   0   0   0   0   0   0
C8       0    0   0   0   0   0   0   0   0   0   0   0   0   0   0   0   0   0
C9       0    0   0   0   0   0   0   0   0   0   0   0   0   0   0   0   0   0
F26      0    0   0   0   0   0   0   0   0   0   0   0   0   0   0   0   0   0
F26_1    0    0   0   0   0   0   0   0   0   0   0   0   0   0   0   0   0   0
F26_2    0    0   0   0   0   0   0   0   0   0   0   0   0   0   0   0   0   0
F26_3    0    0   0   0   0   0   0   0   0   0   0   0   0   0   0   0   0   0
F27      0    0   0   0   0   0   0   0   0   0   0   0   0   0   0   0   0   0
F27_1    0    0   0   0   0   0   0   0   0   0   0   0   0   0   0   0   0   0
F27_2    0    0   0   0   0   0   0   0   0   0   0   0   0   0   0   0   0   0
F27_3    0    0   0   0   0   0   0   0   0   0   0   0   0   0   0   0   0   0
F28      0    0   0   0   0   0   0   0   0   0   0   0   0   0   0   0   0   0
F28_1    0    0   0   0   0   0   0   0   0   0   0   0   0   0   0   0   0   0
F28_2    0    0   0   0   0   0   0   0   0   0   0   0   0   0   0   0   0   0
F28_3    0    0   0   0   0   0   0   0   0   0   0   0   0   0   0   0   0   0
F29      0    0   0   0   0   0   0   0   0   0   0   0   0   0   0   0   0   0
F29_1    0    0   0   0   0   0   0   0   0   0   0   0   0   0   0   0   0   0
F29_2    0    0   0   0   0   0   0   0   0   0   0   0   0   0   0   0   0   0
F29_3    0    0   0   0   0   0   0   0   0   0   0   0   0   0   0   0   0   0
F30      0    0   0   0   0   0   0   0   0   0   0   0   0   0   0   0   0   0
F30_1    0    0   0   0   0   0   0   0   0   0   0   0   0   0   0   0   0   0
F30_2    0    0   0   0   0   0   0   0   0   0   0   0   0   0   0   0   0   0
F30_3    0    0   0   0   0   0   0   0   0   0   0   0   0   0   0   0   0   0
F31      0    0   0   0   0   0   0   0   0   0   0   0   0   0   0   0   0   0
F31_1    0    0   0   0   0   0   0   0   0   0   0   0   0   0   0   0   0   0
F31_2    0    0   0   0   0   0   0   0   0   0   0   0   0   0   0   0   0   0
F31_3    0    0   0   0   0   0   0   0   0   0   0   0   0   0   0   0   0   0
F32      0    0   0   0   0   0   0   0   0   0   0   0   0   0   0   0   0   0
F32_1    0    0   0   0   0   0   0   0   0   0   0   0   0   0   0   0   0   0
F32_2    0    0   0   0   0   0   0   0   0   0   0   0   0   0   0   0   0   0
F32_3    0    0   0   0   0   0   0   0   0   0   0   0   0   0   0   0   0   0
F33      0    0   0   0   0   0   0   0   0   0   0   0   0   0   0   0   0   0
F33_1    0    0   0   0   0   0   0   0   0   0   0   0   0   0   0   0   0   0
F33_2    0    0   0   0   0   0   0   0   0   0   0   0   0   0   0   0   0   0
F33_3    0    0   0   0   0   0   0   0   0   0   0   0   0   0   0   0   0   0
F34      0    0   0   0   0   0   0   0   0   0   0   0   0   0   0   0   0   0
F34_1    0    0   0   0   0   0   0   0   0   0   0   0   0   0   0   0   0   0
F34_2    0    0   0   0   0   0   0   0   0   0   0   0   0   0   0   0   0   0
F34_3    0    0   0   0   0   0   0   0   0   0   0   0   0   0   0   0   0   0
F35      0    0   0   0   0   0   0   0   0   0   0   0   0   0   0   0   0   0
F35_1    0    0   0   0   0   0   0   0   0   0   0   0   0   0   0   0   0   0
F35_2    0    0   0   0   0   0   0   0   0   0   0   0   0   0   0   0   0   0
F35_3    0    0   0   0   0   0   0   0   0   0   0   0   0   0   0   0   0   0
F36      0    0   0   0   0   0   0   0   0   0   0   0   0   0   0   0   0   0
F36_1    0    0   0   0   0   0   0   0   0   0   0   0   0   0   0   0   0   0
F36_2    0    0   0   0   0   0   0   0   0   0   0   0   0   0   0   0   0   0
F36_3    0    0   0   0   0   0   0   0   0   0   0   0   0   0   0   0   0   0
F37      0    0   0   0   0   0   0   0   0   0   0   0   0   0   0   0   0   0
F37_1    0    0   0   0   0   0   0   0   0   0   0   0   0   0   0   0   0   0
F37_2    0    0   0   0   0   0   0   0   0   0   0   0   0   0   0   0   0   0
F37_3    0    0   0   0   0   0   0   0   0   0   0   0   0   0   0   0   0   0
F38      0    0   0   0   0   0   0   0   0   0   0   0   0   0   0   0   0   0
F38_1    0    0   0   0   0   0   0   0   0   0   0   0   0   0   0   0   0   0
F38_2    0    0   0   0   0   0   0   0   0   0   0   0   0   0   0   0   0   0
F38_3    0    0   0   0   0   0   0   0   0   0   0   0   0   0   0   0   0   0
F39      0    0   0   0   0   0   0   0   0   0   0   0   0   0   0   0   0   0
F39_1    0    0   0   0   0   0   0   0   0   0   0   0   0   0   0   0   0   0
F39_2    0    0   0   0   0   0   0   0   0   0   0   0   0   0   0   0   0   0
F39_3    0    0   0   0   0   0   0   0   0   0   0   0   0   0   0   0   0   0
F40      0    0   0   0   0   0   0   0   0   0   0   0   0   0   0   0   0   0
F40_1    0    0   0   0   0   0   0   0   0   0   0   0   0   0   0   0   0   0
F40_2    0    0   0   0   0   0   0   0   0   0   0   0   0   0   0   0   0   0
F40_3    0    0   0   0   0   0   0   0   0   0   0   0   0   0   0   0   0   0
F41      0    0   0   0   0   0   0   0   0   0   0   0   0   0   0   0   0   0
F41_1    .    0   0   0   0   0   0   0   0   0   0   0   0   0   0   0   0   0
F41_2    0    .   0   0   0   0   0   0   0   0   0   0   0   0   0   0   0   0
F41_3    0    0   .   0   0   0   0   0   0   0   0   0   0   0   0   0   0   0
F42      0    0   0   .   0   0   0   0   0   0   0   0   0   0   0   0   0   0
F42_1    0    0   0   0   .   0   0   0   0   0   0   0   0   0   0   0   0   0
F42_2    0    0   0   0   0   .   0   0   0   0   0   0   0   0   0   0   0   0
F42_3    0    0   0   0   0   0   .   0   0   0   0   0   0   0   0   0   0   0
F43      0    0   0   0   0   0   0   .   0   0   0   0   0   0   0   0   0   0
F43_1    0    0   0   0   0   0   0   0   .   0   0   0   0   0   0   0   0   0
F43_2    0    0   0   0   0   0   0   0   0   .   0   0   0   0   0   0   0   0
F43_3    0    0   0   0   0   0   0   0   0   0   .   0   0   0   0   0   0   0
F44      0    0   0   0   0   0   0   0   0   0   0   .   0   0   0   0   0   0
F44_1    0    0   0   0   0   0   0   0   0   0   0   0   .   0   0   0   0   0
F44_2    0    0   0   0   0   0   0   0   0   0   0   0   0   .   0   0   0   0
F44_3    0    0   0   0   0   0   0   0   0   0   0   0   0   0   .   0   0   0
F45      0    0   0   0   0   0   0   0   0   0   0   0   0   0   0   .   0   0
F45_1    0    0   0   0   0   0   0   0   0   0   0   0   0   0   0   0   .   0
F45_2    0    0   0   0   0   0   0   0   0   0   0   0   0   0   0   0   1   .
F45_3    0    0   0   0   0   0   0   0   0   0   0   0   0   0   0   0   0   1
F46      0    0   0   0   0   0   0   0   0   0   0   0   0   0   0   0   0   0
F46_1    0    0   0   0   0   0   0   0   0   0   0   0   0   0   0   0   0   0
F46_2    0    0   0   0   0   0   0   0   0   0   0   0   0   0   0   0   0   0
F46_3    0    0   0   0   0   0   0   0   0   0   0   0   0   0   0   0   0   0
N0       0    0   0   0   0   0   0   0   0   0   0   0   0   0   0   0   0   0
Nσ       0    0   0   0   0   0   0   0   0   0   0   0   0   0   0   0   0   0

:     F45_3 F46 F46_1 F46_2 F46_3  N0  Nσ    :=
C1       0    0    0     0     0    0   0
C10      0    0    0     0     0    0   0
C11      0    0    0     0     0    0   0
C12      0    0    0     0     0    0   0
C13      0    0    0     0     0    0   0
C14      0    0    0     0     0    0   0
C15      0    0    0     0     0    0   1
C16      0    0    0     0     0    0   0
C17      0    0    0     0     0    0   0
C18      0    0    0     0     0    0   1
C19      1    0    0     0     0    0   0
C2       0    0    0     0     0    0   0
C20      0    0    0     0     0    0   1
C21      0    0    0     0     0    0   0
C22      0    0    0     0     0    0   0
C23      0    0    0     0     0    0   0
C24      0    0    0     0     0    0   0
C25      0    0    0     0     0    0   0
C3       0    0    0     0     0    0   1
C4       0    0    0     0     0    0   0
C5       0    0    0     0     0    0   0
C6       0    0    0     0     0    0   0
C7       0    0    0     0     0    0   1
C8       0    0    0     0     0    0   0
C9       0    0    0     0     0    0   1
F26      0    0    0     0     0    0   0
F26_1    0    0    0     0     0    0   0
F26_2    0    0    0     0     0    0   0
F26_3    0    0    0     0     0    0   1
F27      0    0    0     0     0    0   0
F27_1    0    0    0     0     0    0   0
F27_2    0    0    0     0     0    0   0
F27_3    0    0    0     0     0    0   0
F28      0    0    0     0     0    0   0
F28_1    0    0    0     0     0    0   0
F28_2    0    0    0     0     0    0   0
F28_3    0    0    0     0     0    0   0
F29      0    0    0     0     0    0   0
F29_1    0    0    0     0     0    0   0
F29_2    0    0    0     0     0    0   0
F29_3    0    0    0     0     0    0   0
F30      0    0    0     0     0    0   0
F30_1    0    0    0     0     0    0   0
F30_2    0    0    0     0     0    0   0
F30_3    0    0    0     0     0    0   0
F31      0    0    0     0     0    0   0
F31_1    0    0    0     0     0    0   0
F31_2    0    0    0     0     0    0   0
F31_3    0    0    0     0     0    0   0
F32      0    0    0     0     0    0   0
F32_1    0    0    0     0     0    0   0
F32_2    0    0    0     0     0    0   0
F32_3    0    0    0     0     0    0   0
F33      0    0    0     0     0    0   0
F33_1    0    0    0     0     0    0   0
F33_2    0    0    0     0     0    0   0
F33_3    0    0    0     0     0    0   0
F34      0    0    0     0     0    0   0
F34_1    0    0    0     0     0    0   0
F34_2    0    0    0     0     0    0   0
F34_3    0    0    0     0     0    0   0
F35      0    0    0     0     0    0   0
F35_1    0    0    0     0     0    0   0
F35_2    0    0    0     0     0    0   0
F35_3    0    0    0     0     0    0   0
F36      0    0    0     0     0    0   0
F36_1    0    0    0     0     0    0   0
F36_2    0    0    0     0     0    0   0
F36_3    0    0    0     0     0    0   0
F37      0    0    0     0     0    0   0
F37_1    0    0    0     0     0    0   0
F37_2    0    0    0     0     0    0   0
F37_3    0    0    0     0     0    0   0
F38      0    0    0     0     0    0   0
F38_1    0    0    0     0     0    0   0
F38_2    0    0    0     0     0    0   0
F38_3    0    0    0     0     0    0   0
F39      0    0    0     0     0    0   0
F39_1    0    0    0     0     0    0   0
F39_2    0    0    0     0     0    0   0
F39_3    0    0    0     0     0    0   0
F40      0    0    0     0     0    0   0
F40_1    0    0    0     0     0    0   0
F40_2    0    0    0     0     0    0   0
F40_3    0    0    0     0     0    0   0
F41      0    0    0     0     0    0   0
F41_1    0    0    0     0     0    0   0
F41_2    0    0    0     0     0    0   0
F41_3    0    0    0     0     0    0   0
F42      0    0    0     0     0    0   0
F42_1    0    0    0     0     0    0   0
F42_2    0    0    0     0     0    0   0
F42_3    0    0    0     0     0    0   0
F43      0    0    0     0     0    0   0
F43_1    0    0    0     0     0    0   0
F43_2    0    0    0     0     0    0   0
F43_3    0    0    0     0     0    0   0
F44      0    0    0     0     0    0   0
F44_1    0    0    0     0     0    0   0
F44_2    0    0    0     0     0    0   0
F44_3    0    0    0     0     0    0   0
F45      0    0    0     0     0    0   0
F45_1    0    0    0     0     0    0   1
F45_2    0    0    0     0     0    0   0
F45_3    .    0    0     0     0    0   0
F46      0    .    0     0     0    0   0
F46_1    0    0    .     0     0    0   0
F46_2    0    0    0     .     0    0   0
F46_3    0    0    0     0     .    0   0
N0       0    0    0     0     0    .   0
Nσ       0    0    0     0     0    0   .
;

sum{i in D0, j in Vplun} x[i,j] = 8

sum{i in Vall, j in Vall: i != j} x[i,j]*t[i,j] = 667.753

sum{i in F} z[i]*R[i] = 68.1773

sum{i in F, j in Vplunend: i != j} y[i]*x[i,j] = 0

a [*] :=
   C1  60               F29   0             F38_1   0
  C10  13.6548        F29_1   0             F38_2   0
  C11  14.7648        F29_2 240             F38_3   0
  C12  59             F29_3 163.088           F39 240
  C13  30               F30   0             F39_1 240
  C14 147.989         F30_1   9.04823e-05   F39_2 240
  C15 198             F30_2  26.6023        F39_3 240
  C16  66.7199        F30_3   0               F40   0
  C17 198               F31  13.304         F40_1   0
  C18 217             F31_1   0             F40_2   0
  C19 103             F31_2 240             F40_3   0
   C2  83             F31_3 240               F41   0
  C20 162               F32  85             F41_1   0
  C21 139.587         F32_1 240             F41_2 172.447
  C22 124             F32_2  85             F41_3   0
  C23  71             F32_3  85               F42   0
  C24 146.416           F33   0             F42_1   0
  C25 132.81          F33_1   0             F42_2  36.2195
   C3 175             F33_2   0             F42_3 240
   C4  91             F33_3   0               F43   0
   C5  57               F34   0             F43_1   0
   C6  81.7199        F34_1   0             F43_2  85
   C7 200             F34_2 240             F43_3   0
   C8 130.918         F34_3   0               F44   0
   C9 106               F35   0             F44_1   0
  F26 117.055         F35_1   0             F44_2   0
F26_1   0             F35_2   0             F44_3   0
F26_2   0             F35_3   0               F45   0
F26_3 117.055           F36   0             F45_1 160.947
  F27   0             F36_1   0             F45_2 160.947
F27_1   0             F36_2   0             F45_3 126.038
F27_2   0             F36_3   0               F46   0
F27_3   0               F37  36.2195        F46_1   0
  F28   0             F37_1   0             F46_2   0
F28_1   0             F37_2   0             F46_3   0
F28_2   0             F37_3   0                N0   0
F28_3   0               F38   0                Nσ 240
;

u [*] :=
   C1 170      C4 200   F29_1 120     F34 120   F38_3 120   F43_2 200
  C10 200      C5 200   F29_2 120   F34_1 120     F39 200   F43_3 200
  C11 200      C6 180   F29_3 120   F34_2 120   F39_1 200     F44 120
  C12 186      C7  16     F30 120   F34_3 120   F39_2 200   F44_1 120
  C13 200      C8 170   F30_1 170     F35 120   F39_3 200   F44_2 120
  C14 130      C9 180   F30_2 120   F35_1 120     F40 120   F44_3 120
  C15 120     F26 192   F30_3 120   F35_2 120   F40_1 120     F45 120
  C16 200   F26_1 200     F31 150   F35_3 120   F40_2 120   F45_1 146
  C17 166   F26_2 200   F31_1 120     F36 120   F40_3 120   F45_2 146
  C18 147   F26_3 192   F31_2 120   F36_1 120     F41 120   F45_3 146
  C19 156     F27 120   F31_3 120   F36_2 120   F41_1 120     F46 120
   C2 186   F27_1 120     F32 200   F36_3   0   F41_2 120   F46_1 200
  C20 173   F27_2 120   F32_1 200     F37 120   F41_3 120   F46_2 120
  C21 184   F27_3 120   F32_2 200   F37_1 120     F42 120   F46_3 120
  C22 150     F28 120   F32_3 200   F37_2 120   F42_1 120      N0 200
  C23 200   F28_1 120     F33 150   F37_3 120   F42_2 120      Nσ   0
  C24 160   F28_2 120   F33_1 120     F38 120   F42_3 200
  C25 170   F28_3 120   F33_2 120   F38_1 120     F43 200
   C3 141     F29 120   F33_3 150   F38_2 120   F43_1 200
;

v [*] :=
   C1 46.3883      C8 33.486    F31_1 79.69       F37  0        F42_3 79.69
  C10 70.4705      C9 41.149    F31_2 79.69     F37_1 79.69       F43  0
  C11 64.9252     F26  0        F31_3 79.69     F37_2 79.69     F43_1  0
  C12 42.5645   F26_1 79.69       F32  0        F37_3 79.69     F43_2 79.69
  C13 54.1949   F26_2  0        F32_1  0          F38 79.69     F43_3  0
  C14 26.4149   F26_3  0        F32_2 79.69     F38_1 79.69       F44 79.69
  C15 13.0384     F27 79.69     F32_3  0        F38_2 79.69     F44_1 79.69
  C16 34.4131   F27_1 79.69       F33  0        F38_3  0        F44_2 79.69
  C17 24.8597   F27_2 79.69     F33_1 79.69       F39 79.69     F44_3 79.69
  C18 12.0416   F27_3 79.69     F33_2  0        F39_1  0          F45 79.69
  C19 15.9106     F28 79.69     F33_3 79.69     F39_2 79.69     F45_1  2.8722
   C2 25.9106   F28_1 79.69       F34 79.69     F39_3 79.69     F45_2  2.8722
  C20 32.5576   F28_2 79.69     F34_1 79.69       F40 79.69     F45_3  2.8722
  C21 34.0792   F28_3 79.69     F34_2 79.69     F40_1 79.69       F46  0
  C22 17.0711     F29 79.69     F34_3 79.69     F40_2 79.69     F46_1  0
  C23 36.0555   F29_1 79.69       F35  0        F40_3 79.69     F46_2  0
  C24 18.5274   F29_2  0        F35_1 79.69       F41  0        F46_3  0
  C25 22.133    F29_3 21.3159   F35_2 79.69     F41_1 79.69        N0 79.69
   C3 10          F30 79.69     F35_3 79.69     F41_2  2.4962      Nσ  0
   C4 46.149    F30_1 79.6899     F36  0        F41_3 79.69
   C5 35.4859   F30_2 79.69     F36_1 79.69       F42 79.69
   C6 29.4131   F30_3 79.69     F36_2  0        F42_1  0
   C7 18.0278     F31  0        F36_3 79.69     F42_2  0
;

y [*] :=
  F26 0   F28_3 0   F31_2 0   F34_1 0     F37 0   F39_3 0   F42_2 0   F45_1 0
F26_1 0     F29 0   F31_3 0   F34_2 0   F37_1 0     F40 0   F42_3 0   F45_2 0
F26_2 0   F29_1 0     F32 0   F34_3 0   F37_2 0   F40_1 0     F43 0   F45_3 0
F26_3 0   F29_2 0   F32_1 0     F35 0   F37_3 0   F40_2 0   F43_1 0     F46 0
  F27 0   F29_3 0   F32_2 0   F35_1 0     F38 0   F40_3 0   F43_2 0   F46_1 0
F27_1 0     F30 0   F32_3 0   F35_2 0   F38_1 0     F41 0   F43_3 0   F46_2 0
F27_2 0   F30_1 0     F33 0   F35_3 0   F38_2 0   F41_1 0     F44 0   F46_3 0
F27_3 0   F30_2 0   F33_1 0     F36 0   F38_3 0   F41_2 0   F44_1 0
  F28 0   F30_3 0   F33_2 0   F36_1 0     F39 0   F41_3 0   F44_2 0
F28_1 0     F31 0   F33_3 0   F36_2 0   F39_1 0     F42 0   F44_3 0
F28_2 0   F31_1 0     F34 0   F36_3 0   F39_2 0   F42_1 0     F45 0
;

z [*] :=
  F26 1   F28_3 1   F31_2 1   F34_1 1     F37 1   F39_3 1   F42_2 1   F45_1 1
F26_1 1     F29 1   F31_3 1   F34_2 1   F37_1 1     F40 1   F42_3 1   F45_2 1
F26_2 1   F29_1 1     F32 1   F34_3 1   F37_2 1   F40_1 1     F43 1   F45_3 1
F26_3 1   F29_2 1   F32_1 1     F35 1   F37_3 1   F40_2 1   F43_1 1     F46 1
  F27 1   F29_3 1   F32_2 1   F35_1 1     F38 1   F40_3 1   F43_2 1   F46_1 1
F27_1 1     F30 1   F32_3 1   F35_2 1   F38_1 1     F41 1   F43_3 1   F46_2 1
F27_2 1   F30_1 1     F33 1   F35_3 1   F38_2 1   F41_1 1     F44 1   F46_3 1
F27_3 1   F30_2 1   F33_1 1     F36 1   F38_3 1   F41_2 1   F44_1 1
  F28 1   F30_3 1   F33_2 1   F36_1 1     F39 1   F41_3 1   F44_2 1
F28_1 1     F31 1   F33_3 1   F36_2 1   F39_1 1     F42 1   F44_3 1
F28_2 1   F31_1 1     F34 1   F36_3 1   F39_2 1   F42_1 1     F45 1
;

R [*] :=
  F26  0        F30_1  0        F34_2  0        F38_3  0          F43  0
F26_1  0        F30_2  0        F34_3  0          F39  0        F43_1  0
F26_2  0        F30_3  0          F35  0        F39_1  0        F43_2  0
F26_3  0          F31  0        F35_1  0        F39_2  0        F43_3  0
  F27  0        F31_1  0        F35_2  0        F39_3  0          F44  0
F27_1  0        F31_2  0        F35_3  0          F40  0        F44_1  0
F27_2  0        F31_3  0          F36  0        F40_1  0        F44_2  0
F27_3  0          F32  0        F36_1  0        F40_2  0        F44_3  0
  F28  0        F32_1  0        F36_2  0        F40_3  0          F45  0
F28_1  0        F32_2  0        F36_3  0          F41  0        F45_1 35.5986
F28_2  0        F32_3  0          F37  0        F41_1  0        F45_2  0
F28_3  0          F33  0        F37_1  0        F41_2 16.8668   F45_3  0
  F29  0        F33_1  0        F37_2  0        F41_3  0          F46  0
F29_1  0        F33_2  0        F37_3  0          F42  0        F46_1  0
F29_2  0        F33_3  0          F38  0        F42_1  0        F46_2  0
F29_3 15.7119     F34  0        F38_1  0        F42_2  0        F46_3  0
  F30  0        F34_1  0        F38_2  0        F42_3  0
;

Y [*] :=
  F26  0        F30_1 79.6899   F34_2 79.69     F38_3  0          F43  0
F26_1 79.69     F30_2 79.69     F34_3 79.69       F39 79.69     F43_1  0
F26_2  0        F30_3 79.69       F35  0        F39_1  0        F43_2 79.69
F26_3  0          F31  0        F35_1 79.69     F39_2 79.69     F43_3  0
  F27 79.69     F31_1 79.69     F35_2 79.69     F39_3 79.69       F44 79.69
F27_1 79.69     F31_2 79.69     F35_3 79.69       F40 79.69     F44_1 79.69
F27_2 79.69     F31_3 79.69       F36  0        F40_1 79.69     F44_2 79.69
F27_3 79.69       F32  0        F36_1 79.69     F40_2 79.69     F44_3 79.69
  F28 79.69     F32_1  0        F36_2  0        F40_3 79.69       F45 79.69
F28_1 79.69     F32_2 79.69     F36_3 79.69       F41  0        F45_1 38.4708
F28_2 79.69     F32_3  0          F37  0        F41_1 79.69     F45_2  2.8722
F28_3 79.69       F33  0        F37_1 79.69     F41_2 19.363    F45_3  2.8722
  F29 79.69     F33_1 79.69     F37_2 79.69     F41_3 79.69       F46  0
F29_1 79.69     F33_2  0        F37_3 79.69       F42 79.69     F46_1  0
F29_2  0        F33_3 79.69       F38 79.69     F42_1  0        F46_2  0
F29_3 37.0278     F34 79.69     F38_1 79.69     F42_2  0        F46_3  0
  F30 79.69     F34_1 79.69     F38_2 79.69     F42_3 79.69
;

