MIP Gap (%):  81.60771311049191
_solve_elapsed_time = 28800.7

TotalCost = 14310.2

x [*,*]
:      C1 C10 C11 C12 C13 C14 C15 C16 C17     C18    C19  C2 C20     C21    C22 :=
C1      .   0   1   0   0   0   0   0   0   0          0   0   0   0          0
C10     0   .   0   0   0   0   0   0   0   0          0   0   0   0          0
C11     0   0   .   0   0   0   0   0   0   0          0   0   0   0          0
C12     0   0   0   .   0   0   0   0   0   0          0   0   0   0          0
C13     0   0   0   0   .   0   0   0   0   0          0   0   0   0          0
C14     0   0   0   0   0   .   0   0   0   0          0   0   0   0          0
C15     0   0   0   0   0   0   .   0   0   0          0   0   0   0          0
C16     0   0   0   0   0   1   0   .   0   0          0   0   0   0          0
C17     0   0   0   0   0   0   0   0   .   0          1   0   0   0          0
C18     0   0   0   0   0   0   0   0   0    .         0   0   0   0          0
C19     0   0   0   0   0   0   0   0   0   0          .   0   0   0          0
C2      0   0   0   0   0   0   0   0   0   0          0   .   0   0          0
C20     0   0   0   0   0   0   0   0   0   0          0   1   .   0          0
C21     0   0   0   0   0   0   0   0   0   0          0   0   0    .         0
C22     0   0   0   0   0   0   0   0   1   0          0   0   0   0          .
C23     0   0   0   0   0   0   0   0   0   0          0   0   0   0          0
C24     0   0   0   0   0   0   0   0   0   0.999999   0   0   0   0          0
C25     0   0   0   0   0   0   0   0   0   0          0   0   0   0          0
C3      0   0   0   0   0   0   0   0   0   0          0   0   0   0          0
C4      0   0   0   0   0   0   0   0   0   0          0   0   0   0          1
C5      0   0   0   0   0   0   0   0   0   0          0   0   0   0          0
C6      0   0   0   0   0   0   0   0   0   0          0   0   0   0          0
C7      0   0   0   0   0   0   0   0   0   0          0   0   1   0          0
C8      0   0   0   0   0   0   0   0   0   0          0   0   0   0          0
C9      0   0   0   0   0   0   1   0   0   0          0   0   0   0          0
F26     0   0   0   0   0   0   0   0   0   0          0   0   0   0          0
F26_1   0   0   0   0   0   0   0   0   0   0          0   0   0   0          0
F26_2   0   0   0   0   0   0   0   0   0   0          0   0   0   0          0
F26_3   0   0   0   0   0   0   0   0   0   0          0   0   0   0          0
F27     0   0   0   0   0   0   0   0   0   0          0   0   0   0          0
F27_1   0   0   0   0   0   0   0   0   0   0          0   0   0   0          0
F27_2   0   0   0   0   0   0   0   0   0   0          0   0   0   0          0
F27_3   0   0   0   0   0   0   0   0   0   0          0   0   0   0          0
F28     0   0   0   0   0   0   0   0   0   0          0   0   0   0          0
F28_1   0   0   0   0   0   0   0   0   0   0          0   0   0   0          0
F28_2   0   0   0   0   0   0   0   0   0   0          0   0   0   0          0
F28_3   0   0   0   0   0   0   0   0   0   0          0   0   0   0          0
F29     0   0   0   0   0   0   0   0   0   0          0   0   0   0          0
F29_1   0   0   0   0   0   0   0   0   0   0          0   0   0   0          0
F29_2   0   0   0   0   0   0   0   0   0   0          0   0   0   0          0
F29_3   0   0   0   0   0   0   0   0   0   0          0   0   0   0          0
F30     0   0   0   0   0   0   0   0   0   0          0   0   0   0          0
F30_1   0   0   0   0   0   0   0   0   0   0          0   0   0   0          0
F30_2   0   0   0   0   0   0   0   0   0   0          0   0   0   0          0
F30_3   0   0   0   0   0   0   0   0   0   0          0   0   0   0          0
F31     0   0   0   0   0   0   0   0   0   0          0   0   0   0          0
F31_1   0   0   0   0   0   0   0   0   0   0          0   0   0   0          0
F31_2   0   0   0   0   0   0   0   0   0   0          0   0   0   0          0
F31_3   0   0   0   0   0   0   0   0   0   0          0   0   0   0          0
F32     0   0   0   0   0   0   0   0   0   0          0   0   0   0          0
F32_1   0   0   0   0   0   0   0   0   0   0          0   0   0   0          0
F32_2   0   0   0   0   0   0   0   0   0   0          0   0   0   0          0
F32_3   0   0   0   0   0   0   0   0   0   0          0   0   0   0          0
F33     0   0   0   0   0   0   0   0   0   0          0   0   0   0          0
F33_1   0   0   0   0   0   0   0   0   0   0          0   0   0   0          0
F33_2   0   0   0   0   0   0   0   0   0   0          0   0   0   0          0
F33_3   0   0   0   0   0   0   0   0   0   0          0   0   0   0          0
F34     0   0   0   0   0   0   0   0   0   0          0   0   0   0          0
F34_1   0   0   0   0   0   0   0   0   0   0          0   0   0   0          0
F34_2   0   0   0   0   0   0   0   0   0   0          0   0   0   0          0
F34_3   0   0   0   0   0   0   0   0   0   0          0   0   0   0          0
F35     0   0   0   0   0   0   0   0   0   0          0   0   0   0          0
F35_1   0   0   0   0   0   0   0   0   0   0          0   0   0   0          0
F35_2   0   0   0   0   0   0   0   0   0   0          0   0   0   0          0
F35_3   0   0   0   0   0   0   0   0   0   0          0   0   0   0          0
F36     0   0   0   0   0   0   0   0   0   0          0   0   0   0          0
F36_1   0   0   0   0   0   0   0   0   0   0          0   0   0   0          0
F36_2   0   0   0   0   0   0   0   0   0   0          0   0   0   0          0
F36_3   0   0   0   0   0   0   0   0   0   0          0   0   0   0          0
F37     0   0   0   0   0   0   0   0   0   0          0   0   0   0          0
F37_1   0   0   0   0   0   0   0   0   0   0          0   0   0   0          0
F37_2   0   0   0   0   0   0   0   0   0   0          0   0   0   0          0
F37_3   0   0   0   0   0   0   0   0   0   0          0   0   0   0          0
F38     0   0   0   0   0   0   0   0   0   0          0   0   0   0          0
F38_1   0   0   0   0   0   0   0   0   0   0          0   0   0   0          0
F38_2   0   0   0   0   0   0   0   0   0   0          0   0   0   0          0
F38_3   0   0   0   0   0   0   0   0   0   0          0   0   0   0          0
F39     0   0   0   0   0   0   0   0   0   0          0   0   0   0          0
F39_1   0   0   0   0   0   0   0   0   0   0          0   0   0   0          0
F39_2   0   0   0   0   0   0   0   0   0   0          0   0   0   0          0
F39_3   0   0   0   0   0   0   0   0   0   0          0   0   0   0          0
F40     0   0   0   0   0   0   0   0   0   0          0   0   0   0          0
F40_1   0   0   0   0   0   0   0   0   0   0          0   0   0   0          0
F40_2   0   0   0   0   0   0   0   0   0   0          0   0   0   0          0
F40_3   0   0   0   0   0   0   0   0   0   0          0   0   0   0          0
F41     0   0   0   0   0   0   0   0   0   0          0   0   0   0          0
F41_1   0   0   0   0   0   0   0   0   0   0          0   0   0   0          0
F41_2   0   0   0   0   0   0   0   0   0   0          0   0   0   0          0
F41_3   0   0   0   0   0   0   0   0   0   0          0   0   0   0          0
F42     0   0   0   0   0   0   0   0   0   0          0   0   0   0          0
F42_1   0   0   0   0   0   0   0   0   0   0          0   0   0   0          0
F42_2   0   0   0   0   0   0   0   0   0   0          0   0   0   0          0
F42_3   0   0   0   0   0   0   0   0   0   0          0   0   0   0          0
F43     0   0   0   0   0   0   0   0   0   0          0   0   0   0          0
F43_1   0   0   0   0   0   0   0   0   0   0          0   0   0   0          0
F43_2   0   0   0   0   0   0   0   0   0   0          0   0   0   0          0
F43_3   0   0   0   0   0   0   0   0   0   0          0   0   0   0          0
F44     0   0   0   0   0   0   0   0   0   0          0   0   0   0          0
F44_1   0   0   0   0   0   0   0   0   0   0          0   0   0   0          0
F44_2   0   0   0   0   0   0   0   0   0   0          0   0   0   0          0
F44_3   0   0   0   0   0   0   0   0   0   0          0   0   0   0          0
F45     0   0   0   0   0   0   0   0   0   0          0   0   0   0          0
F45_1   0   0   0   0   0   0   0   0   0   0          0   0   0   0          0
F45_2   0   0   0   0   0   0   0   0   0   0          0   0   0   0          0
F45_3   0   0   0   0   0   0   0   0   0   0          0   0   0   0          0
F46     0   0   0   0   0   0   0   0   0   0          0   0   0   0          0
F46_1   0   0   0   0   0   0   0   0   0   0          0   0   0   0          0
F46_2   0   0   0   0   0   0   0   0   0   0          0   0   0   0          0
F46_3   0   0   0   0   0   0   0   0   0   0          0   0   0   0          0
N0      1   1   0   1   1   0   0   1   0   0          0   0   0   0.999999   0
Nσ      0   0   0   0   0   0   0   0   0   0          0   0   0   0          0

# $12 = F26_1
# $13 = F26_2
# $14 = F26_3
:     C23 C24 C25      C3     C4  C5  C6      C7     C8  C9 F26 $12 $13 $14 F27 :=
C1      0   0   0   0          0   0   0   0          0   0   0   0   0   0   0
C10     0   0   0   0.999999   0   0   0   0          0   0   0   0   0   0   0
C11     0   0   0   0          0   0   0   0          0   0   0   0   0   0   0
C12     0   0   0   0          0   1   0   0          0   0   0   0   0   0   0
C13     1   0   0   0          0   0   0   0          0   0   0   0   0   0   0
C14     0   0   0   0          0   0   0   0          0   1   0   0   0   0   0
C15     0   0   0   0          0   0   0   0          0   0   0   0   0   0   0
C16     0   0   0   0          0   0   0   0          0   0   0   0   0   0   0
C17     0   0   0   0          0   0   0   0          0   0   0   0   0   0   0
C18     0   0   0   0          0   0   0   0          0   0   0   0   0   0   0
C19     0   0   0   0          0   0   0   0          0   0   0   0   0   0   0
C2      0   0   0   0          0   0   1   0          0   0   0   0   0   0   0
C20     0   0   0   0          0   0   0   0          0   0   0   0   0   0   0
C21     0   0   0   0          0   0   0   0          0   0   0   0   0   0   0
C22     0   0   0   0          0   0   0   0          0   0   0   0   0   0   0
C23     .   0   0   0          0   0   0   0          0   0   0   0   0   0   0
C24     0   .   0   0          0   0   0   0          0   0   0   0   0   0   0
C25     0   0   .   0          0   0   0   0          1   0   0   0   0   0   0
C3      0   0   0    .         0   0   0   0          0   0   0   0   0   0   0
C4      0   0   0   0          .   0   0   0          0   0   0   0   0   0   0
C5      0   0   0   0          0   .   0   0          0   0   0   0   0   0   0
C6      0   0   0   0          0   0   .   0          0   0   0   0   0   0   0
C7      0   0   0   0          0   0   0    .         0   0   0   0   0   0   0
C8      0   0   0   0          0   0   0   0          .   0   0   0   0   0   0
C9      0   0   0   0          0   0   0   0          0   .   0   0   0   0   0
F26     0   0   0   0          0   0   0   0          0   0   .   0   0   0   0
F26_1   0   0   0   0          0   0   0   0          0   0   0   .   0   0   0
F26_2   0   0   0   0          0   0   0   0          0   0   0   0   .   0   0
F26_3   0   0   0   0          0   0   0   0          0   0   0   0   0   .   0
F27     0   0   0   0          0   0   0   0          0   0   0   0   0   0   .
F27_1   0   0   0   0          0   0   0   0          0   0   0   0   0   0   0
F27_2   0   0   0   0          0   0   0   0          0   0   0   0   0   0   0
F27_3   0   0   0   0          0   0   0   0          0   0   0   0   0   0   0
F28     0   0   0   0          0   0   0   0          0   0   0   0   0   0   0
F28_1   0   0   0   0          0   0   0   0          0   0   0   0   0   0   0
F28_2   0   0   0   0          0   0   0   0          0   0   0   0   0   0   0
F28_3   0   0   0   0          0   0   0   0          0   0   0   0   0   0   0
F29     0   0   0   0          0   0   0   0          0   0   0   0   0   0   0
F29_1   0   0   0   0          0   0   0   0          0   0   0   0   0   0   0
F29_2   0   0   0   0          0   0   0   0          0   0   0   0   0   0   0
F29_3   0   0   0   0          0   0   0   0          0   0   0   0   0   0   0
F30     0   0   0   0          0   0   0   0          0   0   0   0   0   0   0
F30_1   0   0   0   0          0   0   0   0          0   0   0   0   0   0   0
F30_2   0   0   0   0          0   0   0   0          0   0   0   0   0   0   0
F30_3   0   0   0   0          0   0   0   0          0   0   0   0   0   0   0
F31     0   0   0   0          0   0   0   0          0   0   0   0   0   0   0
F31_1   0   0   0   0          0   0   0   0          0   0   0   0   0   0   0
F31_2   0   0   0   0          0   0   0   0          0   0   0   0   0   0   0
F31_3   0   0   0   0          0   0   0   0          0   0   0   0   0   0   0
F32     0   0   0   0          0   0   0   0          0   0   0   0   0   0   0
F32_1   0   0   0   0          0   0   0   0          0   0   0   0   0   0   0
F32_2   0   0   0   0          0   0   0   0          0   0   0   0   0   0   0
F32_3   0   0   0   0          0   0   0   0          0   0   0   0   0   0   0
F33     0   0   0   0          0   0   0   0          0   0   0   0   0   0   0
F33_1   0   0   0   0          0   0   0   0          0   0   0   0   0   0   0
F33_2   0   0   0   0          0   0   0   0          0   0   0   0   0   0   0
F33_3   0   0   1   0          0   0   0   0          0   0   0   0   0   0   0
F34     0   0   0   0          0   0   0   0          0   0   0   0   0   0   0
F34_1   0   0   0   0          0   0   0   0          0   0   0   0   0   0   0
F34_2   0   0   0   0          0   0   0   0          0   0   0   0   0   0   0
F34_3   0   0   0   0          0   0   0   0          0   0   0   0   0   0   0
F35     0   0   0   0          0   0   0   0          0   0   0   0   0   0   0
F35_1   0   0   0   0          0   0   0   0          0   0   0   0   0   0   0
F35_2   0   0   0   0          0   0   0   0          0   0   0   0   0   0   0
F35_3   0   0   0   0          0   0   0   0          0   0   0   0   0   0   0
F36     0   0   0   0          0   0   0   0          0   0   0   0   0   0   0
F36_1   0   0   0   0          0   0   0   0          0   0   0   0   0   0   0
F36_2   0   0   0   0          0   0   0   0          0   0   0   0   0   0   0
F36_3   0   0   0   0          0   0   0   0          0   0   0   0   0   0   0
F37     0   0   0   0          0   0   0   0          0   0   0   0   0   0   0
F37_1   0   0   0   0          0   0   0   0          0   0   0   0   0   0   0
F37_2   0   0   0   0          0   0   0   0          0   0   0   0   0   0   0
F37_3   0   0   0   0          0   0   0   0          0   0   0   0   0   0   0
F38     0   0   0   0          0   0   0   0          0   0   0   0   0   0   0
F38_1   0   0   0   0          0   0   0   0          0   0   0   0   0   0   0
F38_2   0   0   0   0          0   0   0   0          0   0   0   0   0   0   0
F38_3   0   0   0   0          0   0   0   0          0   0   0   0   0   0   0
F39     0   0   0   0          0   0   0   0          0   0   1   0   0   0   0
F39_1   0   0   0   0          0   0   0   0          0   0   0   0   0   0   0
F39_2   0   0   0   0          0   0   0   0          0   0   0   0   0   0   0
F39_3   0   0   0   0          0   0   0   0          0   0   0   0   0   0   0
F40     0   0   0   0          0   0   0   0          0   0   0   0   0   0   0
F40_1   0   0   0   0          0   0   0   0          0   0   0   0   0   0   0
F40_2   0   0   0   0          0   0   0   0          0   0   0   0   0   0   0
F40_3   0   0   0   0          0   0   0   0          0   0   0   0   0   0   0
F41     0   0   0   0          0   0   0   0          0   0   0   0   0   0   0
F41_1   0   0   0   0          0   0   0   0          0   0   0   0   0   0   0
F41_2   0   0   0   0          0   0   0   0          0   0   0   0   0   0   0
F41_3   0   0   0   0          0   0   0   0          0   0   0   0   0   0   0
F42     0   0   0   0          0   0   0   0          0   0   0   0   0   0   0
F42_1   0   0   0   0          0   0   0   0          0   0   0   0   0   0   0
F42_2   0   0   0   0          0   0   0   0          0   0   0   0   0   0   0
F42_3   0   0   0   0          0   0   0   0          0   0   0   0   0   0   0
F43     0   0   0   0          0   0   0   0          0   0   0   0   0   0   0
F43_1   0   0   0   0          0   0   0   0          0   0   0   0   0   0   0
F43_2   0   0   0   0          0   0   0   0          0   0   0   0   0   0   0
F43_3   0   0   0   0          0   0   0   0          0   0   0   0   0   0   0
F44     0   0   0   0          0   0   0   0          0   0   0   0   0   0   0
F44_1   0   0   0   0          0   0   0   0          0   0   0   0   0   0   0
F44_2   0   0   0   0          0   0   0   0          0   0   0   0   0   0   0
F44_3   0   0   0   0          0   0   0   0          0   0   0   0   0   0   0
F45     0   0   0   0          0   0   0   0          0   0   0   0   0   0   0
F45_1   0   1   0   0          0   0   0   0          0   0   0   0   0   0   0
F45_2   0   0   0   0          0   0   0   0          0   0   0   0   0   0   0
F45_3   0   0   0   0          0   0   0   0          0   0   0   0   0   0   0
F46     0   0   0   0          0   0   0   0          0   0   0   0   0   0   0
F46_1   0   0   0   0          0   0   0   0          0   0   0   0   0   0   0
F46_2   0   0   0   0          0   0   0   0          0   0   0   0   0   0   0
F46_3   0   0   0   0          0   0   0   0          0   0   0   0   0   0   0
N0      0   0   0   0          1   0   0   0.999999   0   0   0   0   0   0   0
Nσ      0   0   0   0          0   0   0   0          0   0   0   0   0   0   0

# $2 = F27_2
# $3 = F27_3
# $5 = F28_1
# $6 = F28_2
# $7 = F28_3
# $9 = F29_1
# $10 = F29_2
# $11 = F29_3
# $13 = F30_1
# $14 = F30_2
# $15 = F30_3
# $17 = F31_1
# $18 = F31_2
:     F27_1  $2  $3 F28  $5  $6  $7 F29  $9 $10 $11 F30 $13 $14 $15 F31 $17 $18 :=
C1       0    0   0   0   0   0   0   0   0   0   0   0   0   0   0   0   0   0
C10      0    0   0   0   0   0   0   0   0   0   0   0   0   0   0   0   0   0
C11      0    0   0   0   0   0   0   0   0   0   0   0   0   0   0   0   0   0
C12      0    0   0   0   0   0   0   0   0   0   0   0   0   0   0   0   0   0
C13      0    0   0   0   0   0   0   0   0   0   0   0   0   0   0   0   0   0
C14      0    0   0   0   0   0   0   0   0   0   0   0   0   0   0   0   0   0
C15      0    0   0   0   0   0   0   1   0   0   0   0   0   0   0   0   0   0
C16      0    0   0   0   0   0   0   0   0   0   0   0   0   0   0   0   0   0
C17      0    0   0   0   0   0   0   0   0   0   0   0   0   0   0   0   0   0
C18      0    0   0   0   0   0   0   0   0   0   0   0   0   0   0   0   0   0
C19      0    0   0   0   0   0   0   0   0   0   0   0   0   0   0   0   0   0
C2       0    0   0   0   0   0   0   0   0   0   0   0   0   0   0   0   0   0
C20      0    0   0   0   0   0   0   0   0   0   0   0   0   0   0   0   0   0
C21      0    0   0   0   0   0   0   0   0   0   0   0   0   0   0   0   0   0
C22      0    0   0   0   0   0   0   0   0   0   0   0   0   0   0   0   0   0
C23      0    0   0   0   0   0   0   0   0   0   0   0   0   0   0   0   0   0
C24      0    0   0   0   0   0   0   0   0   0   0   0   0   0   0   0   0   0
C25      0    0   0   0   0   0   0   0   0   0   0   0   0   0   0   0   0   0
C3       0    0   0   0   0   0   0   0   0   0   0   0   0   0   0   0   0   0
C4       0    0   0   0   0   0   0   0   0   0   0   0   0   0   0   0   0   0
C5       0    0   0   0   0   0   0   0   0   0   0   0   0   0   0   0   0   0
C6       0    0   0   0   0   0   0   0   0   0   0   0   0   0   0   0   0   0
C7       0    0   0   0   0   0   0   0   0   0   0   0   0   0   0   0   0   0
C8       0    0   0   0   0   0   0   0   0   0   0   0   0   0   0   0   0   0
C9       0    0   0   0   0   0   0   0   0   0   0   0   0   0   0   0   0   0
F26      0    0   0   0   0   0   0   0   0   0   0   0   0   0   0   0   0   0
F26_1    0    0   0   0   0   0   0   0   0   0   0   0   0   0   0   0   0   0
F26_2    0    0   0   0   0   0   0   0   0   0   0   0   0   0   0   0   0   0
F26_3    0    0   0   0   0   0   0   0   0   0   0   0   0   0   0   0   0   0
F27      0    0   0   0   0   0   0   0   0   0   0   0   0   0   0   0   0   0
F27_1    .    0   0   0   0   0   0   0   0   0   0   0   0   0   0   0   0   0
F27_2    0    .   0   0   0   0   0   0   0   0   0   0   0   0   0   0   0   0
F27_3    0    0   .   0   0   0   0   0   0   0   0   0   0   0   0   0   0   0
F28      0    0   0   .   0   0   0   0   0   0   0   0   0   0   0   0   0   0
F28_1    0    0   0   0   .   0   0   0   0   0   0   0   0   0   0   0   0   0
F28_2    0    0   0   0   0   .   0   0   0   0   0   0   0   0   0   0   0   0
F28_3    0    0   0   0   0   0   .   0   0   0   0   0   0   0   0   0   0   0
F29      0    0   0   0   0   0   0   .   1   0   0   0   0   0   0   0   0   0
F29_1    0    0   0   0   0   0   0   0   .   0   0   0   0   0   0   0   0   0
F29_2    0    0   0   0   0   0   0   0   0   .   0   0   0   0   0   0   0   0
F29_3    0    0   0   0   0   0   0   0   0   0   .   0   0   0   0   0   0   0
F30      0    0   0   0   0   0   0   0   0   0   0   .   0   0   0   0   0   0
F30_1    0    0   0   0   0   0   0   0   0   0   0   0   .   0   0   0   0   0
F30_2    0    0   0   0   0   0   0   0   0   0   0   0   0   .   0   0   0   0
F30_3    0    0   0   0   0   0   0   0   0   0   0   0   0   0   .   0   0   0
F31      0    0   0   0   0   0   0   0   0   0   0   0   0   0   0   .   0   0
F31_1    0    0   0   0   0   0   0   0   0   0   0   0   0   0   0   0   .   0
F31_2    0    0   0   0   0   0   0   0   0   0   0   0   0   0   0   0   0   .
F31_3    0    0   0   0   0   0   0   0   0   0   0   0   0   0   0   0   0   0
F32      0    0   0   0   0   0   0   0   0   0   0   0   0   0   0   0   0   0
F32_1    0    0   0   0   0   0   0   0   0   0   0   0   0   0   0   0   0   0
F32_2    0    0   0   0   0   0   0   0   0   0   0   0   0   0   0   0   0   0
F32_3    0    0   0   0   0   0   0   0   0   0   0   0   0   0   0   0   0   0
F33      0    0   0   0   0   0   0   0   0   0   0   0   0   0   0   0   0   0
F33_1    0    0   0   0   0   0   0   0   0   0   0   0   0   0   0   0   0   0
F33_2    0    0   0   0   0   0   0   0   0   0   0   0   0   0   0   0   0   0
F33_3    0    0   0   0   0   0   0   0   0   0   0   0   0   0   0   0   0   0
F34      0    0   0   0   0   0   0   0   0   0   0   0   0   0   0   0   0   0
F34_1    0    0   0   0   0   0   0   0   0   0   0   0   0   0   0   0   0   0
F34_2    0    0   0   0   0   0   0   0   0   0   0   0   0   0   0   0   0   0
F34_3    0    0   0   0   0   0   0   0   0   0   0   0   0   0   0   0   0   0
F35      0    0   0   0   0   0   0   0   0   0   0   0   0   0   0   0   0   0
F35_1    0    0   0   0   0   0   0   0   0   0   0   0   0   0   0   0   0   0
F35_2    0    0   0   0   0   0   0   0   0   0   0   0   0   0   0   0   0   0
F35_3    0    0   0   0   0   0   0   0   0   0   0   0   0   0   0   0   0   0
F36      0    0   0   0   0   0   0   0   0   0   0   0   0   0   0   0   0   0
F36_1    0    0   0   0   0   0   0   0   0   0   0   0   0   0   0   0   0   0
F36_2    0    0   0   0   0   0   0   0   0   0   0   0   0   0   0   0   0   0
F36_3    0    0   0   0   0   0   0   0   0   0   0   0   0   0   0   0   0   0
F37      0    0   0   0   0   0   0   0   0   0   0   0   0   0   0   0   0   0
F37_1    0    0   0   0   0   0   0   0   0   0   0   0   0   0   0   0   0   0
F37_2    0    0   0   0   0   0   0   0   0   0   0   0   0   0   0   0   0   0
F37_3    0    0   0   0   0   0   0   0   0   0   0   0   0   0   0   0   0   0
F38      0    0   0   0   0   0   0   0   0   0   0   0   0   0   0   0   0   0
F38_1    0    0   0   0   0   0   0   0   0   0   0   0   0   0   0   0   0   0
F38_2    0    0   0   0   0   0   0   0   0   0   0   0   0   0   0   0   0   0
F38_3    0    0   0   0   0   0   0   0   0   0   0   0   0   0   0   0   0   0
F39      0    0   0   0   0   0   0   0   0   0   0   0   0   0   0   0   0   0
F39_1    0    0   0   0   0   0   0   0   0   0   0   0   0   0   0   0   0   0
F39_2    0    0   0   0   0   0   0   0   0   0   0   0   0   0   0   0   0   0
F39_3    0    0   0   0   0   0   0   0   0   0   0   0   0   0   0   0   0   0
F40      0    0   0   0   0   0   0   0   0   0   0   0   0   0   0   0   0   0
F40_1    0    0   0   0   0   0   0   0   0   0   0   0   0   0   0   0   0   0
F40_2    0    0   0   0   0   0   0   0   0   0   0   0   0   0   0   0   0   0
F40_3    0    0   0   0   0   0   0   0   0   0   0   0   0   0   0   0   0   0
F41      0    0   0   0   0   0   0   0   0   0   0   0   0   0   0   0   0   0
F41_1    0    0   0   0   0   0   0   0   0   0   0   0   0   0   0   0   0   0
F41_2    0    0   0   0   0   0   0   0   0   0   0   0   0   0   0   0   0   0
F41_3    0    0   0   0   0   0   0   0   0   0   0   0   0   0   0   0   0   0
F42      0    0   0   0   0   0   0   0   0   0   0   0   0   0   0   0   0   0
F42_1    0    0   0   0   0   0   0   0   0   0   0   0   0   0   0   0   0   0
F42_2    0    0   0   0   0   0   0   0   0   0   0   0   0   0   0   0   0   0
F42_3    0    0   0   0   0   0   0   0   0   0   0   0   0   0   0   0   0   0
F43      0    0   0   0   0   0   0   0   0   0   0   0   0   0   0   0   0   0
F43_1    0    0   0   0   0   0   0   0   0   0   0   0   0   0   0   0   0   0
F43_2    0    0   0   0   0   0   0   0   0   0   0   0   0   0   0   0   0   0
F43_3    0    0   0   0   0   0   0   0   0   0   0   0   0   0   0   0   0   0
F44      0    0   0   0   0   0   0   0   0   0   0   0   0   0   0   0   0   0
F44_1    0    0   0   0   0   0   0   0   0   0   0   0   0   0   0   0   0   0
F44_2    0    0   0   0   0   0   0   0   0   0   0   0   0   0   0   0   0   0
F44_3    0    0   0   0   0   0   0   0   0   0   0   0   0   0   0   0   0   0
F45      0    0   0   0   0   0   0   0   0   0   0   0   0   0   0   0   0   0
F45_1    0    0   0   0   0   0   0   0   0   0   0   0   0   0   0   0   0   0
F45_2    0    0   0   0   0   0   0   0   0   0   0   0   0   0   0   0   0   0
F45_3    0    0   0   0   0   0   0   0   0   0   0   0   0   0   0   0   0   0
F46      0    0   0   0   0   0   0   0   0   0   0   0   0   0   0   0   0   0
F46_1    0    0   0   0   0   0   0   0   0   0   0   0   0   0   0   0   0   0
F46_2    0    0   0   0   0   0   0   0   0   0   0   0   0   0   0   0   0   0
F46_3    0    0   0   0   0   0   0   0   0   0   0   0   0   0   0   0   0   0
N0       0    0   0   0   0   0   0   0   0   0   0   0   0   0   0   0   0   0
Nσ       0    0   0   0   0   0   0   0   0   0   0   0   0   0   0   0   0   0

# $3 = F32_1
# $4 = F32_2
# $5 = F32_3
# $7 = F33_1
# $8 = F33_2
# $9 = F33_3
# $11 = F34_1
# $12 = F34_2
# $13 = F34_3
# $15 = F35_1
# $16 = F35_2
# $17 = F35_3
:     F31_3 F32  $3  $4  $5 F33  $7  $8  $9 F34 $11 $12 $13 F35 $15 $16 $17 F36 :=
C1       0    0   0   0   0   0   0   0   0   0   0   0   0   0   0   0   0   0
C10      0    0   0   0   0   0   0   0   0   0   0   0   0   0   0   0   0   0
C11      0    0   0   0   0   0   0   0   0   0   0   0   0   0   0   0   0   0
C12      0    0   0   0   0   0   0   0   0   0   0   0   0   0   0   0   0   0
C13      0    0   0   0   0   0   0   0   0   0   0   0   0   0   0   0   0   0
C14      0    0   0   0   0   0   0   0   0   0   0   0   0   0   0   0   0   0
C15      0    0   0   0   0   0   0   0   0   0   0   0   0   0   0   0   0   0
C16      0    0   0   0   0   0   0   0   0   0   0   0   0   0   0   0   0   0
C17      0    0   0   0   0   0   0   0   0   0   0   0   0   0   0   0   0   0
C18      0    0   0   0   0   0   0   0   0   0   0   0   0   0   0   0   0   0
C19      0    0   0   0   0   0   0   0   0   0   0   0   0   0   0   0   0   0
C2       0    0   0   0   0   0   0   0   0   0   0   0   0   0   0   0   0   0
C20      0    0   0   0   0   0   0   0   0   0   0   0   0   0   0   0   0   0
C21      0    0   0   0   0   0   0   0   0   0   0   0   0   0   0   0   0   0
C22      0    0   0   0   0   0   0   0   0   0   0   0   0   0   0   0   0   0
C23      0    0   0   0   0   0   0   0   0   0   0   0   0   0   0   0   0   0
C24      0    0   0   0   0   0   0   0   0   0   0   0   0   0   0   0   0   0
C25      0    0   0   0   0   0   0   0   0   0   0   0   0   0   0   0   0   0
C3       0    0   0   0   0   0   0   0   0   0   0   0   0   0   0   0   0   0
C4       0    0   0   0   0   0   0   0   0   0   0   0   0   0   0   0   0   0
C5       0    0   0   0   0   0   0   0   1   0   0   0   0   0   0   0   0   0
C6       0    0   0   0   0   0   0   0   0   0   0   0   0   0   0   0   0   0
C7       0    0   0   0   0   0   0   0   0   0   0   0   0   0   0   0   0   0
C8       0    0   0   0   0   0   0   0   0   0   0   0   0   0   0   0   0   0
C9       0    0   0   0   0   0   0   0   0   0   0   0   0   0   0   0   0   0
F26      0    0   0   0   0   0   0   0   0   0   0   0   0   0   0   0   0   0
F26_1    0    0   0   0   0   0   0   0   0   0   0   0   0   0   0   0   0   0
F26_2    0    0   0   0   0   0   0   0   0   0   0   0   0   0   0   0   0   0
F26_3    0    0   0   0   0   0   0   0   0   0   0   0   0   0   0   0   0   0
F27      0    0   0   0   0   0   0   0   0   0   0   0   0   0   0   0   0   0
F27_1    0    0   0   0   0   0   0   0   0   0   0   0   0   0   0   0   0   0
F27_2    0    0   0   0   0   0   0   0   0   0   0   0   0   0   0   0   0   0
F27_3    0    0   0   0   0   0   0   0   0   0   0   0   0   0   0   0   0   0
F28      0    0   0   0   0   0   0   0   0   0   0   0   0   0   0   0   0   0
F28_1    0    0   0   0   0   0   0   0   0   0   0   0   0   0   0   0   0   0
F28_2    0    0   0   0   0   0   0   0   0   0   0   0   0   0   0   0   0   0
F28_3    0    0   0   0   0   0   0   0   0   0   0   0   0   0   0   0   0   0
F29      0    0   0   0   0   0   0   0   0   0   0   0   0   0   0   0   0   0
F29_1    0    0   0   0   0   0   0   0   0   0   0   0   0   0   0   0   0   0
F29_2    0    0   0   0   0   0   0   0   0   0   0   0   0   0   0   0   0   0
F29_3    0    0   0   0   0   0   0   0   0   0   0   0   0   0   0   0   0   0
F30      0    0   0   0   0   0   0   0   0   0   0   0   0   0   0   0   0   0
F30_1    0    0   0   0   0   0   0   0   0   0   0   0   0   0   0   0   0   0
F30_2    0    0   0   0   0   0   0   0   0   0   0   0   0   0   0   0   0   0
F30_3    0    0   0   0   0   0   0   0   0   0   0   0   0   0   0   0   0   0
F31      0    0   0   0   0   0   0   0   0   0   0   0   0   0   0   0   0   0
F31_1    0    0   0   0   0   0   0   0   0   0   0   0   0   0   0   0   0   0
F31_2    0    0   0   0   0   0   0   0   0   0   0   0   0   0   0   0   0   0
F31_3    .    0   0   0   0   0   0   0   0   0   0   0   0   0   0   0   0   0
F32      0    .   0   0   0   0   0   0   0   0   0   0   0   0   0   0   0   0
F32_1    0    0   .   0   0   0   0   0   0   0   0   0   0   0   0   0   0   0
F32_2    0    0   0   .   0   0   0   0   0   0   0   0   0   0   0   0   0   0
F32_3    0    0   0   0   .   0   0   0   0   0   0   0   0   0   0   0   0   0
F33      0    0   0   0   0   .   0   0   0   0   0   0   0   0   0   0   0   0
F33_1    0    0   0   0   0   0   .   0   0   0   0   0   0   0   0   0   0   0
F33_2    0    0   0   0   0   0   0   .   0   0   0   0   0   0   0   0   0   0
F33_3    0    0   0   0   0   0   0   0   .   0   0   0   0   0   0   0   0   0
F34      0    0   0   0   0   0   0   0   0   .   0   0   0   0   0   0   0   0
F34_1    0    0   0   0   0   0   0   0   0   0   .   0   0   0   0   0   0   0
F34_2    0    0   0   0   0   0   0   0   0   0   0   .   0   0   0   0   0   0
F34_3    0    0   0   0   0   0   0   0   0   0   0   0   .   0   0   0   0   0
F35      0    0   0   0   0   0   0   0   0   0   0   0   0   .   0   0   0   0
F35_1    0    0   0   0   0   0   0   0   0   0   0   0   0   0   .   0   0   0
F35_2    0    0   0   0   0   0   0   0   0   0   0   0   0   0   0   .   0   0
F35_3    0    0   0   0   0   0   0   0   0   0   0   0   0   0   0   0   .   0
F36      0    0   0   0   0   0   0   0   0   0   0   0   0   0   0   0   0   .
F36_1    0    0   0   0   0   0   0   0   0   0   0   0   0   0   0   0   0   0
F36_2    0    0   0   0   0   0   0   0   0   0   0   0   0   0   0   0   0   0
F36_3    0    0   0   0   0   0   0   0   0   0   0   0   0   0   0   0   0   0
F37      0    0   0   0   0   0   0   0   0   0   0   0   0   0   0   0   0   0
F37_1    0    0   0   0   0   0   0   0   0   0   0   0   0   0   0   0   0   0
F37_2    0    0   0   0   0   0   0   0   0   0   0   0   0   0   0   0   0   0
F37_3    0    0   0   0   0   0   0   0   0   0   0   0   0   0   0   0   0   0
F38      0    0   0   0   0   0   0   0   0   0   0   0   0   0   0   0   0   0
F38_1    0    0   0   0   0   0   0   0   0   0   0   0   0   0   0   0   0   0
F38_2    0    0   0   0   0   0   0   0   0   0   0   0   0   0   0   0   0   0
F38_3    0    0   0   0   0   0   0   0   0   0   0   0   0   0   0   0   0   0
F39      0    0   0   0   0   0   0   0   0   0   0   0   0   0   0   0   0   0
F39_1    0    0   0   0   0   0   0   0   0   0   0   0   0   0   0   0   0   0
F39_2    0    0   0   0   0   0   0   0   0   0   0   0   0   0   0   0   0   0
F39_3    0    0   0   0   0   0   0   0   0   0   0   0   0   0   0   0   0   0
F40      0    0   0   0   0   0   0   0   0   0   0   0   0   0   0   0   0   0
F40_1    0    0   0   0   0   0   0   0   0   0   0   0   0   0   0   0   0   0
F40_2    0    0   0   0   0   0   0   0   0   0   0   0   0   0   0   0   0   0
F40_3    0    0   0   0   0   0   0   0   0   0   0   0   0   0   0   0   0   0
F41      0    0   0   0   0   0   0   0   0   0   0   0   0   0   0   0   0   0
F41_1    0    0   0   0   0   0   0   0   0   0   0   0   0   0   0   0   0   0
F41_2    0    0   0   0   0   0   0   0   0   0   0   0   0   0   0   0   0   0
F41_3    0    0   0   0   0   0   0   0   0   0   0   0   0   0   0   0   0   0
F42      0    0   0   0   0   0   0   0   0   0   0   0   0   0   0   0   0   0
F42_1    0    0   0   0   0   0   0   0   0   0   0   0   0   0   0   0   0   0
F42_2    0    0   0   0   0   0   0   0   0   0   0   0   0   0   0   0   0   0
F42_3    0    0   0   0   0   0   0   0   0   0   0   0   0   0   0   0   0   0
F43      0    0   0   0   0   0   0   0   0   0   0   0   0   0   0   0   0   0
F43_1    0    0   0   0   0   0   0   0   0   0   0   0   0   0   0   0   0   0
F43_2    0    0   0   0   0   0   0   0   0   0   0   0   0   0   0   0   0   0
F43_3    0    0   0   0   0   0   0   0   0   0   0   0   0   0   0   0   0   0
F44      0    0   0   0   0   0   0   0   0   0   0   0   0   0   0   0   0   0
F44_1    0    0   0   0   0   0   0   0   0   0   0   0   0   0   0   0   0   0
F44_2    0    0   0   0   0   0   0   0   0   0   0   0   0   0   0   0   0   0
F44_3    0    0   0   0   0   0   0   0   0   0   0   0   0   0   0   0   0   0
F45      0    0   0   0   0   0   0   0   0   0   0   0   0   0   0   0   0   0
F45_1    0    0   0   0   0   0   0   0   0   0   0   0   0   0   0   0   0   0
F45_2    0    0   0   0   0   0   0   0   0   0   0   0   0   0   0   0   0   0
F45_3    0    0   0   0   0   0   0   0   0   0   0   0   0   0   0   0   0   0
F46      0    0   0   0   0   0   0   0   0   0   0   0   0   0   0   0   0   0
F46_1    0    0   0   0   0   0   0   0   0   0   0   0   0   0   0   0   0   0
F46_2    0    0   0   0   0   0   0   0   0   0   0   0   0   0   0   0   0   0
F46_3    0    0   0   0   0   0   0   0   0   0   0   0   0   0   0   0   0   0
N0       0    0   0   0   0   0   0   0   0   0   0   0   0   0   0   0   0   0
Nσ       0    0   0   0   0   0   0   0   0   0   0   0   0   0   0   0   0   0

# $2 = F36_2
# $3 = F36_3
# $5 = F37_1
# $6 = F37_2
# $7 = F37_3
# $9 = F38_1
# $10 = F38_2
# $11 = F38_3
# $13 = F39_1
# $14 = F39_2
# $15 = F39_3
# $17 = F40_1
# $18 = F40_2
:     F36_1  $2  $3 F37  $5  $6  $7 F38  $9 $10 $11 F39 $13 $14 $15 F40 $17 $18 :=
C1       0    0   0   0   0   0   0   0   0   0   0   0   0   0   0   0   0   0
C10      0    0   0   0   0   0   0   0   0   0   0   0   0   0   0   0   0   0
C11      0    0   0   0   0   0   0   0   0   0   0   0   0   0   0   0   0   0
C12      0    0   0   0   0   0   0   0   0   0   0   0   0   0   0   0   0   0
C13      0    0   0   0   0   0   0   0   0   0   0   0   0   0   0   0   0   0
C14      0    0   0   0   0   0   0   0   0   0   0   0   0   0   0   0   0   0
C15      0    0   0   0   0   0   0   0   0   0   0   0   0   0   0   0   0   0
C16      0    0   0   0   0   0   0   0   0   0   0   0   0   0   0   0   0   0
C17      0    0   0   0   0   0   0   0   0   0   0   0   0   0   0   0   0   0
C18      0    0   0   0   0   0   0   0   0   0   0   0   0   0   0   0   0   0
C19      0    0   0   0   0   0   0   0   0   0   0   0   0   0   0   0   0   0
C2       0    0   0   0   0   0   0   0   0   0   0   0   0   0   0   0   0   0
C20      0    0   0   0   0   0   0   0   0   0   0   0   0   0   0   0   0   0
C21      0    0   0   0   0   0   0   0   0   0   0   0   0   0   0   0   0   0
C22      0    0   0   0   0   0   0   0   0   0   0   0   0   0   0   0   0   0
C23      0    0   0   0   0   0   0   0   0   0   0   1   0   0   0   0   0   0
C24      0    0   0   0   0   0   0   0   0   0   0   0   0   0   0   0   0   0
C25      0    0   0   0   0   0   0   0   0   0   0   0   0   0   0   0   0   0
C3       0    0   0   0   0   0   0   0   0   0   0   0   0   0   0   0   0   0
C4       0    0   0   0   0   0   0   0   0   0   0   0   0   0   0   0   0   0
C5       0    0   0   0   0   0   0   0   0   0   0   0   0   0   0   0   0   0
C6       0    0   0   0   0   0   0   0   0   0   0   0   0   0   0   0   0   0
C7       0    0   0   0   0   0   0   0   0   0   0   0   0   0   0   0   0   0
C8       0    0   0   0   0   0   0   0   0   0   0   0   0   0   0   0   0   0
C9       0    0   0   0   0   0   0   0   0   0   0   0   0   0   0   0   0   0
F26      0    0   0   0   0   0   0   0   0   0   0   0   0   0   0   0   0   0
F26_1    0    0   0   0   0   0   0   0   0   0   0   0   0   0   0   0   0   0
F26_2    0    0   0   0   0   0   0   0   0   0   0   0   0   0   0   0   0   0
F26_3    0    0   0   0   0   0   0   0   0   0   0   0   0   0   0   0   0   0
F27      0    0   0   0   0   0   0   0   0   0   0   0   0   0   0   0   0   0
F27_1    0    0   0   0   0   0   0   0   0   0   0   0   0   0   0   0   0   0
F27_2    0    0   0   0   0   0   0   0   0   0   0   0   0   0   0   0   0   0
F27_3    0    0   0   0   0   0   0   0   0   0   0   0   0   0   0   0   0   0
F28      0    0   0   0   0   0   0   0   0   0   0   0   0   0   0   0   0   0
F28_1    0    0   0   0   0   0   0   0   0   0   0   0   0   0   0   0   0   0
F28_2    0    0   0   0   0   0   0   0   0   0   0   0   0   0   0   0   0   0
F28_3    0    0   0   0   0   0   0   0   0   0   0   0   0   0   0   0   0   0
F29      0    0   0   0   0   0   0   0   0   0   0   0   0   0   0   0   0   0
F29_1    0    0   0   0   0   0   0   0   0   0   0   0   0   0   0   0   0   0
F29_2    0    0   0   0   0   0   0   0   0   0   0   0   0   0   0   0   0   0
F29_3    0    0   0   0   0   0   0   0   0   0   0   0   0   0   0   0   0   0
F30      0    0   0   0   0   0   0   0   0   0   0   0   0   0   0   0   0   0
F30_1    0    0   0   0   0   0   0   0   0   0   0   0   0   0   0   0   0   0
F30_2    0    0   0   0   0   0   0   0   0   0   0   0   0   0   0   0   0   0
F30_3    0    0   0   0   0   0   0   0   0   0   0   0   0   0   0   0   0   0
F31      0    0   0   0   0   0   0   0   0   0   0   0   0   0   0   0   0   0
F31_1    0    0   0   0   0   0   0   0   0   0   0   0   0   0   0   0   0   0
F31_2    0    0   0   0   0   0   0   0   0   0   0   0   0   0   0   0   0   0
F31_3    0    0   0   0   0   0   0   0   0   0   0   0   0   0   0   0   0   0
F32      0    0   0   0   0   0   0   0   0   0   0   0   0   0   0   0   0   0
F32_1    0    0   0   0   0   0   0   0   0   0   0   0   0   0   0   0   0   0
F32_2    0    0   0   0   0   0   0   0   0   0   0   0   0   0   0   0   0   0
F32_3    0    0   0   0   0   0   0   0   0   0   0   0   0   0   0   0   0   0
F33      0    0   0   0   0   0   0   0   0   0   0   0   0   0   0   0   0   0
F33_1    0    0   0   0   0   0   0   0   0   0   0   0   0   0   0   0   0   0
F33_2    0    0   0   0   0   0   0   0   0   0   0   0   0   0   0   0   0   0
F33_3    0    0   0   0   0   0   0   0   0   0   0   0   0   0   0   0   0   0
F34      0    0   0   0   0   0   0   0   0   0   0   0   0   0   0   0   0   0
F34_1    0    0   0   0   0   0   0   0   0   0   0   0   0   0   0   0   0   0
F34_2    0    0   0   0   0   0   0   0   0   0   0   0   0   0   0   0   0   0
F34_3    0    0   0   0   0   0   0   0   0   0   0   0   0   0   0   0   0   0
F35      0    0   0   0   0   0   0   0   0   0   0   0   0   0   0   0   0   0
F35_1    0    0   0   0   0   0   0   0   0   0   0   0   0   0   0   0   0   0
F35_2    0    0   0   0   0   0   0   0   0   0   0   0   0   0   0   0   0   0
F35_3    0    0   0   0   0   0   0   0   0   0   0   0   0   0   0   0   0   0
F36      0    0   0   0   0   0   0   0   0   0   0   0   0   0   0   0   0   0
F36_1    .    0   0   0   0   0   0   0   0   0   0   0   0   0   0   0   0   0
F36_2    0    .   0   0   0   0   0   0   0   0   0   0   0   0   0   0   0   0
F36_3    0    0   .   0   0   0   0   0   0   0   0   0   0   0   0   0   0   0
F37      0    0   0   .   0   0   0   0   0   0   0   0   0   0   0   0   0   0
F37_1    0    0   0   0   .   0   1   0   0   0   0   0   0   0   0   0   0   0
F37_2    0    0   0   0   0   .   0   0   0   0   0   0   0   0   0   0   0   0
F37_3    0    0   0   0   1   0   .   0   0   0   0   0   0   0   0   0   0   0
F38      0    0   0   0   0   0   0   .   0   0   0   0   0   0   0   0   0   0
F38_1    0    0   0   0   0   0   0   0   .   0   0   0   0   0   0   0   0   0
F38_2    0    0   0   0   0   0   0   0   0   .   0   0   0   0   0   0   0   0
F38_3    0    0   0   0   0   0   0   0   0   0   .   0   0   0   0   0   0   0
F39      0    0   0   0   0   0   0   0   0   0   0   .   0   0   0   0   0   0
F39_1    0    0   0   0   0   0   0   0   0   0   0   0   .   0   0   0   0   0
F39_2    0    0   0   0   0   0   0   0   0   0   0   0   0   .   0   0   0   0
F39_3    0    0   0   0   0   0   0   0   0   0   0   0   0   0   .   0   0   0
F40      0    0   0   0   0   0   0   0   0   0   0   0   0   0   0   .   0   0
F40_1    0    0   0   0   0   0   0   0   0   0   0   0   0   0   0   0   .   0
F40_2    0    0   0   0   0   0   0   0   0   0   0   0   0   0   0   0   0   .
F40_3    0    0   0   0   0   0   0   0   0   0   0   0   0   0   0   0   0   0
F41      0    0   0   0   0   0   0   0   0   0   0   0   0   0   0   0   0   0
F41_1    0    0   0   0   0   0   0   0   0   0   0   0   0   0   0   0   0   0
F41_2    0    0   0   0   0   0   0   0   0   0   0   0   0   0   0   0   0   0
F41_3    0    0   0   0   0   0   0   0   0   0   0   0   0   0   0   0   0   0
F42      0    0   0   0   0   0   0   0   0   0   0   0   0   0   0   0   0   0
F42_1    0    0   0   0   0   0   0   0   0   0   0   0   0   0   0   0   0   0
F42_2    0    0   0   0   0   0   0   0   0   0   0   0   0   0   0   0   0   0
F42_3    0    0   0   0   0   0   0   0   0   0   0   0   0   0   0   0   0   0
F43      0    0   0   0   0   0   0   0   0   0   0   0   0   0   0   0   0   0
F43_1    0    0   0   0   0   0   0   0   0   0   0   0   0   0   0   0   0   0
F43_2    0    0   0   0   0   0   0   0   0   0   0   0   0   0   0   0   0   0
F43_3    0    0   0   0   0   0   0   0   0   0   0   0   0   0   0   0   0   0
F44      0    0   0   0   0   0   0   0   0   0   0   0   0   0   0   0   0   0
F44_1    0    0   0   0   0   0   0   0   0   0   0   0   0   0   0   0   0   0
F44_2    0    0   0   0   0   0   0   0   0   0   0   0   0   0   0   0   0   0
F44_3    0    0   0   0   0   0   0   0   0   0   0   0   0   0   0   0   0   0
F45      0    0   0   0   0   0   0   0   0   0   0   0   0   0   0   0   0   0
F45_1    0    0   0   0   0   0   0   0   0   0   0   0   0   0   0   0   0   0
F45_2    0    0   0   0   0   0   0   0   0   0   0   0   0   0   0   0   0   0
F45_3    0    0   0   0   0   0   0   0   0   0   0   0   0   0   0   0   0   0
F46      0    0   0   0   0   0   0   0   0   0   0   0   0   0   0   0   0   0
F46_1    0    0   0   0   0   0   0   0   0   0   0   0   0   0   0   0   0   0
F46_2    0    0   0   0   0   0   0   0   0   0   0   0   0   0   0   0   0   0
F46_3    0    0   0   0   0   0   0   0   0   0   0   0   0   0   0   0   0   0
N0       0    0   0   0   0   0   0   0   0   0   0   0   0   0   0   0   0   0
Nσ       0    0   0   0   0   0   0   0   0   0   0   0   0   0   0   0   0   0

# $3 = F41_1
# $4 = F41_2
# $5 = F41_3
# $7 = F42_1
# $8 = F42_2
# $9 = F42_3
# $11 = F43_1
# $12 = F43_2
# $13 = F43_3
# $15 = F44_1
# $16 = F44_2
# $17 = F44_3
:     F40_3 F41  $3  $4  $5 F42  $7  $8  $9 F43 $11 $12 $13 F44 $15 $16 $17 F45 :=
C1       0    0   0   0   0   0   0   0   0   0   0   0   0   0   0   0   0   0
C10      0    0   0   0   0   0   0   0   0   0   0   0   0   0   0   0   0   0
C11      0    0   0   0   0   0   0   0   0   0   0   0   0   0   0   0   0   0
C12      0    0   0   0   0   0   0   0   0   0   0   0   0   0   0   0   0   0
C13      0    0   0   0   0   0   0   0   0   0   0   0   0   0   0   0   0   0
C14      0    0   0   0   0   0   0   0   0   0   0   0   0   0   0   0   0   0
C15      0    0   0   0   0   0   0   0   0   0   0   0   0   0   0   0   0   0
C16      0    0   0   0   0   0   0   0   0   0   0   0   0   0   0   0   0   0
C17      0    0   0   0   0   0   0   0   0   0   0   0   0   0   0   0   0   0
C18      0    0   0   0   0   0   0   0   0   0   0   0   0   0   0   0   0   0
C19      0    0   0   0   1   0   0   0   0   0   0   0   0   0   0   0   0   0
C2       0    0   0   0   0   0   0   0   0   0   0   0   0   0   0   0   0   0
C20      0    0   0   0   0   0   0   0   0   0   0   0   0   0   0   0   0   0
C21      0    0   0   0   0   0   0   0   0   0   0   0   0   0   0   0   0   0
C22      0    0   0   0   0   0   0   0   0   0   0   0   0   0   0   0   0   0
C23      0    0   0   0   0   0   0   0   0   0   0   0   0   0   0   0   0   0
C24      0    0   0   0   0   0   0   0   0   0   0   0   0   0   0   0   0   0
C25      0    0   0   0   0   0   0   0   0   0   0   0   0   0   0   0   0   0
C3       0    0   0   0   0   0   0   0   0   0   0   0   0   0   0   0   0   0
C4       0    0   0   0   0   0   0   0   0   0   0   0   0   0   0   0   0   0
C5       0    0   0   0   0   0   0   0   0   0   0   0   0   0   0   0   0   0
C6       0    0   0   0   0   0   0   0   0   0   0   0   0   0   0   0   0   0
C7       0    0   0   0   0   0   0   0   0   0   0   0   0   0   0   0   0   0
C8       0    0   0   0   0   0   0   0   0   0   0   0   0   0   0   0   0   0
C9       0    0   0   0   0   0   0   0   0   0   0   0   0   0   0   0   0   0
F26      0    0   0   0   0   0   0   0   0   0   0   0   0   0   0   0   0   0
F26_1    0    0   0   0   0   0   0   0   0   0   0   0   0   0   0   0   0   0
F26_2    0    0   0   0   0   0   0   0   0   0   0   0   0   0   0   0   0   0
F26_3    0    0   0   0   0   0   0   0   0   0   0   0   0   0   0   0   0   0
F27      0    0   0   0   0   0   0   0   0   0   0   0   0   0   0   0   0   0
F27_1    0    0   0   0   0   0   0   0   0   0   0   0   0   0   0   0   0   0
F27_2    0    0   0   0   0   0   0   0   0   0   0   0   0   0   0   0   0   0
F27_3    0    0   0   0   0   0   0   0   0   0   0   0   0   0   0   0   0   0
F28      0    0   0   0   0   0   0   0   0   0   0   0   0   0   0   0   0   0
F28_1    0    0   0   0   0   0   0   0   0   0   0   0   0   0   0   0   0   0
F28_2    0    0   0   0   0   0   0   0   0   0   0   0   0   0   0   0   0   0
F28_3    0    0   0   0   0   0   0   0   0   0   0   0   0   0   0   0   0   0
F29      0    0   0   0   0   0   0   0   0   0   0   0   0   0   0   0   0   0
F29_1    0    0   0   0   0   0   0   0   0   0   0   0   0   0   0   0   0   0
F29_2    0    0   0   0   0   0   0   0   0   0   0   0   0   0   0   0   0   0
F29_3    0    0   0   0   0   0   0   0   0   0   0   0   0   0   0   0   0   0
F30      0    0   0   0   0   0   0   0   0   0   0   0   0   0   0   0   0   0
F30_1    0    0   0   0   0   0   0   0   0   0   0   0   0   0   0   0   0   0
F30_2    0    0   0   0   0   0   0   0   0   0   0   0   0   0   0   0   0   0
F30_3    0    0   0   0   0   0   0   0   0   0   0   0   0   0   0   0   0   0
F31      0    0   0   0   0   0   0   0   0   0   0   0   0   0   0   0   0   0
F31_1    0    0   0   0   0   0   0   0   0   0   0   0   0   0   0   0   0   0
F31_2    0    0   0   0   0   0   0   0   0   0   0   0   0   0   0   0   0   0
F31_3    0    0   0   0   0   0   0   0   0   0   0   0   0   0   0   0   0   0
F32      0    0   0   0   0   0   0   0   0   0   0   0   0   0   0   0   0   0
F32_1    0    0   0   0   0   0   0   0   0   0   0   0   0   0   0   0   0   0
F32_2    0    0   0   0   0   0   0   0   0   0   0   0   0   0   0   0   0   0
F32_3    0    0   0   0   0   0   0   0   0   0   0   0   0   0   0   0   0   0
F33      0    0   0   0   0   0   0   0   0   0   0   0   0   0   0   0   0   0
F33_1    0    0   0   0   0   0   0   0   0   0   0   0   0   0   0   0   0   0
F33_2    0    0   0   0   0   0   0   0   0   0   0   0   0   0   0   0   0   0
F33_3    0    0   0   0   0   0   0   0   0   0   0   0   0   0   0   0   0   0
F34      0    0   0   0   0   0   0   0   0   0   0   0   0   0   0   0   0   0
F34_1    0    0   0   0   0   0   0   0   0   0   0   0   0   0   0   0   0   0
F34_2    0    0   0   0   0   0   0   0   0   0   0   0   0   0   0   0   0   0
F34_3    0    0   0   0   0   0   0   0   0   0   0   0   0   0   0   0   0   0
F35      0    0   0   0   0   0   0   0   0   0   0   0   0   0   0   0   0   0
F35_1    0    0   0   0   0   0   0   0   0   0   0   0   0   0   0   0   0   0
F35_2    0    0   0   0   0   0   0   0   0   0   0   0   0   0   0   0   0   0
F35_3    0    0   0   0   0   0   0   0   0   0   0   0   0   0   0   0   0   0
F36      0    0   0   0   0   0   0   0   0   0   0   0   0   0   0   0   0   0
F36_1    0    0   0   0   0   0   0   0   0   0   0   0   0   0   0   0   0   0
F36_2    0    0   0   0   0   0   0   0   0   0   0   0   0   0   0   0   0   0
F36_3    0    0   0   0   0   0   0   0   0   0   0   0   0   0   0   0   0   0
F37      0    0   0   0   0   0   0   0   0   0   0   0   0   0   0   0   0   0
F37_1    0    0   0   0   0   0   0   0   0   0   0   0   0   0   0   0   0   0
F37_2    0    0   0   0   0   0   0   0   0   0   0   0   0   0   0   0   0   0
F37_3    0    0   0   0   0   0   0   0   0   0   0   0   0   0   0   0   0   0
F38      0    0   0   0   0   0   0   0   0   0   0   0   0   0   0   0   0   0
F38_1    0    0   0   0   0   0   0   0   0   0   0   0   0   0   0   0   0   0
F38_2    0    0   0   0   0   0   0   0   0   0   0   0   0   0   0   0   0   0
F38_3    0    0   0   0   0   0   0   0   0   0   0   0   0   0   0   0   0   0
F39      0    0   0   0   0   0   0   0   0   0   0   0   0   0   0   0   0   0
F39_1    0    0   0   0   0   0   0   0   0   0   0   0   0   0   0   0   0   0
F39_2    0    0   0   0   0   0   0   0   0   0   0   0   0   0   0   0   0   0
F39_3    0    0   0   0   0   0   0   0   0   0   0   0   0   0   0   0   0   0
F40      0    0   0   0   0   0   0   0   0   0   0   0   0   0   0   0   0   0
F40_1    0    0   0   0   0   0   0   0   0   0   0   0   0   0   0   0   0   0
F40_2    0    0   0   0   0   0   0   0   0   0   0   0   0   0   0   0   0   0
F40_3    .    0   0   0   0   0   0   0   0   0   0   0   0   0   0   0   0   0
F41      0    .   0   0   0   0   0   0   0   0   0   0   0   0   0   0   0   0
F41_1    0    0   .   0   0   0   0   0   0   0   0   0   0   0   0   0   0   0
F41_2    0    0   0   .   0   0   0   0   0   0   0   0   0   0   0   0   0   0
F41_3    0    0   0   0   .   0   0   0   0   0   0   0   0   0   0   0   0   0
F42      0    0   0   0   0   .   0   0   0   0   0   0   0   0   0   0   0   0
F42_1    0    0   0   0   0   0   .   0   0   0   0   0   0   0   0   0   0   0
F42_2    0    0   0   0   0   0   0   .   0   0   0   0   0   0   0   0   0   0
F42_3    0    0   0   0   0   0   0   0   .   0   0   0   0   0   0   0   0   0
F43      0    0   0   0   0   0   0   0   0   .   0   0   0   0   0   0   0   0
F43_1    0    0   0   0   0   0   0   0   0   0   .   0   0   0   0   0   0   0
F43_2    0    0   0   0   0   0   0   0   0   0   0   .   0   0   0   0   0   0
F43_3    0    0   0   0   0   0   0   0   0   0   0   0   .   0   0   0   0   0
F44      0    0   0   0   0   0   0   0   0   0   0   0   0   .   0   0   0   0
F44_1    0    0   0   0   0   0   0   0   0   0   0   0   0   0   .   0   0   0
F44_2    0    0   0   0   0   0   0   0   0   0   0   0   0   0   0   .   0   0
F44_3    0    0   0   0   0   0   0   0   0   0   0   0   0   0   0   0   .   0
F45      0    0   0   0   0   0   0   0   0   0   0   0   0   0   0   0   0   .
F45_1    0    0   0   0   0   0   0   0   0   0   0   0   0   0   0   0   0   0
F45_2    0    0   0   0   0   0   0   0   0   0   0   0   0   0   0   0   0   0
F45_3    0    0   0   0   0   0   0   0   0   0   0   0   0   0   0   0   0   0
F46      0    0   0   0   0   0   0   0   0   0   0   0   0   0   0   0   0   0
F46_1    0    0   0   0   0   0   0   0   0   0   0   0   0   0   0   0   0   0
F46_2    0    0   0   0   0   0   0   0   0   0   0   0   0   0   0   0   0   0
F46_3    0    0   0   0   0   0   0   0   0   0   0   0   0   0   0   0   0   0
N0       0    0   0   0   0   0   0   0   0   0   0   0   0   0   0   0   0   0
Nσ       0    0   0   0   0   0   0   0   0   0   0   0   0   0   0   0   0   0

:     F45_1    F45_2   F45_3 F46 F46_1 F46_2 F46_3  N0      Nσ       :=
C1       0    0           0    0    0     0     0    0   0
C10      0    0           0    0    0     0     0    0   0
C11      0    0           0    0    0     0     0    0   1
C12      0    0           0    0    0     0     0    0   0
C13      0    0           0    0    0     0     0    0   0
C14      0    0           0    0    0     0     0    0   0
C15      0    0           0    0    0     0     0    0   0
C16      0    0           0    0    0     0     0    0   0
C17      0    0           0    0    0     0     0    0   0
C18      0    0           0    0    0     0     0    0   1
C19      0    0           0    0    0     0     0    0   0
C2       0    0           0    0    0     0     0    0   0
C20      0    0           0    0    0     0     0    0   0
C21      0    0.999999    0    0    0     0     0    0   0
C22      0    0           0    0    0     0     0    0   0
C23      0    0           0    0    0     0     0    0   0
C24      0    0           0    0    0     0     0    0   0
C25      0    0           0    0    0     0     0    0   0
C3       0    0           0    0    0     0     0    0   0.999999
C4       0    0           0    0    0     0     0    0   0
C5       0    0           0    0    0     0     0    0   0
C6       0    0           0    0    0     0     0    0   1
C7       0    0           0    0    0     0     0    0   0
C8       0    0           0    0    0     0     0    0   1
C9       0    0           0    0    0     0     0    0   0
F26      0    0           0    0    0     0     0    0   1
F26_1    0    0           0    0    0     0     0    0   0
F26_2    0    0           0    0    0     0     0    0   0
F26_3    0    0           0    0    0     0     0    0   0
F27      0    0           0    0    0     0     0    0   0
F27_1    0    0           0    0    0     0     0    0   0
F27_2    0    0           0    0    0     0     0    0   0
F27_3    0    0           0    0    0     0     0    0   0
F28      0    0           0    0    0     0     0    0   0
F28_1    0    0           0    0    0     0     0    0   0
F28_2    0    0           0    0    0     0     0    0   0
F28_3    0    0           0    0    0     0     0    0   0
F29      0    0           0    0    0     0     0    0   0
F29_1    0    0           0    0    0     0     0    0   1
F29_2    0    0           0    0    0     0     0    0   0
F29_3    0    0           0    0    0     0     0    0   0
F30      0    0           0    0    0     0     0    0   0
F30_1    0    0           0    0    0     0     0    0   0
F30_2    0    0           0    0    0     0     0    0   0
F30_3    0    0           0    0    0     0     0    0   0
F31      0    0           0    0    0     0     0    0   0
F31_1    0    0           0    0    0     0     0    0   0
F31_2    0    0           0    0    0     0     0    0   0
F31_3    0    0           0    0    0     0     0    0   0
F32      0    0           0    0    0     0     0    0   0
F32_1    0    0           0    0    0     0     0    0   0
F32_2    0    0           0    0    0     0     0    0   0
F32_3    0    0           0    0    0     0     0    0   0
F33      0    0           0    0    0     0     0    0   0
F33_1    0    0           0    0    0     0     0    0   0
F33_2    0    0           0    0    0     0     0    0   0
F33_3    0    0           0    0    0     0     0    0   0
F34      0    0           0    0    0     0     0    0   0
F34_1    0    0           0    0    0     0     0    0   0
F34_2    0    0           0    0    0     0     0    0   0
F34_3    0    0           0    0    0     0     0    0   0
F35      0    0           0    0    0     0     0    0   0
F35_1    0    0           0    0    0     0     0    0   0
F35_2    0    0           0    0    0     0     0    0   0
F35_3    0    0           0    0    0     0     0    0   0
F36      0    0           0    0    0     0     0    0   0
F36_1    0    0           0    0    0     0     0    0   0
F36_2    0    0           0    0    0     0     0    0   0
F36_3    0    0           0    0    0     0     0    0   0
F37      0    0           0    0    0     0     0    0   0
F37_1    0    0           0    0    0     0     0    0   0
F37_2    0    0           0    0    0     0     0    0   0
F37_3    0    0           0    0    0     0     0    0   0
F38      0    0           0    0    0     0     0    0   0
F38_1    0    0           0    0    0     0     0    0   0
F38_2    0    0           0    0    0     0     0    0   0
F38_3    0    0           0    0    0     0     0    0   0
F39      0    0           0    0    0     0     0    0   0
F39_1    0    0           0    0    0     0     0    0   0
F39_2    0    0           0    0    0     0     0    0   0
F39_3    0    0           0    0    0     0     0    0   0
F40      0    0           0    0    0     0     0    0   0
F40_1    0    0           0    0    0     0     0    0   0
F40_2    0    0           0    0    0     0     0    0   0
F40_3    0    0           0    0    0     0     0    0   0
F41      0    0           0    0    0     0     0    0   0
F41_1    0    0           0    0    0     0     0    0   0
F41_2    0    0           0    0    0     0     0    0   0
F41_3    0    0           0    0    0     0     0    0   1
F42      0    0           0    0    0     0     0    0   0
F42_1    0    0           0    0    0     0     0    0   0
F42_2    0    0           0    0    0     0     0    0   0
F42_3    0    0           0    0    0     0     0    0   0
F43      0    0           0    0    0     0     0    0   0
F43_1    0    0           0    0    0     0     0    0   0
F43_2    0    0           0    0    0     0     0    0   0
F43_3    0    0           0    0    0     0     0    0   0
F44      0    0           0    0    0     0     0    0   0
F44_1    0    0           0    0    0     0     0    0   0
F44_2    0    0           0    0    0     0     0    0   0
F44_3    0    0           0    0    0     0     0    0   0
F45      0    0           0    0    0     0     0    0   0
F45_1    .    0           0    0    0     0     0    0   0
F45_2    1     .          0    0    0     0     0    0   0
F45_3    0    0           .    0    0     0     0    0   0
F46      0    0           0    .    0     0     0    0   0
F46_1    0    0           0    0    .     0     0    0   0
F46_2    0    0           0    0    0     .     0    0   0
F46_3    0    0           0    0    0     0     .    0   0
N0       0    0           0    0    0     0     0    .   0
Nσ       0    0           0    0    0     0     0    0    .
;

sum{i in D0, j in Vplun} x[i,j] = 8

sum{i in Vall, j in Vall: i != j} x[i,j]*t[i,j] = 659.311

sum{i in F} z[i]*R[i] = 61.1713

sum{i in F, j in Vplunend: i != j} y[i]*x[i,j] = 0

a [*] :=
   C1 187.789    F26_3 240        F33_3 154        F40_3 240
  C10  12.0416     F27   0          F34  11.2792     F41 240
  C11 205        F27_1 240        F34_1 240        F41_1 240
  C12 129        F27_2 240        F34_2 240        F41_2 240
  C13  35.3553   F27_3 240        F34_3 240        F41_3 205.118
  C14  57          F28   0          F35 194.035      F42   0
  C15 115        F28_1 240        F35_1 240        F42_1 240
  C16  36.802    F28_2  68.7519   F35_2 240        F42_2 240
  C17  95        F28_3   0        F35_3 240        F42_3 240
  C18 222          F29 172.285      F36  30.3842     F43   0
  C19 154        F29_1 207.35     F36_1 240        F43_1   0
   C2 191.347    F29_2 135.322    F36_2 240        F43_2 240
  C20  42.5678   F29_3 240        F36_3   0        F43_3   0
  C21  50.2892     F30  11.2792     F37 240          F44 240
  C22  75        F30_1 240        F37_1 240        F44_1 240
  C23  52.4264   F30_2 240        F37_2 240        F44_2 240
  C24 184.269    F30_3 135.322    F37_3 240        F44_3 240
  C25 165.335      F31 149.153      F38 240          F45  67.8114
   C3  44.8451   F31_1 240        F38_1 184.481    F45_1 165.454
   C4  48.9688   F31_2   0        F38_2 240        F45_2  74.607
   C5 141        F31_3 240        F38_3 240        F45_3 240
   C6 217          F32  36.8053     F39  88.5989     F46   0
   C7  26.1647   F32_1  67.8114   F39_1   0        F46_1   0
   C8 210        F32_2 240        F39_2   0        F46_2   0
   C9  70        F32_3 192.335    F39_3 192.638    F46_3   0
  F26 116.84       F33   0          F40 184.481       N0   0
F26_1 240        F33_1   0        F40_1 240           Nσ 240
F26_2  30.3842   F33_2 240        F40_2 240
;

u [*] :=
   C1 170      C4 200   F29_1   0     F34 200   F38_3 200   F43_2   0
  C10 200      C5 190   F29_2 200   F34_1 200     F39 170   F43_3   0
  C11 142      C6  10   F29_3 200   F34_2 200   F39_1 142     F44 200
  C12 200      C7 187     F30 200   F34_3 200   F39_2 142   F44_1 200
  C13 200      C8  23   F30_1 200     F35 200   F39_3 200   F44_2 200
  C14 190      C9 180   F30_2 200   F35_1 200     F40 200   F44_3 200
  C15 140     F26   0   F30_3 200   F35_2 200   F40_1 200     F45 142
  C16 200   F26_1 200     F31 190   F35_3 200   F40_2 190   F45_1 169
  C17  50   F26_2 200   F31_1 200     F36 200   F40_3 190   F45_2 169
  C18  13   F26_3 200   F31_2 200   F36_1   0     F41   0   F45_3 200
  C19  20     F27   0   F31_3 200   F36_2   0   F41_1 200     F46 200
   C2  18   F27_1 200     F32 142   F36_3 200   F41_2   0   F46_1   0
  C20 173   F27_2   0   F32_1   0     F37 142   F41_3   0   F46_2 110
  C21 189   F27_3 200   F32_2 200   F37_1   0     F42   0   F46_3 200
  C22  60     F28 200   F32_3 200   F37_2 200   F42_1 142      N0 200
  C23 190   F28_1   0     F33   0   F37_3   0   F42_2 200      Nσ   0
  C24  43   F28_2   0   F33_1 200     F38   0   F42_3 200
  C25 150   F28_3   0   F33_2 200   F38_1 200     F43   0
   C3  19     F29   0   F33_3 150   F38_2   0   F43_1   0
;

v [*] :=
   C1 32.2111      C8 19.6469   F31_1  0          F37  0        F42_3  0
  C10 67.6484      C9 32.951    F31_2 79.69     F37_1  0          F43  0
  C11 25          F26  0        F31_3  0        F37_2 79.69     F43_1  0
  C12 42.4878   F26_1  0          F32 79.69     F37_3  0        F43_2 79.69
  C13 44.3347   F26_2 79.69     F32_1  0          F38 79.69     F43_3  0
  C14 35.951    F26_3  0        F32_2 79.69     F38_1 79.69       F44  0
  C15 27.951      F27 79.69     F32_3  0        F38_2  0        F44_1 79.69
  C16 46.149    F27_1 79.69       F33 79.69     F38_3  0        F44_2  0
  C17 34.4234   F27_2 79.69     F33_1 40.3583     F39 11.0911   F44_3 79.69
  C18  7.6158   F27_3 79.69     F33_2 79.69     F39_1  0          F45  0
  C19 31.4234     F28 79.69     F33_3 37.4878   F39_2  0        F45_1 38.9522
   C2 27.6941   F28_1  0          F34  0        F39_3 79.69     F45_2 15.083
  C20 45.7219   F28_2 79.69     F34_1 79.69       F40  0        F45_3  0
  C21 29.4008   F28_3 79.69     F34_2 79.69     F40_1  0          F46 79.69
  C22 44.4234     F29 20.1408   F34_3 79.69     F40_2  0        F46_1  0
  C23 37.2636   F29_1 32.6497     F35  0        F40_3 79.69     F46_2  0
  C24 35.3466   F29_2 79.69     F35_1 79.69       F41  0        F46_3  0
  C25 32.296    F29_3 79.69     F35_2 79.69     F41_1  0           N0 79.69
   C3 33.541      F30 79.69     F35_3 79.69     F41_2 79.69        Nσ  0
   C4 60.4546   F30_1  0          F36  0        F41_3  5.1175
   C5 40.4878   F30_2 79.69     F36_1  0          F42  0
   C6 12.0416   F30_3  0        F36_2  0        F42_1  0
   C7 52.125      F31 79.69     F36_3 79.69     F42_2 79.69
;

y [*] :=
  F26 0   F28_3 0   F31_2 0   F34_1 0     F37 1   F39_3 0   F42_2 0   F45_1 0
F26_1 0     F29 0   F31_3 0   F34_2 0   F37_1 0     F40 0   F42_3 0   F45_2 0
F26_2 0   F29_1 0     F32 0   F34_3 0   F37_2 0   F40_1 0     F43 0   F45_3 0
F26_3 0   F29_2 0   F32_1 0     F35 0   F37_3 0   F40_2 0   F43_1 0     F46 0
  F27 0   F29_3 0   F32_2 0   F35_1 0     F38 0   F40_3 0   F43_2 0   F46_1 0
F27_1 0     F30 0   F32_3 0   F35_2 0   F38_1 0     F41 0   F43_3 0   F46_2 0
F27_2 0   F30_1 0     F33 0   F35_3 0   F38_2 0   F41_1 0     F44 0   F46_3 0
F27_3 0   F30_2 0   F33_1 0     F36 0   F38_3 0   F41_2 0   F44_1 0
  F28 0   F30_3 0   F33_2 0   F36_1 0     F39 0   F41_3 0   F44_2 0
F28_1 0     F31 0   F33_3 0   F36_2 0   F39_1 0     F42 0   F44_3 0
F28_2 0   F31_1 0     F34 0   F36_3 0   F39_2 0   F42_1 0     F45 0
;

z [*] :=
  F26 1   F28_3 1   F31_2 1   F34_1 1     F37 0   F39_3 1   F42_2 1   F45_1 1
F26_1 1     F29 1   F31_3 1   F34_2 1   F37_1 1     F40 1   F42_3 1   F45_2 1
F26_2 1   F29_1 1     F32 1   F34_3 1   F37_2 1   F40_1 1     F43 1   F45_3 1
F26_3 1   F29_2 1   F32_1 1     F35 1   F37_3 1   F40_2 1   F43_1 1     F46 1
  F27 1   F29_3 1   F32_2 1   F35_1 1     F38 1   F40_3 1   F43_2 1   F46_1 1
F27_1 1     F30 1   F32_3 1   F35_2 1   F38_1 1     F41 1   F43_3 1   F46_2 1
F27_2 1   F30_1 1     F33 1   F35_3 1   F38_2 1   F41_1 1     F44 1   F46_3 1
F27_3 1   F30_2 1   F33_1 1     F36 1   F38_3 1   F41_2 1   F44_1 1
  F28 1   F30_3 1   F33_2 1   F36_1 1     F39 1   F41_3 1   F44_2 1
F28_1 1     F31 1   F33_3 1   F36_2 1   F39_1 1     F42 1   F44_3 1
F28_2 1   F31_1 1     F34 1   F36_3 1   F39_2 1   F42_1 1     F45 1
;

R [*] :=
  F26  0        F30_1  0        F34_2  0        F38_3  0          F43  0
F26_1  0        F30_2  0        F34_3  0          F39  8.0139   F43_1  0
F26_2  0        F30_3  0          F35  0        F39_1  0        F43_2  0
F26_3  0          F31  0        F35_1  0        F39_2  0        F43_3  0
  F27  0        F31_1  0        F35_2  0        F39_3  0          F44  0
F27_1  0        F31_2  0        F35_3  0          F40  0        F44_1  0
F27_2  0        F31_3  0          F36  0        F40_1  0        F44_2  0
F27_3  0          F32  0        F36_1  0        F40_2  0        F44_3  0
  F28  0        F32_1  0        F36_2  0        F40_3  0          F45  0
F28_1  0        F32_2  0        F36_3  0          F41  0        F45_1  0
F28_2  0        F32_3  0          F37  0        F41_1  0        F45_2 23.8692
F28_3  0          F33  0        F37_1  0        F41_2  0        F45_3  0
  F29 12.5089   F33_1  0        F37_2  0        F41_3 13.9088     F46  0
F29_1  0        F33_2  0        F37_3  0          F42  0        F46_1  0
F29_2  0        F33_3  2.8705     F38  0        F42_1  0        F46_2  0
F29_3  0          F34  0        F38_1  0        F42_2  0        F46_3  0
  F30  0        F34_1  0        F38_2  0        F42_3  0
;

Y [*] :=
  F26  0        F30_1  0        F34_2 79.69     F38_3  0          F43  0
F26_1  0        F30_2 79.69     F34_3 79.69       F39 19.105    F43_1  0
F26_2 79.69     F30_3  0          F35  0        F39_1  0        F43_2 79.69
F26_3  0          F31 79.69     F35_1 79.69     F39_2  0        F43_3  0
  F27 79.69     F31_1  0        F35_2 79.69     F39_3 79.69       F44  0
F27_1 79.69     F31_2 79.69     F35_3 79.69       F40  0        F44_1 79.69
F27_2 79.69     F31_3  0          F36  0        F40_1  0        F44_2  0
F27_3 79.69       F32 79.69     F36_1  0        F40_2  0        F44_3 79.69
  F28 79.69     F32_1  0        F36_2  0        F40_3 79.69       F45  0
F28_1  0        F32_2 79.69     F36_3 79.69       F41  0        F45_1 38.9522
F28_2 79.69     F32_3  0          F37 79.69     F41_1  0        F45_2 38.9522
F28_3 79.69       F33 79.69     F37_1  0        F41_2 79.69     F45_3  0
  F29 32.6497   F33_1 40.3583   F37_2 79.69     F41_3 19.0263     F46 79.69
F29_1 32.6497   F33_2 79.69     F37_3  0          F42  0        F46_1  0
F29_2 79.69     F33_3 40.3583     F38 79.69     F42_1  0        F46_2  0
F29_3 79.69       F34  0        F38_1 79.69     F42_2 79.69     F46_3  0
  F30 79.69     F34_1 79.69     F38_2  0        F42_3  0
;

