MIP Gap (%):  53.943794970243516
_solve_elapsed_time = 28800.1

TotalCost = 6800.89

x [*,*]
:      C1 C10 C11 C12 C13 C14 C15 C16 C17 C18 C19  C2 C20 C21 C22 C23 C24 C25 :=
C1      .   0   0   0   0   0   0   0   0   0   0   0   0   0   0   0   0   0
C10     0   .   0   0   0   0   0   0   0   1   0   0   0   0   0   0   0   0
C11     0   0   .   0   0   0   0   0   0   0   0   0   0   0   0   0   0   0
C12     0   0   0   .   0   0   0   0   0   0   1   0   0   0   0   0   0   0
C13     0   0   0   0   .   0   0   0   0   0   0   0   0   0   0   1   0   0
C14     0   0   0   1   0   .   0   0   0   0   0   0   0   0   0   0   0   0
C15     0   0   0   0   0   0   .   0   0   0   0   1   0   0   0   0   0   0
C16     0   0   0   0   1   0   0   .   0   0   0   0   0   0   0   0   0   0
C17     0   0   0   0   0   0   1   0   .   0   0   0   0   0   0   0   0   0
C18     0   0   0   0   0   0   0   0   0   .   0   0   0   0   0   0   0   0
C19     0   0   0   0   0   0   0   0   0   0   .   0   0   0   0   0   0   0
C2      0   0   0   0   0   0   0   0   0   0   0   .   0   0   0   0   1   0
C20     0   0   0   0   0   0   0   0   0   0   0   0   .   1   0   0   0   0
C21     0   0   0   0   0   0   0   0   0   0   0   0   0   .   0   0   0   0
C22     0   0   0   0   0   0   0   0   0   0   0   0   0   0   .   0   0   0
C23     0   1   0   0   0   0   0   0   0   0   0   0   0   0   0   .   0   0
C24     0   0   0   0   0   0   0   0   0   0   0   0   0   0   0   0   .   0
C25     1   0   0   0   0   0   0   0   0   0   0   0   0   0   0   0   0   .
C3      0   0   0   0   0   0   0   0   0   0   0   0   0   0   1   0   0   0
C4      0   0   0   0   0   0   0   0   0   0   0   0   0   0   0   0   0   0
C5      0   0   0   0   0   1   0   0   0   0   0   0   0   0   0   0   0   0
C6      0   0   0   0   0   0   0   0   0   0   0   0   1   0   0   0   0   0
C7      0   0   1   0   0   0   0   0   0   0   0   0   0   0   0   0   0   0
C8      0   0   0   0   0   0   0   0   0   0   0   0   0   0   0   0   0   0
C9      0   0   0   0   0   0   0   0   0   0   0   0   0   0   0   0   0   0
F26     0   0   0   0   0   0   0   0   0   0   0   0   0   0   0   0   0   0
F26_1   0   0   0   0   0   0   0   0   0   0   0   0   0   0   0   0   0   0
F26_2   0   0   0   0   0   0   0   0   0   0   0   0   0   0   0   0   0   0
F26_3   0   0   0   0   0   0   0   0   0   0   0   0   0   0   0   0   0   0
F27     0   0   0   0   0   0   0   0   0   0   0   0   0   0   0   0   0   0
F27_1   0   0   0   0   0   0   0   0   0   0   0   0   0   0   0   0   0   0
F27_2   0   0   0   0   0   0   0   0   0   0   0   0   0   0   0   0   0   0
F27_3   0   0   0   0   0   0   0   0   0   0   0   0   0   0   0   0   0   0
F28     0   0   0   0   0   0   0   0   0   0   0   0   0   0   0   0   0   0
F28_1   0   0   0   0   0   0   0   0   0   0   0   0   0   0   0   0   0   0
F28_2   0   0   0   0   0   0   0   0   0   0   0   0   0   0   0   0   0   0
F28_3   0   0   0   0   0   0   0   0   0   0   0   0   0   0   0   0   0   0
F29     0   0   0   0   0   0   0   0   0   0   0   0   0   0   0   0   0   0
F29_1   0   0   0   0   0   0   0   0   0   0   0   0   0   0   0   0   0   0
F29_2   0   0   0   0   0   0   0   0   0   0   0   0   0   0   0   0   0   0
F29_3   0   0   0   0   0   0   0   0   0   0   0   0   0   0   0   0   0   0
F30     0   0   0   0   0   0   0   0   0   0   0   0   0   0   0   0   0   0
F30_1   0   0   0   0   0   0   0   0   0   0   0   0   0   0   0   0   0   0
F30_2   0   0   0   0   0   0   0   0   0   0   0   0   0   0   0   0   0   0
F30_3   0   0   0   0   0   0   0   0   0   0   0   0   0   0   0   0   0   0
F31     0   0   0   0   0   0   0   0   0   0   0   0   0   0   0   0   0   0
F31_1   0   0   0   0   0   0   0   0   0   0   0   0   0   0   0   0   0   0
F31_2   0   0   0   0   0   0   0   0   0   0   0   0   0   0   0   0   0   0
F31_3   0   0   0   0   0   0   0   0   0   0   0   0   0   0   0   0   0   0
F32     0   0   0   0   0   0   0   0   0   0   0   0   0   0   0   0   0   0
F32_1   0   0   0   0   0   0   0   0   0   0   0   0   0   0   0   0   0   0
F32_2   0   0   0   0   0   0   0   0   0   0   0   0   0   0   0   0   0   0
F32_3   0   0   0   0   0   0   0   0   0   0   0   0   0   0   0   0   0   0
F33     0   0   0   0   0   0   0   0   0   0   0   0   0   0   0   0   0   0
F33_1   0   0   0   0   0   0   0   0   0   0   0   0   0   0   0   0   0   0
F33_2   0   0   0   0   0   0   0   0   0   0   0   0   0   0   0   0   0   0
F33_3   0   0   0   0   0   0   0   0   0   0   0   0   0   0   0   0   0   0
F34     0   0   0   0   0   0   0   0   0   0   0   0   0   0   0   0   0   0
F34_1   0   0   0   0   0   0   0   0   0   0   0   0   0   0   0   0   0   0
F34_2   0   0   0   0   0   0   0   0   0   0   0   0   0   0   0   0   0   0
F34_3   0   0   0   0   0   0   0   0   0   0   0   0   0   0   0   0   0   0
F35     0   0   0   0   0   0   0   0   0   0   0   0   0   0   0   0   0   0
F35_1   0   0   0   0   0   0   0   0   0   0   0   0   0   0   0   0   0   0
F35_2   0   0   0   0   0   0   0   0   0   0   0   0   0   0   0   0   0   0
F35_3   0   0   0   0   0   0   0   0   0   0   0   0   0   0   0   0   0   0
F36     0   0   0   0   0   0   0   0   0   0   0   0   0   0   0   0   0   0
F36_1   0   0   0   0   0   0   0   0   0   0   0   0   0   0   0   0   0   0
F36_2   0   0   0   0   0   0   0   0   0   0   0   0   0   0   0   0   0   0
F36_3   0   0   0   0   0   0   0   0   0   0   0   0   0   0   0   0   0   0
F37     0   0   0   0   0   0   0   0   0   0   0   0   0   0   0   0   0   0
F37_1   0   0   0   0   0   0   0   0   0   0   0   0   0   0   0   0   0   0
F37_2   0   0   0   0   0   0   0   0   0   0   0   0   0   0   0   0   0   0
F37_3   0   0   0   0   0   0   0   0   0   0   0   0   0   0   0   0   0   0
F38     0   0   0   0   0   0   0   0   0   0   0   0   0   0   0   0   0   0
F38_1   0   0   0   0   0   0   0   0   0   0   0   0   0   0   0   0   0   0
F38_2   0   0   0   0   0   0   0   0   0   0   0   0   0   0   0   0   0   0
F38_3   0   0   0   0   0   0   0   0   0   0   0   0   0   0   0   0   0   0
F39     0   0   0   0   0   0   0   0   0   0   0   0   0   0   0   0   0   0
F39_1   0   0   0   0   0   0   0   0   0   0   0   0   0   0   0   0   0   0
F39_2   0   0   0   0   0   0   0   0   0   0   0   0   0   0   0   0   0   0
F39_3   0   0   0   0   0   0   0   0   0   0   0   0   0   0   0   0   0   0
F40     0   0   0   0   0   0   0   0   0   0   0   0   0   0   0   0   0   0
F40_1   0   0   0   0   0   0   0   0   0   0   0   0   0   0   0   0   0   0
F40_2   0   0   0   0   0   0   0   0   0   0   0   0   0   0   0   0   0   0
F40_3   0   0   0   0   0   0   0   0   0   0   0   0   0   0   0   0   0   0
F41     0   0   0   0   0   0   0   0   0   0   0   0   0   0   0   0   0   0
F41_1   0   0   0   0   0   0   0   0   0   0   0   0   0   0   0   0   0   0
F41_2   0   0   0   0   0   0   0   0   0   0   0   0   0   0   0   0   0   0
F41_3   0   0   0   0   0   0   0   0   0   0   0   0   0   0   0   0   0   0
F42     0   0   0   0   0   0   0   0   0   0   0   0   0   0   0   0   0   0
F42_1   0   0   0   0   0   0   0   0   0   0   0   0   0   0   0   0   0   0
F42_2   0   0   0   0   0   0   0   0   0   0   0   0   0   0   0   0   0   0
F42_3   0   0   0   0   0   0   0   0   0   0   0   0   0   0   0   0   0   0
F43     0   0   0   0   0   0   0   0   0   0   0   0   0   0   0   0   0   0
F43_1   0   0   0   0   0   0   0   0   0   0   0   0   0   0   0   0   0   0
F43_2   0   0   0   0   0   0   0   0   0   0   0   0   0   0   0   0   0   0
F43_3   0   0   0   0   0   0   0   0   0   0   0   0   0   0   0   0   0   0
F44     0   0   0   0   0   0   0   0   0   0   0   0   0   0   0   0   0   0
F44_1   0   0   0   0   0   0   0   0   0   0   0   0   0   0   0   0   0   0
F44_2   0   0   0   0   0   0   0   0   0   0   0   0   0   0   0   0   0   0
F44_3   0   0   0   0   0   0   0   0   0   0   0   0   0   0   0   0   0   0
F45     0   0   0   0   0   0   0   0   0   0   0   0   0   0   0   0   0   0
F45_1   0   0   0   0   0   0   0   0   0   0   0   0   0   0   0   0   0   0
F45_2   0   0   0   0   0   0   0   0   0   0   0   0   0   0   0   0   0   0
F45_3   0   0   0   0   0   0   0   0   0   0   0   0   0   0   0   0   0   0
F46     0   0   0   0   0   0   0   0   0   0   0   0   0   0   0   0   0   0
F46_1   0   0   0   0   0   0   0   0   0   0   0   0   0   0   0   0   0   0
F46_2   0   0   0   0   0   0   0   0   0   0   0   0   0   0   0   0   0   0
F46_3   0   0   0   0   0   0   0   0   0   0   0   0   0   0   0   0   0   0
N0      0   0   0   0   0   0   0   1   1   0   0   0   0   0   0   0   0   1
Nσ      0   0   0   0   0   0   0   0   0   0   0   0   0   0   0   0   0   0

# $10 = F26_2
# $11 = F26_3
# $13 = F27_1
# $14 = F27_2
# $15 = F27_3
# $17 = F28_1
# $18 = F28_2
:      C3  C4  C5  C6  C7  C8  C9 F26 F26_1 $10 $11 F27 $13 $14 $15 F28 $17 $18 :=
C1      0   0   0   0   1   0   0   0    0    0   0   0   0   0   0   0   0   0
C10     0   0   0   0   0   0   0   0    0    0   0   0   0   0   0   0   0   0
C11     0   0   0   0   0   1   0   0    0    0   0   0   0   0   0   0   0   0
C12     0   0   0   0   0   0   0   0    0    0   0   0   0   0   0   0   0   0
C13     0   0   0   0   0   0   0   0    0    0   0   0   0   0   0   0   0   0
C14     0   0   0   0   0   0   0   0    0    0   0   0   0   0   0   0   0   0
C15     0   0   0   0   0   0   0   0    0    0   0   0   0   0   0   0   0   0
C16     0   0   0   0   0   0   0   0    0    0   0   0   0   0   0   0   0   0
C17     0   0   0   0   0   0   0   0    0    0   0   0   0   0   0   0   0   0
C18     1   0   0   0   0   0   0   0    0    0   0   0   0   0   0   0   0   0
C19     0   0   0   0   0   0   0   0    0    0   0   0   0   0   0   0   0   0
C2      0   0   0   0   0   0   0   0    0    0   0   0   0   0   0   0   0   0
C20     0   0   0   0   0   0   0   0    0    0   0   0   0   0   0   0   0   0
C21     0   0   0   0   0   0   0   0    0    0   0   0   0   0   0   0   0   0
C22     0   0   0   0   0   0   0   0    0    0   0   0   0   0   0   0   0   0
C23     0   0   0   0   0   0   0   0    0    0   0   0   0   0   0   0   0   0
C24     0   1   0   0   0   0   0   0    0    0   0   0   0   0   0   0   0   0
C25     0   0   0   0   0   0   0   0    0    0   0   0   0   0   0   0   0   0
C3      .   0   0   0   0   0   0   0    0    0   0   0   0   0   0   0   0   0
C4      0   .   1   0   0   0   0   0    0    0   0   0   0   0   0   0   0   0
C5      0   0   .   0   0   0   0   0    0    0   0   0   0   0   0   0   0   0
C6      0   0   0   .   0   0   0   0    0    0   0   0   0   0   0   0   0   0
C7      0   0   0   0   .   0   0   0    0    0   0   0   0   0   0   0   0   0
C8      0   0   0   0   0   .   0   0    0    0   0   0   0   0   0   0   0   0
C9      0   0   0   1   0   0   .   0    0    0   0   0   0   0   0   0   0   0
F26     0   0   0   0   0   0   0   .    0    0   0   0   0   0   0   0   0   0
F26_1   0   0   0   0   0   0   0   0    .    0   0   0   0   0   0   0   0   0
F26_2   0   0   0   0   0   0   0   0    0    .   0   0   0   0   0   0   0   0
F26_3   0   0   0   0   0   0   0   0    0    0   .   0   0   0   0   0   0   0
F27     0   0   0   0   0   0   0   0    0    0   0   .   0   0   0   0   0   0
F27_1   0   0   0   0   0   0   0   0    0    0   0   0   .   0   0   0   0   0
F27_2   0   0   0   0   0   0   0   0    0    0   0   0   0   .   0   0   0   0
F27_3   0   0   0   0   0   0   0   0    0    0   0   0   0   0   .   0   0   0
F28     0   0   0   0   0   0   0   0    0    0   0   0   0   0   0   .   0   0
F28_1   0   0   0   0   0   0   0   0    0    0   0   0   0   0   0   0   .   0
F28_2   0   0   0   0   0   0   0   0    0    0   0   0   0   0   0   0   0   .
F28_3   0   0   0   0   0   0   0   0    0    0   0   0   0   0   0   1   0   0
F29     0   0   0   0   0   0   0   0    0    0   0   0   0   0   0   0   0   0
F29_1   0   0   0   0   0   0   0   0    0    0   0   0   0   0   0   0   0   0
F29_2   0   0   0   0   0   0   0   0    0    0   0   0   0   0   0   0   0   0
F29_3   0   0   0   0   0   0   0   0    0    0   0   0   0   0   0   0   0   0
F30     0   0   0   0   0   0   0   0    0    0   0   0   0   0   0   0   0   0
F30_1   0   0   0   0   0   0   0   0    0    0   0   0   0   0   0   0   0   0
F30_2   0   0   0   0   0   0   0   0    0    0   0   0   0   0   0   0   0   0
F30_3   0   0   0   0   0   0   0   0    0    0   0   0   0   0   0   0   0   0
F31     0   0   0   0   0   0   0   0    0    0   0   0   0   0   0   0   0   0
F31_1   0   0   0   0   0   0   0   0    0    0   0   0   0   0   0   0   0   0
F31_2   0   0   0   0   0   0   0   0    0    0   0   0   0   0   0   0   0   0
F31_3   0   0   0   0   0   0   0   0    0    0   0   0   0   0   0   0   0   0
F32     0   0   0   0   0   0   0   0    0    0   0   0   0   0   0   0   0   0
F32_1   0   0   0   0   0   0   0   0    0    0   0   0   0   0   0   0   0   0
F32_2   0   0   0   0   0   0   0   0    0    0   0   0   0   0   0   0   0   0
F32_3   0   0   0   0   0   0   0   0    0    0   0   0   0   0   0   0   0   0
F33     0   0   0   0   0   0   0   0    0    0   0   0   0   0   0   0   0   0
F33_1   0   0   0   0   0   0   0   0    0    0   0   0   0   0   0   0   0   0
F33_2   0   0   0   0   0   0   0   0    0    0   0   0   0   0   0   0   0   0
F33_3   0   0   0   0   0   0   0   0    0    0   0   0   0   0   0   0   0   0
F34     0   0   0   0   0   0   0   0    0    0   0   0   0   0   0   0   0   0
F34_1   0   0   0   0   0   0   0   0    0    0   0   0   0   0   0   0   0   0
F34_2   0   0   0   0   0   0   0   0    0    0   0   0   0   0   0   0   0   0
F34_3   0   0   0   0   0   0   0   0    0    0   0   0   0   0   0   0   0   0
F35     0   0   0   0   0   0   0   0    0    0   0   0   0   0   0   0   0   0
F35_1   0   0   0   0   0   0   0   0    0    0   0   0   0   0   0   0   0   0
F35_2   0   0   0   0   0   0   0   0    0    0   0   0   0   0   0   0   0   0
F35_3   0   0   0   0   0   0   0   0    0    0   0   0   0   0   0   0   0   0
F36     0   0   0   0   0   0   0   0    0    0   0   0   0   0   0   0   0   0
F36_1   0   0   0   0   0   0   0   0    0    0   0   0   0   0   0   0   0   0
F36_2   0   0   0   0   0   0   0   0    0    0   0   0   0   0   0   0   0   0
F36_3   0   0   0   0   0   0   0   0    0    0   0   0   0   0   0   0   0   0
F37     0   0   0   0   0   0   0   0    0    0   0   0   0   0   0   0   0   0
F37_1   0   0   0   0   0   0   0   0    0    0   0   0   0   0   0   0   0   0
F37_2   0   0   0   0   0   0   0   0    0    0   0   0   0   0   0   0   0   0
F37_3   0   0   0   0   0   0   0   0    0    0   0   0   0   0   0   0   0   0
F38     0   0   0   0   0   0   0   0    0    0   0   0   0   0   0   0   0   0
F38_1   0   0   0   0   0   0   0   0    0    0   0   0   0   0   0   0   0   0
F38_2   0   0   0   0   0   0   0   0    0    0   0   0   0   0   0   0   0   0
F38_3   0   0   0   0   0   0   0   0    0    0   0   0   0   0   0   0   0   0
F39     0   0   0   0   0   0   0   0    0    0   0   0   0   0   0   0   0   0
F39_1   0   0   0   0   0   0   0   0    0    0   0   0   0   0   0   0   0   0
F39_2   0   0   0   0   0   0   0   0    0    0   0   0   0   0   0   0   0   0
F39_3   0   0   0   0   0   0   0   0    0    0   0   0   0   0   0   0   0   0
F40     0   0   0   0   0   0   0   0    0    0   0   0   0   0   0   0   0   0
F40_1   0   0   0   0   0   0   0   0    0    0   0   0   0   0   0   0   0   0
F40_2   0   0   0   0   0   0   0   0    0    0   0   0   0   0   0   0   0   0
F40_3   0   0   0   0   0   0   0   0    0    0   0   0   0   0   0   0   0   0
F41     0   0   0   0   0   0   0   0    0    0   0   0   0   0   0   0   0   0
F41_1   0   0   0   0   0   0   0   0    0    0   0   0   0   0   0   0   0   0
F41_2   0   0   0   0   0   0   0   0    0    0   0   0   0   0   0   0   0   0
F41_3   0   0   0   0   0   0   0   0    0    0   0   0   0   0   0   0   0   0
F42     0   0   0   0   0   0   0   0    0    0   0   0   0   0   0   0   0   0
F42_1   0   0   0   0   0   0   0   0    0    0   0   0   0   0   0   0   0   0
F42_2   0   0   0   0   0   0   0   0    0    0   0   0   0   0   0   0   0   0
F42_3   0   0   0   0   0   0   0   0    0    0   0   0   0   0   0   0   0   0
F43     0   0   0   0   0   0   0   0    0    0   0   0   0   0   0   0   0   0
F43_1   0   0   0   0   0   0   0   0    0    0   0   0   0   0   0   0   0   0
F43_2   0   0   0   0   0   0   0   0    0    0   0   0   0   0   0   0   0   0
F43_3   0   0   0   0   0   0   0   0    0    0   0   0   0   0   0   0   0   0
F44     0   0   0   0   0   0   0   0    0    0   0   0   0   0   0   0   0   0
F44_1   0   0   0   0   0   0   0   0    0    0   0   0   0   0   0   0   0   0
F44_2   0   0   0   0   0   0   0   0    0    0   0   0   0   0   0   0   0   0
F44_3   0   0   0   0   0   0   0   0    0    0   0   0   0   0   0   0   0   0
F45     0   0   0   0   0   0   0   0    0    0   0   0   0   0   0   0   0   0
F45_1   0   0   0   0   0   0   0   0    0    0   0   0   0   0   0   0   0   0
F45_2   0   0   0   0   0   0   0   0    0    0   0   0   0   0   0   0   0   0
F45_3   0   0   0   0   0   0   0   0    0    0   0   0   0   0   0   0   0   0
F46     0   0   0   0   0   0   0   0    0    0   0   0   0   0   0   0   0   0
F46_1   0   0   0   0   0   0   0   0    0    0   0   0   0   0   0   0   0   0
F46_2   0   0   0   0   0   0   0   0    0    0   0   0   0   0   0   0   0   0
F46_3   0   0   0   0   0   0   0   0    0    0   0   0   0   0   0   0   0   0
N0      0   0   0   0   0   0   1   0    0    0   0   0   0   0   0   0   0   0
Nσ      0   0   0   0   0   0   0   0    0    0   0   0   0   0   0   0   0   0

# $3 = F29_1
# $4 = F29_2
# $5 = F29_3
# $7 = F30_1
# $8 = F30_2
# $9 = F30_3
# $11 = F31_1
# $12 = F31_2
# $13 = F31_3
# $15 = F32_1
# $16 = F32_2
# $17 = F32_3
:     F28_3 F29  $3  $4  $5 F30  $7  $8  $9 F31 $11 $12 $13 F32 $15 $16 $17 F33 :=
C1       0    0   0   0   0   0   0   0   0   0   0   0   0   0   0   0   0   0
C10      0    0   0   0   0   0   0   0   0   0   0   0   0   0   0   0   0   0
C11      0    0   0   0   0   0   0   0   0   0   0   0   0   0   0   0   0   0
C12      0    0   0   0   0   0   0   0   0   0   0   0   0   0   0   0   0   0
C13      0    0   0   0   0   0   0   0   0   0   0   0   0   0   0   0   0   0
C14      0    0   0   0   0   0   0   0   0   0   0   0   0   0   0   0   0   0
C15      0    0   0   0   0   0   0   0   0   0   0   0   0   0   0   0   0   0
C16      0    0   0   0   0   0   0   0   0   0   0   0   0   0   0   0   0   0
C17      0    0   0   0   0   0   0   0   0   0   0   0   0   0   0   0   0   0
C18      0    0   0   0   0   0   0   0   0   0   0   0   0   0   0   0   0   0
C19      0    0   0   0   0   0   0   0   0   0   0   0   0   0   0   0   0   0
C2       0    0   0   0   0   0   0   0   0   0   0   0   0   0   0   0   0   0
C20      0    0   0   0   0   0   0   0   0   0   0   0   0   0   0   0   0   0
C21      0    0   0   0   0   0   0   0   0   0   0   0   0   0   0   0   0   0
C22      0    0   0   0   0   0   0   0   0   0   0   0   0   0   0   0   0   0
C23      0    0   0   0   0   0   0   0   0   0   0   0   0   0   0   0   0   0
C24      0    0   0   0   0   0   0   0   0   0   0   0   0   0   0   0   0   0
C25      0    0   0   0   0   0   0   0   0   0   0   0   0   0   0   0   0   0
C3       0    0   0   0   0   0   0   0   0   0   0   0   0   0   0   0   0   0
C4       0    0   0   0   0   0   0   0   0   0   0   0   0   0   0   0   0   0
C5       0    0   0   0   0   0   0   0   0   0   0   0   0   0   0   0   0   0
C6       0    0   0   0   0   0   0   0   0   0   0   0   0   0   0   0   0   0
C7       0    0   0   0   0   0   0   0   0   0   0   0   0   0   0   0   0   0
C8       0    0   0   0   0   0   0   0   0   0   0   0   0   0   0   0   0   0
C9       0    0   0   0   0   0   0   0   0   0   0   0   0   0   0   0   0   0
F26      0    0   0   0   0   0   0   0   0   0   0   0   0   0   0   0   0   0
F26_1    0    0   0   0   0   0   0   0   0   0   0   0   0   0   0   0   0   0
F26_2    0    0   0   0   0   0   0   0   0   0   0   0   0   0   0   0   0   0
F26_3    0    0   0   0   0   0   0   0   0   0   0   0   0   0   0   0   0   0
F27      0    0   0   0   0   0   0   0   0   0   0   0   0   0   0   0   0   0
F27_1    0    0   0   0   0   0   0   0   0   0   0   0   0   0   0   0   0   0
F27_2    0    0   0   0   0   0   0   0   0   0   0   0   0   0   0   0   0   0
F27_3    0    0   0   0   0   0   0   0   0   0   0   0   0   0   0   0   0   0
F28      1    0   0   0   0   0   0   0   0   0   0   0   0   0   0   0   0   0
F28_1    0    0   0   0   0   0   0   0   0   0   0   0   0   0   0   0   0   0
F28_2    0    0   0   0   0   0   0   0   0   0   0   0   0   0   0   0   0   0
F28_3    .    0   0   0   0   0   0   0   0   0   0   0   0   0   0   0   0   0
F29      0    .   0   0   0   0   0   0   0   0   0   0   0   0   0   0   0   0
F29_1    0    0   .   0   0   0   0   0   0   0   0   0   0   0   0   0   0   0
F29_2    0    0   0   .   0   0   0   0   0   0   0   0   0   0   0   0   0   0
F29_3    0    0   0   0   .   0   0   0   0   0   0   0   0   0   0   0   0   0
F30      0    0   0   0   0   .   0   0   0   0   0   0   0   0   0   0   0   0
F30_1    0    0   0   0   0   0   .   0   0   0   0   0   0   0   0   0   0   0
F30_2    0    0   0   0   0   0   0   .   0   0   0   0   0   0   0   0   0   0
F30_3    0    0   0   0   0   0   0   0   .   0   0   0   0   0   0   0   0   0
F31      0    0   0   0   0   0   0   0   0   .   0   0   0   0   0   0   0   0
F31_1    0    0   0   0   0   0   0   0   0   0   .   0   0   0   0   0   0   0
F31_2    0    0   0   0   0   0   0   0   0   0   0   .   0   0   0   0   0   0
F31_3    0    0   0   0   0   0   0   0   0   0   0   0   .   0   0   0   0   0
F32      0    0   0   0   0   0   0   0   0   0   0   0   0   .   0   0   0   0
F32_1    0    0   0   0   0   0   0   0   0   0   0   0   0   0   .   0   0   0
F32_2    0    0   0   0   0   0   0   0   0   0   0   0   0   0   0   .   0   0
F32_3    0    0   0   0   0   0   0   0   0   0   0   0   0   0   0   0   .   0
F33      0    0   0   0   0   0   0   0   0   0   0   0   0   0   0   0   0   .
F33_1    0    0   0   0   0   0   0   0   0   0   0   0   0   0   0   0   0   0
F33_2    0    0   0   0   0   0   0   0   0   0   0   0   0   0   0   0   0   0
F33_3    0    0   0   0   0   0   0   0   0   0   0   0   0   0   0   0   0   0
F34      0    0   0   0   0   0   0   0   0   0   0   0   0   0   0   0   0   0
F34_1    0    0   0   0   0   0   0   0   0   0   0   0   0   0   0   0   0   0
F34_2    0    0   0   0   0   0   0   0   0   0   0   0   0   0   0   0   0   0
F34_3    0    0   0   0   0   0   0   0   0   0   0   0   0   0   0   0   0   0
F35      0    0   0   0   0   0   0   0   0   0   0   0   0   0   0   0   0   0
F35_1    0    0   0   0   0   0   0   0   0   0   0   0   0   0   0   0   0   0
F35_2    0    0   0   0   0   0   0   0   0   0   0   0   0   0   0   0   0   0
F35_3    0    0   0   0   0   0   0   0   0   0   0   0   0   0   0   0   0   0
F36      0    0   0   0   0   0   0   0   0   0   0   0   0   0   0   0   0   0
F36_1    0    0   0   0   0   0   0   0   0   0   0   0   0   0   0   0   0   0
F36_2    0    0   0   0   0   0   0   0   0   0   0   0   0   0   0   0   0   0
F36_3    0    0   0   0   0   0   0   0   0   0   0   0   0   0   0   0   0   0
F37      0    0   0   0   0   0   0   0   0   0   0   0   0   0   0   0   0   0
F37_1    0    0   0   0   0   0   0   0   0   0   0   0   0   0   0   0   0   0
F37_2    0    0   0   0   0   0   0   0   0   0   0   0   0   0   0   0   0   0
F37_3    0    0   0   0   0   0   0   0   0   0   0   0   0   0   0   0   0   0
F38      0    0   0   0   0   0   0   0   0   0   0   0   0   0   0   0   0   0
F38_1    0    0   0   0   0   0   0   0   0   0   0   0   0   0   0   0   0   0
F38_2    0    0   0   0   0   0   0   0   0   0   0   0   0   0   0   0   0   0
F38_3    0    0   0   0   0   0   0   0   0   0   0   0   0   0   0   0   0   0
F39      0    0   0   0   0   0   0   0   0   0   0   0   0   0   0   0   0   0
F39_1    0    0   0   0   0   0   0   0   0   0   0   0   0   0   0   0   0   0
F39_2    0    0   0   0   0   0   0   0   0   0   0   0   0   0   0   0   0   0
F39_3    0    0   0   0   0   0   0   0   0   0   0   0   0   0   0   0   0   0
F40      0    0   0   0   0   0   0   0   0   0   0   0   0   0   0   0   0   0
F40_1    0    0   0   0   0   0   0   0   0   0   0   0   0   0   0   0   0   0
F40_2    0    0   0   0   0   0   0   0   0   0   0   0   0   0   0   0   0   0
F40_3    0    0   0   0   0   0   0   0   0   0   0   0   0   0   0   0   0   0
F41      0    0   0   0   0   0   0   0   0   0   0   0   0   0   0   0   0   0
F41_1    0    0   0   0   0   0   0   0   0   0   0   0   0   0   0   0   0   0
F41_2    0    0   0   0   0   0   0   0   0   0   0   0   0   0   0   0   0   0
F41_3    0    0   0   0   0   0   0   0   0   0   0   0   0   0   0   0   0   0
F42      0    0   0   0   0   0   0   0   0   0   0   0   0   0   0   0   0   0
F42_1    0    0   0   0   0   0   0   0   0   0   0   0   0   0   0   0   0   0
F42_2    0    0   0   0   0   0   0   0   0   0   0   0   0   0   0   0   0   0
F42_3    0    0   0   0   0   0   0   0   0   0   0   0   0   0   0   0   0   0
F43      0    0   0   0   0   0   0   0   0   0   0   0   0   0   0   0   0   0
F43_1    0    0   0   0   0   0   0   0   0   0   0   0   0   0   0   0   0   0
F43_2    0    0   0   0   0   0   0   0   0   0   0   0   0   0   0   0   0   0
F43_3    0    0   0   0   0   0   0   0   0   0   0   0   0   0   0   0   0   0
F44      0    0   0   0   0   0   0   0   0   0   0   0   0   0   0   0   0   0
F44_1    0    0   0   0   0   0   0   0   0   0   0   0   0   0   0   0   0   0
F44_2    0    0   0   0   0   0   0   0   0   0   0   0   0   0   0   0   0   0
F44_3    0    0   0   0   0   0   0   0   0   0   0   0   0   0   0   0   0   0
F45      0    0   0   0   0   0   0   0   0   0   0   0   0   0   0   0   0   0
F45_1    0    0   0   0   0   0   0   0   0   0   0   0   0   0   0   0   0   0
F45_2    0    0   0   0   0   0   0   0   0   0   0   0   0   0   0   0   0   0
F45_3    0    0   0   0   0   0   0   0   0   0   0   0   0   0   0   0   0   0
F46      0    0   0   0   0   0   0   0   0   0   0   0   0   0   0   0   0   0
F46_1    0    0   0   0   0   0   0   0   0   0   0   0   0   0   0   0   0   0
F46_2    0    0   0   0   0   0   0   0   0   0   0   0   0   0   0   0   0   0
F46_3    0    0   0   0   0   0   0   0   0   0   0   0   0   0   0   0   0   0
N0       0    0   0   0   0   0   0   0   0   0   0   0   0   0   0   0   0   0
Nσ       0    0   0   0   0   0   0   0   0   0   0   0   0   0   0   0   0   0

# $2 = F33_2
# $3 = F33_3
# $5 = F34_1
# $6 = F34_2
# $7 = F34_3
# $9 = F35_1
# $10 = F35_2
# $11 = F35_3
# $13 = F36_1
# $14 = F36_2
# $15 = F36_3
# $17 = F37_1
# $18 = F37_2
:     F33_1  $2  $3 F34  $5  $6  $7 F35  $9 $10 $11 F36 $13 $14 $15 F37 $17 $18 :=
C1       0    0   0   0   0   0   0   0   0   0   0   0   0   0   0   0   0   0
C10      0    0   0   0   0   0   0   0   0   0   0   0   0   0   0   0   0   0
C11      0    0   0   0   0   0   0   0   0   0   0   0   0   0   0   0   0   0
C12      0    0   0   0   0   0   0   0   0   0   0   0   0   0   0   0   0   0
C13      0    0   0   0   0   0   0   0   0   0   0   0   0   0   0   0   0   0
C14      0    0   0   0   0   0   0   0   0   0   0   0   0   0   0   0   0   0
C15      0    0   0   0   0   0   0   0   0   0   0   0   0   0   0   0   0   0
C16      0    0   0   0   0   0   0   0   0   0   0   0   0   0   0   0   0   0
C17      0    0   0   0   0   0   0   0   0   0   0   0   0   0   0   0   0   0
C18      0    0   0   0   0   0   0   0   0   0   0   0   0   0   0   0   0   0
C19      0    0   0   0   0   0   0   0   0   0   0   0   0   0   0   0   0   0
C2       0    0   0   0   0   0   0   0   0   0   0   0   0   0   0   0   0   0
C20      0    0   0   0   0   0   0   0   0   0   0   0   0   0   0   0   0   0
C21      0    0   0   0   0   0   0   0   0   0   0   0   0   0   0   0   0   0
C22      0    0   0   0   0   0   0   0   0   0   0   0   0   0   0   0   0   0
C23      0    0   0   0   0   0   0   0   0   0   0   0   0   0   0   0   0   0
C24      0    0   0   0   0   0   0   0   0   0   0   0   0   0   0   0   0   0
C25      0    0   0   0   0   0   0   0   0   0   0   0   0   0   0   0   0   0
C3       0    0   0   0   0   0   0   0   0   0   0   0   0   0   0   0   0   0
C4       0    0   0   0   0   0   0   0   0   0   0   0   0   0   0   0   0   0
C5       0    0   0   0   0   0   0   0   0   0   0   0   0   0   0   0   0   0
C6       0    0   0   0   0   0   0   0   0   0   0   0   0   0   0   0   0   0
C7       0    0   0   0   0   0   0   0   0   0   0   0   0   0   0   0   0   0
C8       0    0   0   0   0   0   0   0   0   0   0   0   0   0   0   0   0   0
C9       0    0   0   0   0   0   0   0   0   0   0   0   0   0   0   0   0   0
F26      0    0   0   0   0   0   0   0   0   0   0   0   0   0   0   0   0   0
F26_1    0    0   0   0   0   0   0   0   0   0   0   0   0   0   0   0   0   0
F26_2    0    0   0   0   0   0   0   0   0   0   0   0   0   0   0   0   0   0
F26_3    0    0   0   0   0   0   0   0   0   0   0   0   0   0   0   0   0   0
F27      0    0   0   0   0   0   0   0   0   0   0   0   0   0   0   0   0   0
F27_1    0    0   0   0   0   0   0   0   0   0   0   0   0   0   0   0   0   0
F27_2    0    0   0   0   0   0   0   0   0   0   0   0   0   0   0   0   0   0
F27_3    0    0   0   0   0   0   0   0   0   0   0   0   0   0   0   0   0   0
F28      0    0   0   0   0   0   0   0   0   0   0   0   0   0   0   0   0   0
F28_1    0    0   0   0   0   0   0   0   0   0   0   0   0   0   0   0   0   0
F28_2    0    0   0   0   0   0   0   0   0   0   0   0   0   0   0   0   0   0
F28_3    0    0   0   0   0   0   0   0   0   0   0   0   0   0   0   0   0   0
F29      0    0   0   0   0   0   0   0   0   0   0   0   0   0   0   0   0   0
F29_1    0    0   0   0   0   0   0   0   0   0   0   0   0   0   0   0   0   0
F29_2    0    0   0   0   0   0   0   0   0   0   0   0   0   0   0   0   0   0
F29_3    0    0   0   0   0   0   0   0   0   0   0   0   0   0   0   0   0   0
F30      0    0   0   0   0   0   0   0   0   0   0   0   0   0   0   0   0   0
F30_1    0    0   0   0   0   0   0   0   0   0   0   0   0   0   0   0   0   0
F30_2    0    0   0   0   0   0   0   0   0   0   0   0   0   0   0   0   0   0
F30_3    0    0   0   0   0   0   0   0   0   0   0   0   0   0   0   0   0   0
F31      0    0   0   0   0   0   0   0   0   0   0   0   0   0   0   0   0   0
F31_1    0    0   0   0   0   0   0   0   0   0   0   0   0   0   0   0   0   0
F31_2    0    0   0   0   0   0   0   0   0   0   0   0   0   0   0   0   0   0
F31_3    0    0   0   0   0   0   0   0   0   0   0   0   0   0   0   0   0   0
F32      0    0   0   0   0   0   0   0   0   0   0   0   0   0   0   0   0   0
F32_1    0    0   0   0   0   0   0   0   0   0   0   0   0   0   0   0   0   0
F32_2    0    0   0   0   0   0   0   0   0   0   0   0   0   0   0   0   0   0
F32_3    0    0   0   0   0   0   0   0   0   0   0   0   0   0   0   0   0   0
F33      0    0   0   0   0   0   0   0   0   0   0   0   0   0   0   0   0   0
F33_1    .    0   0   0   0   0   0   0   0   0   0   0   0   0   0   0   0   0
F33_2    0    .   0   0   0   0   0   0   0   0   0   0   0   0   0   0   0   0
F33_3    0    0   .   0   0   0   0   0   0   0   0   0   0   0   0   0   0   0
F34      0    0   0   .   0   0   0   0   0   0   0   0   0   0   0   0   0   0
F34_1    0    0   0   0   .   0   0   0   0   0   0   0   0   0   0   0   0   0
F34_2    0    0   0   0   0   .   0   0   0   0   0   0   0   0   0   0   0   0
F34_3    0    0   0   0   0   0   .   0   0   0   0   0   0   0   0   0   0   0
F35      0    0   0   0   0   0   0   .   0   0   0   0   0   0   0   0   0   0
F35_1    0    0   0   0   0   0   0   0   .   0   0   0   0   0   0   0   0   0
F35_2    0    0   0   0   0   0   0   0   0   .   0   0   0   0   0   0   0   0
F35_3    0    0   0   0   0   0   0   0   0   0   .   0   0   0   0   0   0   0
F36      0    0   0   0   0   0   0   0   0   0   0   .   0   0   0   0   0   0
F36_1    0    0   0   0   0   0   0   0   0   0   0   0   .   0   0   0   0   0
F36_2    0    0   0   0   0   0   0   0   0   0   0   0   0   .   0   0   0   0
F36_3    0    0   0   0   0   0   0   0   0   0   0   0   0   0   .   0   0   0
F37      0    0   0   0   0   0   0   0   0   0   0   0   0   0   0   .   0   0
F37_1    0    0   0   0   0   0   0   0   0   0   0   0   0   0   0   0   .   0
F37_2    0    0   0   0   0   0   0   0   0   0   0   0   0   0   0   0   0   .
F37_3    0    0   0   0   0   0   0   0   0   0   0   0   0   0   0   0   0   0
F38      0    0   0   0   0   0   0   0   0   0   0   0   0   0   0   0   0   0
F38_1    0    0   0   0   0   0   0   0   0   0   0   0   0   0   0   0   0   0
F38_2    0    0   0   0   0   0   0   0   0   0   0   0   0   0   0   0   0   0
F38_3    0    0   0   0   0   0   0   0   0   0   0   0   0   0   0   0   0   0
F39      0    0   0   0   0   0   0   0   0   0   0   0   0   0   0   0   0   0
F39_1    0    0   0   0   0   0   0   0   0   0   0   0   0   0   0   0   0   0
F39_2    0    0   0   0   0   0   0   0   0   0   0   0   0   0   0   0   0   0
F39_3    0    0   0   0   0   0   0   0   0   0   0   0   0   0   0   0   0   0
F40      0    0   0   0   0   0   0   0   0   0   0   0   0   0   0   0   0   0
F40_1    0    0   0   0   0   0   0   0   0   0   0   0   0   0   0   0   0   0
F40_2    0    0   0   0   0   0   0   0   0   0   0   0   0   0   0   0   0   0
F40_3    0    0   0   0   0   0   0   0   0   0   0   0   0   0   0   0   0   0
F41      0    0   0   0   0   0   0   0   0   0   0   0   0   0   0   0   0   0
F41_1    0    0   0   0   0   0   0   0   0   0   0   0   0   0   0   0   0   0
F41_2    0    0   0   0   0   0   0   0   0   0   0   0   0   0   0   0   0   0
F41_3    0    0   0   0   0   0   0   0   0   0   0   0   0   0   0   0   0   0
F42      0    0   0   0   0   0   0   0   0   0   0   0   0   0   0   0   0   0
F42_1    0    0   0   0   0   0   0   0   0   0   0   0   0   0   0   0   0   0
F42_2    0    0   0   0   0   0   0   0   0   0   0   0   0   0   0   0   0   0
F42_3    0    0   0   0   0   0   0   0   0   0   0   0   0   0   0   0   0   0
F43      0    0   0   0   0   0   0   0   0   0   0   0   0   0   0   0   0   0
F43_1    0    0   0   0   0   0   0   0   0   0   0   0   0   0   0   0   0   0
F43_2    0    0   0   0   0   0   0   0   0   0   0   0   0   0   0   0   0   0
F43_3    0    0   0   0   0   0   0   0   0   0   0   0   0   0   0   0   0   0
F44      0    0   0   0   0   0   0   0   0   0   0   0   0   0   0   0   0   0
F44_1    0    0   0   0   0   0   0   0   0   0   0   0   0   0   0   0   0   0
F44_2    0    0   0   0   0   0   0   0   0   0   0   0   0   0   0   0   0   0
F44_3    0    0   0   0   0   0   0   0   0   0   0   0   0   0   0   0   0   0
F45      0    0   0   0   0   0   0   0   0   0   0   0   0   0   0   0   0   0
F45_1    0    0   0   0   0   0   0   0   0   0   0   0   0   0   0   0   0   0
F45_2    0    0   0   0   0   0   0   0   0   0   0   0   0   0   0   0   0   0
F45_3    0    0   0   0   0   0   0   0   0   0   0   0   0   0   0   0   0   0
F46      0    0   0   0   0   0   0   0   0   0   0   0   0   0   0   0   0   0
F46_1    0    0   0   0   0   0   0   0   0   0   0   0   0   0   0   0   0   0
F46_2    0    0   0   0   0   0   0   0   0   0   0   0   0   0   0   0   0   0
F46_3    0    0   0   0   0   0   0   0   0   0   0   0   0   0   0   0   0   0
N0       0    0   0   0   0   0   0   0   0   0   0   0   0   0   0   0   0   0
Nσ       0    0   0   0   0   0   0   0   0   0   0   0   0   0   0   0   0   0

# $3 = F38_1
# $4 = F38_2
# $5 = F38_3
# $7 = F39_1
# $8 = F39_2
# $9 = F39_3
# $11 = F40_1
# $12 = F40_2
# $13 = F40_3
# $15 = F41_1
# $16 = F41_2
# $17 = F41_3
:     F37_3 F38  $3  $4  $5 F39  $7  $8  $9 F40 $11 $12 $13 F41 $15 $16 $17 F42 :=
C1       0    0   0   0   0   0   0   0   0   0   0   0   0   0   0   0   0   0
C10      0    0   0   0   0   0   0   0   0   0   0   0   0   0   0   0   0   0
C11      0    0   0   0   0   0   0   0   0   0   0   0   0   0   0   0   0   0
C12      0    0   0   0   0   0   0   0   0   0   0   0   0   0   0   0   0   0
C13      0    0   0   0   0   0   0   0   0   0   0   0   0   0   0   0   0   0
C14      0    0   0   0   0   0   0   0   0   0   0   0   0   0   0   0   0   0
C15      0    0   0   0   0   0   0   0   0   0   0   0   0   0   0   0   0   0
C16      0    0   0   0   0   0   0   0   0   0   0   0   0   0   0   0   0   0
C17      0    0   0   0   0   0   0   0   0   0   0   0   0   0   0   0   0   0
C18      0    0   0   0   0   0   0   0   0   0   0   0   0   0   0   0   0   0
C19      0    0   0   0   0   0   0   0   0   0   0   0   0   0   0   0   0   0
C2       0    0   0   0   0   0   0   0   0   0   0   0   0   0   0   0   0   0
C20      0    0   0   0   0   0   0   0   0   0   0   0   0   0   0   0   0   0
C21      0    0   0   0   0   0   0   0   0   0   0   0   0   0   0   0   0   0
C22      0    0   0   0   0   0   0   0   0   0   0   0   0   0   0   0   0   0
C23      0    0   0   0   0   0   0   0   0   0   0   0   0   0   0   0   0   0
C24      0    0   0   0   0   0   0   0   0   0   0   0   0   0   0   0   0   0
C25      0    0   0   0   0   0   0   0   0   0   0   0   0   0   0   0   0   0
C3       0    0   0   0   0   0   0   0   0   0   0   0   0   0   0   0   0   0
C4       0    0   0   0   0   0   0   0   0   0   0   0   0   0   0   0   0   0
C5       0    0   0   0   0   0   0   0   0   0   0   0   0   0   0   0   0   0
C6       0    0   0   0   0   0   0   0   0   0   0   0   0   0   0   0   0   0
C7       0    0   0   0   0   0   0   0   0   0   0   0   0   0   0   0   0   0
C8       0    0   0   0   0   0   0   0   0   0   0   0   0   0   0   0   0   0
C9       0    0   0   0   0   0   0   0   0   0   0   0   0   0   0   0   0   0
F26      0    0   0   0   0   0   0   0   0   0   0   0   0   0   0   0   0   0
F26_1    0    0   0   0   0   0   0   0   0   0   0   0   0   0   0   0   0   0
F26_2    0    0   0   0   0   0   0   0   0   0   0   0   0   0   0   0   0   0
F26_3    0    0   0   0   0   0   0   0   0   0   0   0   0   0   0   0   0   0
F27      0    0   0   0   0   0   0   0   0   0   0   0   0   0   0   0   0   0
F27_1    0    0   0   0   0   0   0   0   0   0   0   0   0   0   0   0   0   0
F27_2    0    0   0   0   0   0   0   0   0   0   0   0   0   0   0   0   0   0
F27_3    0    0   0   0   0   0   0   0   0   0   0   0   0   0   0   0   0   0
F28      0    0   0   0   0   0   0   0   0   0   0   0   0   0   0   0   0   0
F28_1    0    0   0   0   0   0   0   0   0   0   0   0   0   0   0   0   0   0
F28_2    0    0   0   0   0   0   0   0   0   0   0   0   0   0   0   0   0   0
F28_3    0    0   0   0   0   0   0   0   0   0   0   0   0   0   0   0   0   0
F29      0    0   0   0   0   0   0   0   0   0   0   0   0   0   0   0   0   0
F29_1    0    0   0   0   0   0   0   0   0   0   0   0   0   0   0   0   0   0
F29_2    0    0   0   0   0   0   0   0   0   0   0   0   0   0   0   0   0   0
F29_3    0    0   0   0   0   0   0   0   0   0   0   0   0   0   0   0   0   0
F30      0    0   0   0   0   0   0   0   0   0   0   0   0   0   0   0   0   0
F30_1    0    0   0   0   0   0   0   0   0   0   0   0   0   0   0   0   0   0
F30_2    0    0   0   0   0   0   0   0   0   0   0   0   0   0   0   0   0   0
F30_3    0    0   0   0   0   0   0   0   0   0   0   0   0   0   0   0   0   0
F31      0    0   0   0   0   0   0   0   0   0   0   0   0   0   0   0   0   0
F31_1    0    0   0   0   0   0   0   0   0   0   0   0   0   0   0   0   0   0
F31_2    0    0   0   0   0   0   0   0   0   0   0   0   0   0   0   0   0   0
F31_3    0    0   0   0   0   0   0   0   0   0   0   0   0   0   0   0   0   0
F32      0    0   0   0   0   0   0   0   0   0   0   0   0   0   0   0   0   0
F32_1    0    0   0   0   0   0   0   0   0   0   0   0   0   0   0   0   0   0
F32_2    0    0   0   0   0   0   0   0   0   0   0   0   0   0   0   0   0   0
F32_3    0    0   0   0   0   0   0   0   0   0   0   0   0   0   0   0   0   0
F33      0    0   0   0   0   0   0   0   0   0   0   0   0   0   0   0   0   0
F33_1    0    0   0   0   0   0   0   0   0   0   0   0   0   0   0   0   0   0
F33_2    0    0   0   0   0   0   0   0   0   0   0   0   0   0   0   0   0   0
F33_3    0    0   0   0   0   0   0   0   0   0   0   0   0   0   0   0   0   0
F34      0    0   0   0   0   0   0   0   0   0   0   0   0   0   0   0   0   0
F34_1    0    0   0   0   0   0   0   0   0   0   0   0   0   0   0   0   0   0
F34_2    0    0   0   0   0   0   0   0   0   0   0   0   0   0   0   0   0   0
F34_3    0    0   0   0   0   0   0   0   0   0   0   0   0   0   0   0   0   0
F35      0    0   0   0   0   0   0   0   0   0   0   0   0   0   0   0   0   0
F35_1    0    0   0   0   0   0   0   0   0   0   0   0   0   0   0   0   0   0
F35_2    0    0   0   0   0   0   0   0   0   0   0   0   0   0   0   0   0   0
F35_3    0    0   0   0   0   0   0   0   0   0   0   0   0   0   0   0   0   0
F36      0    0   0   0   0   0   0   0   0   0   0   0   0   0   0   0   0   0
F36_1    0    0   0   0   0   0   0   0   0   0   0   0   0   0   0   0   0   0
F36_2    0    0   0   0   0   0   0   0   0   0   0   0   0   0   0   0   0   0
F36_3    0    0   0   0   0   0   0   0   0   0   0   0   0   0   0   0   0   0
F37      0    0   0   0   0   0   0   0   0   0   0   0   0   0   0   0   0   0
F37_1    0    0   0   0   0   0   0   0   0   0   0   0   0   0   0   0   0   0
F37_2    0    0   0   0   0   0   0   0   0   0   0   0   0   0   0   0   0   0
F37_3    .    0   0   0   0   0   0   0   0   0   0   0   0   0   0   0   0   0
F38      0    .   0   0   0   0   0   0   0   0   0   0   0   0   0   0   0   0
F38_1    0    0   .   0   0   0   0   0   0   0   0   0   0   0   0   0   0   0
F38_2    0    0   0   .   0   0   0   0   0   0   0   0   0   0   0   0   0   0
F38_3    0    0   0   0   .   0   0   0   0   0   0   0   0   0   0   0   0   0
F39      0    0   0   0   0   .   0   0   0   0   0   0   0   0   0   0   0   0
F39_1    0    0   0   0   0   0   .   0   0   0   0   0   0   0   0   0   0   0
F39_2    0    0   0   0   0   0   0   .   0   0   0   0   0   0   0   0   0   0
F39_3    0    0   0   0   0   0   0   0   .   0   0   0   0   0   0   0   0   0
F40      0    0   0   0   0   0   0   0   0   .   0   0   0   0   0   0   0   0
F40_1    0    0   0   0   0   0   0   0   0   0   .   0   0   0   0   0   0   0
F40_2    0    0   0   0   0   0   0   0   0   0   0   .   0   0   0   0   0   0
F40_3    0    0   0   0   0   0   0   0   0   0   0   0   .   0   0   0   0   0
F41      0    0   0   0   0   0   0   0   0   0   0   0   0   .   0   0   0   0
F41_1    0    0   0   0   0   0   0   0   0   0   0   0   0   0   .   0   0   0
F41_2    0    0   0   0   0   0   0   0   0   0   0   0   0   0   0   .   0   0
F41_3    0    0   0   0   0   0   0   0   0   0   0   0   0   0   0   0   .   0
F42      0    0   0   0   0   0   0   0   0   0   0   0   0   0   0   0   0   .
F42_1    0    0   0   0   0   0   0   0   0   0   0   0   0   0   0   0   0   0
F42_2    0    0   0   0   0   0   0   0   0   0   0   0   0   0   0   0   0   0
F42_3    0    0   0   0   0   0   0   0   0   0   0   0   0   0   0   0   0   0
F43      0    0   0   0   0   0   0   0   0   0   0   0   0   0   0   0   0   0
F43_1    0    0   0   0   0   0   0   0   0   0   0   0   0   0   0   0   0   0
F43_2    0    0   0   0   0   0   0   0   0   0   0   0   0   0   0   0   0   0
F43_3    0    0   0   0   0   0   0   0   0   0   0   0   0   0   0   0   0   0
F44      0    0   0   0   0   0   0   0   0   0   0   0   0   0   0   0   0   0
F44_1    0    0   0   0   0   0   0   0   0   0   0   0   0   0   0   0   0   0
F44_2    0    0   0   0   0   0   0   0   0   0   0   0   0   0   0   0   0   0
F44_3    0    0   0   0   0   0   0   0   0   0   0   0   0   0   0   0   0   0
F45      0    0   0   0   0   0   0   0   0   0   0   0   0   0   0   0   0   0
F45_1    0    0   0   0   0   0   0   0   0   0   0   0   0   0   0   0   0   0
F45_2    0    0   0   0   0   0   0   0   0   0   0   0   0   0   0   0   0   0
F45_3    0    0   0   0   0   0   0   0   0   0   0   0   0   0   0   0   0   0
F46      0    0   0   0   0   0   0   0   0   0   0   0   0   0   0   0   0   0
F46_1    0    0   0   0   0   0   0   0   0   0   0   0   0   0   0   0   0   0
F46_2    0    0   0   0   0   0   0   0   0   0   0   0   0   0   0   0   0   0
F46_3    0    0   0   0   0   0   0   0   0   0   0   0   0   0   0   0   0   0
N0       0    0   0   0   0   0   0   0   0   0   0   0   0   0   0   0   0   0
Nσ       0    0   0   0   0   0   0   0   0   0   0   0   0   0   0   0   0   0

# $2 = F42_2
# $3 = F42_3
# $5 = F43_1
# $6 = F43_2
# $7 = F43_3
# $9 = F44_1
# $10 = F44_2
# $11 = F44_3
# $13 = F45_1
# $14 = F45_2
# $15 = F45_3
# $17 = F46_1
# $18 = F46_2
:     F42_1  $2  $3 F43  $5  $6  $7 F44  $9 $10 $11 F45 $13 $14 $15 F46 $17 $18 :=
C1       0    0   0   0   0   0   0   0   0   0   0   0   0   0   0   0   0   0
C10      0    0   0   0   0   0   0   0   0   0   0   0   0   0   0   0   0   0
C11      0    0   0   0   0   0   0   0   0   0   0   0   0   0   0   0   0   0
C12      0    0   0   0   0   0   0   0   0   0   0   0   0   0   0   0   0   0
C13      0    0   0   0   0   0   0   0   0   0   0   0   0   0   0   0   0   0
C14      0    0   0   0   0   0   0   0   0   0   0   0   0   0   0   0   0   0
C15      0    0   0   0   0   0   0   0   0   0   0   0   0   0   0   0   0   0
C16      0    0   0   0   0   0   0   0   0   0   0   0   0   0   0   0   0   0
C17      0    0   0   0   0   0   0   0   0   0   0   0   0   0   0   0   0   0
C18      0    0   0   0   0   0   0   0   0   0   0   0   0   0   0   0   0   0
C19      0    0   0   0   0   0   0   0   0   0   0   0   0   0   0   0   0   0
C2       0    0   0   0   0   0   0   0   0   0   0   0   0   0   0   0   0   0
C20      0    0   0   0   0   0   0   0   0   0   0   0   0   0   0   0   0   0
C21      0    0   0   0   0   0   0   0   0   0   0   0   0   0   0   0   0   0
C22      0    0   0   0   0   0   0   0   0   0   0   0   0   0   0   0   0   0
C23      0    0   0   0   0   0   0   0   0   0   0   0   0   0   0   0   0   0
C24      0    0   0   0   0   0   0   0   0   0   0   0   0   0   0   0   0   0
C25      0    0   0   0   0   0   0   0   0   0   0   0   0   0   0   0   0   0
C3       0    0   0   0   0   0   0   0   0   0   0   0   0   0   0   0   0   0
C4       0    0   0   0   0   0   0   0   0   0   0   0   0   0   0   0   0   0
C5       0    0   0   0   0   0   0   0   0   0   0   0   0   0   0   0   0   0
C6       0    0   0   0   0   0   0   0   0   0   0   0   0   0   0   0   0   0
C7       0    0   0   0   0   0   0   0   0   0   0   0   0   0   0   0   0   0
C8       0    0   0   0   0   0   0   0   0   0   0   0   0   0   0   0   0   0
C9       0    0   0   0   0   0   0   0   0   0   0   0   0   0   0   0   0   0
F26      0    0   0   0   0   0   0   0   0   0   0   0   0   0   0   0   0   0
F26_1    0    0   0   0   0   0   0   0   0   0   0   0   0   0   0   0   0   0
F26_2    0    0   0   0   0   0   0   0   0   0   0   0   0   0   0   0   0   0
F26_3    0    0   0   0   0   0   0   0   0   0   0   0   0   0   0   0   0   0
F27      0    0   0   0   0   0   0   0   0   0   0   0   0   0   0   0   0   0
F27_1    0    0   0   0   0   0   0   0   0   0   0   0   0   0   0   0   0   0
F27_2    0    0   0   0   0   0   0   0   0   0   0   0   0   0   0   0   0   0
F27_3    0    0   0   0   0   0   0   0   0   0   0   0   0   0   0   0   0   0
F28      0    0   0   0   0   0   0   0   0   0   0   0   0   0   0   0   0   0
F28_1    0    0   0   0   0   0   0   0   0   0   0   0   0   0   0   0   0   0
F28_2    0    0   0   0   0   0   0   0   0   0   0   0   0   0   0   0   0   0
F28_3    0    0   0   0   0   0   0   0   0   0   0   0   0   0   0   0   0   0
F29      0    0   0   0   0   0   0   0   0   0   0   0   0   0   0   0   0   0
F29_1    0    0   0   0   0   0   0   0   0   0   0   0   0   0   0   0   0   0
F29_2    0    0   0   0   0   0   0   0   0   0   0   0   0   0   0   0   0   0
F29_3    0    0   0   0   0   0   0   0   0   0   0   0   0   0   0   0   0   0
F30      0    0   0   0   0   0   0   0   0   0   0   0   0   0   0   0   0   0
F30_1    0    0   0   0   0   0   0   0   0   0   0   0   0   0   0   0   0   0
F30_2    0    0   0   0   0   0   0   0   0   0   0   0   0   0   0   0   0   0
F30_3    0    0   0   0   0   0   0   0   0   0   0   0   0   0   0   0   0   0
F31      0    0   0   0   0   0   0   0   0   0   0   0   0   0   0   0   0   0
F31_1    0    0   0   0   0   0   0   0   0   0   0   0   0   0   0   0   0   0
F31_2    0    0   0   0   0   0   0   0   0   0   0   0   0   0   0   0   0   0
F31_3    0    0   0   0   0   0   0   0   0   0   0   0   0   0   0   0   0   0
F32      0    0   0   0   0   0   0   0   0   0   0   0   0   0   0   0   0   0
F32_1    0    0   0   0   0   0   0   0   0   0   0   0   0   0   0   0   0   0
F32_2    0    0   0   0   0   0   0   0   0   0   0   0   0   0   0   0   0   0
F32_3    0    0   0   0   0   0   0   0   0   0   0   0   0   0   0   0   0   0
F33      0    0   0   0   0   0   0   0   0   0   0   0   0   0   0   0   0   0
F33_1    0    0   0   0   0   0   0   0   0   0   0   0   0   0   0   0   0   0
F33_2    0    0   0   0   0   0   0   0   0   0   0   0   0   0   0   0   0   0
F33_3    0    0   0   0   0   0   0   0   0   0   0   0   0   0   0   0   0   0
F34      0    0   0   0   0   0   0   0   0   0   0   0   0   0   0   0   0   0
F34_1    0    0   0   0   0   0   0   0   0   0   0   0   0   0   0   0   0   0
F34_2    0    0   0   0   0   0   0   0   0   0   0   0   0   0   0   0   0   0
F34_3    0    0   0   0   0   0   0   0   0   0   0   0   0   0   0   0   0   0
F35      0    0   0   0   0   0   0   0   0   0   0   0   0   0   0   0   0   0
F35_1    0    0   0   0   0   0   0   0   0   0   0   0   0   0   0   0   0   0
F35_2    0    0   0   0   0   0   0   0   0   0   0   0   0   0   0   0   0   0
F35_3    0    0   0   0   0   0   0   0   0   0   0   0   0   0   0   0   0   0
F36      0    0   0   0   0   0   0   0   0   0   0   0   0   0   0   0   0   0
F36_1    0    0   0   0   0   0   0   0   0   0   0   0   0   0   0   0   0   0
F36_2    0    0   0   0   0   0   0   0   0   0   0   0   0   0   0   0   0   0
F36_3    0    0   0   0   0   0   0   0   0   0   0   0   0   0   0   0   0   0
F37      0    0   0   0   0   0   0   0   0   0   0   0   0   0   0   0   0   0
F37_1    0    0   0   0   0   0   0   0   0   0   0   0   0   0   0   0   0   0
F37_2    0    0   0   0   0   0   0   0   0   0   0   0   0   0   0   0   0   0
F37_3    0    0   0   0   0   0   0   0   0   0   0   0   0   0   0   0   0   0
F38      0    0   0   0   0   0   0   0   0   0   0   0   0   0   0   0   0   0
F38_1    0    0   0   0   0   0   0   0   0   0   0   0   0   0   0   0   0   0
F38_2    0    0   0   0   0   0   0   0   0   0   0   0   0   0   0   0   0   0
F38_3    0    0   0   0   0   0   0   0   0   0   0   0   0   0   0   0   0   0
F39      0    0   0   0   0   0   0   0   0   0   0   0   0   0   0   0   0   0
F39_1    0    0   0   0   0   0   0   0   0   0   0   0   0   0   0   0   0   0
F39_2    0    0   0   0   0   0   0   0   0   0   0   0   0   0   0   0   0   0
F39_3    0    0   0   0   0   0   0   0   0   0   0   0   0   0   0   0   0   0
F40      0    0   0   0   0   0   0   0   0   0   0   0   0   0   0   0   0   0
F40_1    0    0   0   0   0   0   0   0   0   0   0   0   0   0   0   0   0   0
F40_2    0    0   0   0   0   0   0   0   0   0   0   0   0   0   0   0   0   0
F40_3    0    0   0   0   0   0   0   0   0   0   0   0   0   0   0   0   0   0
F41      0    0   0   0   0   0   0   0   0   0   0   0   0   0   0   0   0   0
F41_1    0    0   0   0   0   0   0   0   0   0   0   0   0   0   0   0   0   0
F41_2    0    0   0   0   0   0   0   0   0   0   0   0   0   0   0   0   0   0
F41_3    0    0   0   0   0   0   0   0   0   0   0   0   0   0   0   0   0   0
F42      0    0   0   0   0   0   0   0   0   0   0   0   0   0   0   0   0   0
F42_1    .    0   0   0   0   0   0   0   0   0   0   0   0   0   0   0   0   0
F42_2    0    .   0   0   0   0   0   0   0   0   0   0   0   0   0   0   0   0
F42_3    0    0   .   0   0   0   0   0   0   0   0   0   0   0   0   0   0   0
F43      0    0   0   .   0   0   0   0   0   0   0   0   0   0   0   0   0   0
F43_1    0    0   0   0   .   0   0   0   0   0   0   0   0   0   0   0   0   0
F43_2    0    0   0   0   0   .   0   0   0   0   0   0   0   0   0   0   0   0
F43_3    0    0   0   0   0   0   .   0   0   0   0   0   0   0   0   0   0   0
F44      0    0   0   0   0   0   0   .   0   0   0   0   0   0   0   0   0   0
F44_1    0    0   0   0   0   0   0   0   .   0   0   0   0   0   0   0   0   0
F44_2    0    0   0   0   0   0   0   0   0   .   0   0   0   0   0   0   0   0
F44_3    0    0   0   0   0   0   0   0   0   0   .   0   0   0   0   0   0   0
F45      0    0   0   0   0   0   0   0   0   0   0   .   0   0   0   0   0   0
F45_1    0    0   0   0   0   0   0   0   0   0   0   0   .   0   0   0   0   0
F45_2    0    0   0   0   0   0   0   0   0   0   0   0   0   .   0   0   0   0
F45_3    0    0   0   0   0   0   0   0   0   0   0   0   0   0   .   0   0   0
F46      0    0   0   0   0   0   0   0   0   0   0   0   0   0   0   .   0   0
F46_1    0    0   0   0   0   0   0   0   0   0   0   0   0   0   0   0   .   0
F46_2    0    0   0   0   0   0   0   0   0   0   0   0   0   0   0   0   0   .
F46_3    0    0   0   0   0   0   0   0   0   0   0   0   0   0   0   0   0   0
N0       0    0   0   0   0   0   0   0   0   0   0   0   0   0   0   0   0   0
Nσ       0    0   0   0   0   0   0   0   0   0   0   0   0   0   0   0   0   0

:     F46_3  N0  Nσ    :=
C1       0    0   0
C10      0    0   0
C11      0    0   0
C12      0    0   0
C13      0    0   0
C14      0    0   0
C15      0    0   0
C16      0    0   0
C17      0    0   0
C18      0    0   0
C19      0    0   1
C2       0    0   0
C20      0    0   0
C21      0    0   1
C22      0    0   1
C23      0    0   0
C24      0    0   0
C25      0    0   0
C3       0    0   0
C4       0    0   0
C5       0    0   0
C6       0    0   0
C7       0    0   0
C8       0    0   1
C9       0    0   0
F26      0    0   0
F26_1    0    0   0
F26_2    0    0   0
F26_3    0    0   0
F27      0    0   0
F27_1    0    0   0
F27_2    0    0   0
F27_3    0    0   0
F28      0    0   0
F28_1    0    0   0
F28_2    0    0   0
F28_3    0    0   0
F29      0    0   0
F29_1    0    0   0
F29_2    0    0   0
F29_3    0    0   0
F30      0    0   0
F30_1    0    0   0
F30_2    0    0   0
F30_3    0    0   0
F31      0    0   0
F31_1    0    0   0
F31_2    0    0   0
F31_3    0    0   0
F32      0    0   0
F32_1    0    0   0
F32_2    0    0   0
F32_3    0    0   0
F33      0    0   0
F33_1    0    0   0
F33_2    0    0   0
F33_3    0    0   0
F34      0    0   0
F34_1    0    0   0
F34_2    0    0   0
F34_3    0    0   0
F35      0    0   0
F35_1    0    0   0
F35_2    0    0   0
F35_3    0    0   0
F36      0    0   0
F36_1    0    0   0
F36_2    0    0   0
F36_3    0    0   0
F37      0    0   0
F37_1    0    0   0
F37_2    0    0   0
F37_3    0    0   0
F38      0    0   0
F38_1    0    0   0
F38_2    0    0   0
F38_3    0    0   0
F39      0    0   0
F39_1    0    0   0
F39_2    0    0   0
F39_3    0    0   0
F40      0    0   0
F40_1    0    0   0
F40_2    0    0   0
F40_3    0    0   0
F41      0    0   0
F41_1    0    0   0
F41_2    0    0   0
F41_3    0    0   0
F42      0    0   0
F42_1    0    0   0
F42_2    0    0   0
F42_3    0    0   0
F43      0    0   0
F43_1    0    0   0
F43_2    0    0   0
F43_3    0    0   0
F44      0    0   0
F44_1    0    0   0
F44_2    0    0   0
F44_3    0    0   0
F45      0    0   0
F45_1    0    0   0
F45_2    0    0   0
F45_3    0    0   0
F46      0    0   0
F46_1    0    0   0
F46_2    0    0   0
F46_3    .    0   0
N0       0    .   0
Nσ       0    0   .
;

sum{i in D0, j in Vplun} x[i,j] = 4

sum{i in Vall, j in Vall: i != j} x[i,j]*t[i,j] = 600.089

sum{i in F} z[i]*R[i] = 0

sum{i in F, j in Vplunend: i != j} y[i]*x[i,j] = 0

a [*] :=
   C1 172.198    F26_3   0        F33_3   0        F40_3   0
  C10 672.476      F27 960          F34   0          F41   0
  C11 781.026    F27_1   0        F34_1   0        F41_1   0
  C12 709.682    F27_2   0        F34_2   0        F41_2 960
  C13  54.7213   F27_3   0        F34_3   0        F41_3 960
  C14 681          F28   0          F35 960          F42   0
  C15 304.833    F28_1   0        F35_1   0        F42_1   0
  C16  33.541    F28_2   0        F35_2   0        F42_2 960
  C17 268        F28_3   0        F35_3   0        F42_3   0
  C18 741          F29   0          F36 960          F43 960
  C19 751.697    F29_1 960        F36_1 960        F43_1   0
   C2 426.781    F29_2 960        F36_2   0        F43_2 960
  C20 255.672    F29_3   0        F36_3   0        F43_3   0
  C21 397          F30 960          F37   0          F44   0
  C22 839.534    F30_1 960        F37_1   0        F44_1 960
  C23 278        F30_2 960        F37_2   0        F44_2   0
  C24 446        F30_3   0        F37_3 960        F44_3   0
  C25 152          F31   0          F38 960          F45   0
   C3 783.016    F31_1 960        F38_1 960        F45_1   0
   C4 547        F31_2 960        F38_2 960        F45_2   0
   C5 560        F31_3 960        F38_3 960        F45_3   0
   C6 223          F32 960          F39   0          F46   0
   C7 367        F32_1   0        F39_1 960        F46_1   0
   C8 810        F32_2   0        F39_2   0        F46_2   0
   C9  35.3553   F32_3 960        F39_3 960        F46_3   0
  F26 960          F33 960          F40 960           N0   0
F26_1 960        F33_1 960        F40_1 960           Nσ 960
F26_2   0        F33_2 960        F40_2   0
;

u [*] :=
   C1  970      C4   58   F29_1 1000     F34    0   F38_3    0   F43_2    0
  C10   68      C5   48   F29_2 1000   F34_1    0     F39    0   F43_3    0
  C11   23      C6   46   F29_3 1000   F34_2    0   F39_1 1000     F44    0
  C12   28      C7   33     F30 1000   F34_3    0   F39_2 1000   F44_1    0
  C13  990      C8    3   F30_1    0     F35    0   F39_3 1000   F44_2 1000
  C14   38      C9   56   F30_2    0   F35_1 1000     F40    0   F44_3 1000
  C15  105     F26    0   F30_3 1000   F35_2    0   F40_1 1000     F45    0
  C16 1000   F26_1    0     F31    0   F35_3    0   F40_2 1000   F45_1    0
  C17 1000   F26_2    0   F31_1 1000     F36    0   F40_3    0   F45_2 1000
  C18   48   F26_3    0   F31_2 1000   F36_1    0     F41    0   F45_3    0
  C19   20     F27    0   F31_3 1000   F36_2    0   F41_1 1000     F46    0
   C2   95   F27_1    0     F32 1000   F36_3 1000   F41_2    0   F46_1    0
  C20   26   F27_2    0   F32_1    0     F37    0   F41_3    0   F46_2 1000
  C21   23   F27_3    0   F32_2 1000   F37_1    0     F42 1000   F46_3 1000
  C22   13     F28    0   F32_3    0   F37_2    0   F42_1    0      N0 1000
  C23   98   F28_1    0     F33    0   F37_3    0   F42_2    0      Nσ    0
  C24   77   F28_2 1000   F33_1 1000     F38 1000   F42_3    0
  C25 1000   F28_3    0   F33_2    0   F38_1    0     F43    0
   C3   38     F29    0   F33_3 1000   F38_2 1000   F43_1    0
;

v [*] :=
   C1  56.4605   F26_3   0        F33_3   0        F40_3   0
  C10 153.417      F27   0          F34   0          F41 211.04
  C11  38.2091   F27_1 211.04     F34_1   0        F41_1   0
  C12  72.3269   F27_2 211.04     F34_2   0        F41_2   0
  C13 166.319    F27_3 211.04     F34_3   0        F41_3   0
  C14  91.0084     F28 211.04       F35   0          F42   0
  C15 158.909    F28_1   0        F35_1   0        F42_1   0
  C16 177.499    F28_2   0        F35_2   0        F42_2   0
  C17 185.742    F28_3 211.04     F35_3   0        F42_3   0
  C18  86.1502     F29 211.04       F36   0          F43 211.04
  C19  40.3113   F29_1   0        F36_1 211.04     F43_1   0
   C2 122.156    F29_2 211.04     F36_2 211.04     F43_2   0
  C20  33.9969   F29_3 211.04     F36_3   0        F43_3   0
  C21  26.9258     F30 211.04       F37   0          F44 211.04
  C22   7.6158   F30_1   0        F37_1 211.04     F44_1   0
  C23 160.488    F30_2   0        F37_2 211.04     F44_2   0
  C24 112.937    F30_3   0        F37_3 211.04     F44_3 211.04
  C25  66.6585     F31 211.04       F38 211.04       F45   0
   C3  54.1346   F31_1 211.04     F38_1 211.04     F45_1   0
   C4  99.0084   F31_2   0        F38_2   0        F45_2 211.04
   C5  96.0084   F31_3   0        F38_3   0        F45_3   0
   C6  56.6685     F32 211.04       F39   0          F46   0
   C7  49.3894   F32_1   0        F39_1 211.04     F46_1   0
   C8  19.2354   F32_2   0        F39_2   0        F46_2   0
   C9  59.6685   F32_3   0        F39_3 211.04     F46_3   0
  F26 211.04       F33 211.04       F40 211.04        N0 211.04
F26_1   0        F33_1   0        F40_1 211.04        Nσ   0
F26_2 211.04     F33_2   0        F40_2   0
;

y [*] :=
  F26 0   F28_3 0   F31_2 0   F34_1 0     F37 0   F39_3 0   F42_2 0   F45_1 0
F26_1 0     F29 0   F31_3 0   F34_2 0   F37_1 0     F40 0   F42_3 0   F45_2 0
F26_2 0   F29_1 0     F32 0   F34_3 0   F37_2 0   F40_1 0     F43 0   F45_3 0
F26_3 0   F29_2 0   F32_1 0     F35 1   F37_3 0   F40_2 0   F43_1 0     F46 0
  F27 1   F29_3 0   F32_2 0   F35_1 0     F38 0   F40_3 0   F43_2 0   F46_1 0
F27_1 0     F30 0   F32_3 0   F35_2 0   F38_1 0     F41 0   F43_3 0   F46_2 0
F27_2 0   F30_1 0     F33 0   F35_3 0   F38_2 0   F41_1 0     F44 0   F46_3 0
F27_3 0   F30_2 0   F33_1 0     F36 0   F38_3 0   F41_2 0   F44_1 0
  F28 0   F30_3 0   F33_2 0   F36_1 0     F39 0   F41_3 0   F44_2 0
F28_1 0     F31 0   F33_3 0   F36_2 0   F39_1 0     F42 0   F44_3 0
F28_2 0   F31_1 0     F34 0   F36_3 0   F39_2 0   F42_1 0     F45 0
;

z [*] :=
  F26 1   F28_3 1   F31_2 1   F34_1 1     F37 1   F39_3 1   F42_2 1   F45_1 1
F26_1 1     F29 1   F31_3 1   F34_2 1   F37_1 1     F40 1   F42_3 1   F45_2 1
F26_2 1   F29_1 1     F32 1   F34_3 1   F37_2 1   F40_1 1     F43 1   F45_3 1
F26_3 1   F29_2 1   F32_1 1     F35 0   F37_3 1   F40_2 1   F43_1 1     F46 1
  F27 0   F29_3 1   F32_2 1   F35_1 1     F38 1   F40_3 1   F43_2 1   F46_1 1
F27_1 1     F30 1   F32_3 1   F35_2 1   F38_1 1     F41 1   F43_3 1   F46_2 1
F27_2 1   F30_1 1     F33 1   F35_3 1   F38_2 1   F41_1 1     F44 1   F46_3 1
F27_3 1   F30_2 1   F33_1 1     F36 1   F38_3 1   F41_2 1   F44_1 1
  F28 1   F30_3 1   F33_2 1   F36_1 1     F39 1   F41_3 1   F44_2 1
F28_1 1     F31 1   F33_3 1   F36_2 1   F39_1 1     F42 1   F44_3 1
F28_2 1   F31_1 1     F34 1   F36_3 1   F39_2 1   F42_1 1     F45 1
;

R [*] :=
  F26 0   F28_3 0   F31_2 0   F34_1 0     F37 0   F39_3 0   F42_2 0   F45_1 0
F26_1 0     F29 0   F31_3 0   F34_2 0   F37_1 0     F40 0   F42_3 0   F45_2 0
F26_2 0   F29_1 0     F32 0   F34_3 0   F37_2 0   F40_1 0     F43 0   F45_3 0
F26_3 0   F29_2 0   F32_1 0     F35 0   F37_3 0   F40_2 0   F43_1 0     F46 0
  F27 0   F29_3 0   F32_2 0   F35_1 0     F38 0   F40_3 0   F43_2 0   F46_1 0
F27_1 0     F30 0   F32_3 0   F35_2 0   F38_1 0     F41 0   F43_3 0   F46_2 0
F27_2 0   F30_1 0     F33 0   F35_3 0   F38_2 0   F41_1 0     F44 0   F46_3 0
F27_3 0   F30_2 0   F33_1 0     F36 0   F38_3 0   F41_2 0   F44_1 0
  F28 0   F30_3 0   F33_2 0   F36_1 0     F39 0   F41_3 0   F44_2 0
F28_1 0     F31 0   F33_3 0   F36_2 0   F39_1 0     F42 0   F44_3 0
F28_2 0   F31_1 0     F34 0   F36_3 0   F39_2 0   F42_1 0     F45 0
;

Y [*] :=
  F26 211.04   F30_1   0      F34_2   0      F38_3   0        F43 211.04
F26_1   0      F30_2   0      F34_3   0        F39   0      F43_1   0
F26_2 211.04   F30_3   0        F35 211.04   F39_1 211.04   F43_2   0
F26_3   0        F31 211.04   F35_1   0      F39_2   0      F43_3   0
  F27 211.04   F31_1 211.04   F35_2   0      F39_3 211.04     F44 211.04
F27_1 211.04   F31_2   0      F35_3   0        F40 211.04   F44_1   0
F27_2 211.04   F31_3   0        F36   0      F40_1 211.04   F44_2   0
F27_3 211.04     F32 211.04   F36_1 211.04   F40_2   0      F44_3 211.04
  F28 211.04   F32_1   0      F36_2 211.04   F40_3   0        F45   0
F28_1   0      F32_2   0      F36_3   0        F41 211.04   F45_1   0
F28_2   0      F32_3   0        F37   0      F41_1   0      F45_2 211.04
F28_3 211.04     F33 211.04   F37_1 211.04   F41_2   0      F45_3   0
  F29 211.04   F33_1   0      F37_2 211.04   F41_3   0        F46   0
F29_1   0      F33_2   0      F37_3 211.04     F42   0      F46_1   0
F29_2 211.04   F33_3   0        F38 211.04   F42_1   0      F46_2   0
F29_3 211.04     F34   0      F38_1 211.04   F42_2   0      F46_3   0
  F30 211.04   F34_1   0      F38_2   0      F42_3   0
;

