MIP Gap (%):  44.372789633275325
_solve_elapsed_time = 28801.2

TotalCost = 5338.31

x [*,*]
:      C1 C10 C11     C12    C13 C14     C15        C16    C17 C18 C19  C2 C20 :=
C1      .   0   0   0          0   0   0          0          0   0   0   0   0
C10     0   .   0   0          0   0   0          0          1   0   0   0   0
C11     0   0   .   0          0   0   0          0          0   0   0   0   0
C12     0   0   0    .         0   0   0          0          0   0   0   0   0
C13     0   0   0   0          .   0   0          0          0   0   0   1   0
C14     0   0   0   0          1   .   0          0          0   0   0   0   0
C15     0   0   1   0          0   0    .         0          0   0   0   0   0
C16     0   0   0   0          0   0   0           .         0   0   1   0   0
C17     0   0   0   0          0   0   0          0          .   0   0   0   0
C18     0   0   0   0          0   1   0          0          0   .   0   0   0
C19     0   0   0   0          0   0   0          0          0   0   .   0   0
C2      0   0   0   0          0   0   0          0          0   0   0   .   0
C20     0   0   0   0          0   0   0          0          0   0   0   0   .
C21     0   0   0   0          0   0   0          0          0   0   0   0   0
C22     0   1   0   0          0   0   0          0          0   0   0   0   0
C23     0   0   0   0          0   0   0.999999   0          0   0   0   0   0
C24     0   0   0   0          0   0   0          0          0   0   0   0   0
C25     0   0   0   0          0   0   0          0          0   0   0   0   1
C3      0   0   0   0          0   0   0          0.999999   0   0   0   0   0
C4      0   0   0   0          0   0   0          0          0   0   0   0   0
C5      0   0   0   0          0   0   0          0          0   0   0   0   0
C6      0   0   0   0          0   0   0          0          0   0   0   0   0
C7      0   0   0   0          0   0   0          0          0   0   0   0   0
C8      0   0   0   0          0   0   0          0          0   1   0   0   0
C9      0   0   0   0          0   0   0          0          0   0   0   0   0
F26     0   0   0   0          0   0   0          0          0   0   0   0   0
F26_1   0   0   0   0          0   0   0          0          0   0   0   0   0
F26_2   0   0   0   0          0   0   0          0          0   0   0   0   0
F26_3   0   0   0   0          0   0   0          0          0   0   0   0   0
F27     0   0   0   0          0   0   0          0          0   0   0   0   0
F27_1   0   0   0   0          0   0   0          0          0   0   0   0   0
F27_2   0   0   0   0          0   0   0          0          0   0   0   0   0
F27_3   0   0   0   0          0   0   0          0          0   0   0   0   0
F28     0   0   0   0          0   0   0          0          0   0   0   0   0
F28_1   0   0   0   0          0   0   0          0          0   0   0   0   0
F28_2   0   0   0   0          0   0   0          0          0   0   0   0   0
F28_3   0   0   0   0          0   0   0          0          0   0   0   0   0
F29     0   0   0   0          0   0   0          0          0   0   0   0   0
F29_1   0   0   0   0          0   0   0          0          0   0   0   0   0
F29_2   0   0   0   0          0   0   0          0          0   0   0   0   0
F29_3   0   0   0   0          0   0   0          0          0   0   0   0   0
F30     0   0   0   0          0   0   0          0          0   0   0   0   0
F30_1   0   0   0   0          0   0   0          0          0   0   0   0   0
F30_2   0   0   0   0          0   0   0          0          0   0   0   0   0
F30_3   0   0   0   0          0   0   0          0          0   0   0   0   0
F31     0   0   0   0          0   0   0          0          0   0   0   0   0
F31_1   0   0   0   0          0   0   0          0          0   0   0   0   0
F31_2   0   0   0   0          0   0   0          0          0   0   0   0   0
F31_3   0   0   0   0          0   0   0          0          0   0   0   0   0
F32     0   0   0   0          0   0   0          0          0   0   0   0   0
F32_1   0   0   0   0          0   0   0          0          0   0   0   0   0
F32_2   0   0   0   0          0   0   0          0          0   0   0   0   0
F32_3   0   0   0   0          0   0   0          0          0   0   0   0   0
F33     0   0   0   0          0   0   0          0          0   0   0   0   0
F33_1   0   0   0   0          0   0   0          0          0   0   0   0   0
F33_2   0   0   0   0          0   0   0          0          0   0   0   0   0
F33_3   0   0   0   0          0   0   0          0          0   0   0   0   0
F34     0   0   0   0          0   0   0          0          0   0   0   0   0
F34_1   0   0   0   0          0   0   0          0          0   0   0   0   0
F34_2   0   0   0   0          0   0   0          0          0   0   0   0   0
F34_3   0   0   0   0          0   0   0          0          0   0   0   0   0
F35     0   0   0   0          0   0   0          0          0   0   0   0   0
F35_1   0   0   0   0          0   0   0          0          0   0   0   0   0
F35_2   0   0   0   0          0   0   0          0          0   0   0   0   0
F35_3   0   0   0   0          0   0   0          0          0   0   0   0   0
F36     0   0   0   0          0   0   0          0          0   0   0   0   0
F36_1   0   0   0   0          0   0   0          0          0   0   0   0   0
F36_2   0   0   0   0          0   0   0          0          0   0   0   0   0
F36_3   0   0   0   0          0   0   0          0          0   0   0   0   0
F37     0   0   0   0          0   0   0          0          0   0   0   0   0
F37_1   0   0   0   0          0   0   0          0          0   0   0   0   0
F37_2   0   0   0   0          0   0   0          0          0   0   0   0   0
F37_3   0   0   0   0          0   0   0          0          0   0   0   0   0
F38     0   0   0   0          0   0   0          0          0   0   0   0   0
F38_1   0   0   0   0          0   0   0          0          0   0   0   0   0
F38_2   0   0   0   0          0   0   0          0          0   0   0   0   0
F38_3   0   0   0   0          0   0   0          0          0   0   0   0   0
F39     0   0   0   0          0   0   0          0          0   0   0   0   0
F39_1   0   0   0   0          0   0   0          0          0   0   0   0   0
F39_2   0   0   0   0          0   0   0          0          0   0   0   0   0
F39_3   0   0   0   0          0   0   0          0          0   0   0   0   0
F40     0   0   0   0          0   0   0          0          0   0   0   0   0
F40_1   0   0   0   0          0   0   0          0          0   0   0   0   0
F40_2   0   0   0   0          0   0   0          0          0   0   0   0   0
F40_3   0   0   0   0          0   0   0          0          0   0   0   0   0
F41     0   0   0   0          0   0   0          0          0   0   0   0   0
F41_1   0   0   0   0          0   0   0          0          0   0   0   0   0
F41_2   0   0   0   0          0   0   0          0          0   0   0   0   0
F41_3   0   0   0   0          0   0   0          0          0   0   0   0   0
F42     0   0   0   0          0   0   0          0          0   0   0   0   0
F42_1   0   0   0   0          0   0   0          0          0   0   0   0   0
F42_2   0   0   0   0          0   0   0          0          0   0   0   0   0
F42_3   0   0   0   0          0   0   0          0          0   0   0   0   0
F43     0   0   0   0          0   0   0          0          0   0   0   0   0
F43_1   0   0   0   0          0   0   0          0          0   0   0   0   0
F43_2   0   0   0   0          0   0   0          0          0   0   0   0   0
F43_3   0   0   0   0          0   0   0          0          0   0   0   0   0
F44     0   0   0   0          0   0   0          0          0   0   0   0   0
F44_1   0   0   0   0          0   0   0          0          0   0   0   0   0
F44_2   0   0   0   0          0   0   0          0          0   0   0   0   0
F44_3   0   0   0   0          0   0   0          0          0   0   0   0   0
F45     0   0   0   0          0   0   0          0          0   0   0   0   0
F45_1   0   0   0   0          0   0   0          0          0   0   0   0   0
F45_2   0   0   0   0          0   0   0          0          0   0   0   0   0
F45_3   0   0   0   0          0   0   0          0          0   0   0   0   0
F46     0   0   0   0          0   0   0          0          0   0   0   0   0
F46_1   0   0   0   0          0   0   0          0          0   0   0   0   0
F46_2   0   0   0   0          0   0   0          0          0   0   0   0   0
F46_3   0   0   0   0          0   0   0          0          0   0   0   0   0
N0      1   0   0   0.999999   0   0   0          0          0   0   0   0   0
Nσ      0   0   0   0          0   0   0          0          0   0   0   0   0

# $14 = F26_1
:     C21 C22 C23 C24 C25       C3       C4  C5  C6  C7  C8      C9    F26 $14 :=
C1      0   1   0   0   0   0             0   0   0   0   0   0          0   0
C10     0   0   0   0   0   0             0   0   0   0   0   0          0   0
C11     0   0   0   0   0   0             0   0   0   0   0   0.999999   0   0
C12     0   0   1   0   0   0             0   0   0   0   0   0          0   0
C13     0   0   0   0   0   0             0   0   0   0   0   0          0   0
C14     0   0   0   0   0   0             0   0   0   0   0   0          0   0
C15     0   0   0   0   0   0             0   0   0   0   0   0          0   0
C16     0   0   0   0   0   0             0   0   0   0   0   0          0   0
C17     0   0   0   0   0   0             0   0   0   0   1   0          0   0
C18     0   0   0   0   0   0             0   0   0   0   0   0          0   0
C19     1   0   0   0   0   0             0   0   0   0   0   0          0   0
C2      0   0   0   0   0   0             0   0   0   0   0   0          0   0
C20     0   0   0   0   0   0             0   1   0   0   0   0          0   0
C21     .   0   0   0   0   0             0   0   0   0   0   0          0   0
C22     0   .   0   0   0   0             0   0   0   0   0   0          0   0
C23     0   0   .   0   0   0             0   0   0   0   0   0          0   0
C24     0   0   0   .   1   0             0   0   0   0   0   0          0   0
C25     0   0   0   0   .   0             0   0   0   0   0   0          0   0
C3      0   0   0   0   0    .            0   0   0   0   0   0          0   0
C4      0   0   0   1   0   0             .   0   0   0   0   0          0   0
C5      0   0   0   0   0   0             0   .   0   0   0   0          0   0
C6      0   0   0   0   0   0             1   0   .   0   0   0          0   0
C7      0   0   0   0   0   0             0   0   1   .   0   0          0   0
C8      0   0   0   0   0   0             0   0   0   0   .   0          0   0
C9      0   0   0   0   0   0.999998      0   0   0   0   0    .         0   0
F26     0   0   0   0   0   0             0   0   0   0   0   0          .   0
F26_1   0   0   0   0   0   0             0   0   0   0   0   0          0   .
F26_2   0   0   0   0   0   0             0   0   0   0   0   0          0   0
F26_3   0   0   0   0   0   0             0   0   0   0   0   0          0   0
F27     0   0   0   0   0   0             0   0   0   0   0   0          0   0
F27_1   0   0   0   0   0   0             0   0   0   0   0   0          0   0
F27_2   0   0   0   0   0   0             0   0   0   0   0   0          0   0
F27_3   0   0   0   0   0   0             0   0   0   0   0   0          0   0
F28     0   0   0   0   0   0             0   0   0   0   0   0          0   0
F28_1   0   0   0   0   0   0             0   0   0   0   0   0          0   0
F28_2   0   0   0   0   0   0             0   0   0   0   0   0          0   0
F28_3   0   0   0   0   0   0             0   0   0   0   0   0          0   0
F29     0   0   0   0   0   0             0   0   0   0   0   0          0   0
F29_1   0   0   0   0   0   0             0   0   0   0   0   0          0   0
F29_2   0   0   0   0   0   0             0   0   0   0   0   0          0   0
F29_3   0   0   0   0   0   0             0   0   0   0   0   0          0   0
F30     0   0   0   0   0   0             0   0   0   0   0   0          0   0
F30_1   0   0   0   0   0   0             0   0   0   0   0   0          0   0
F30_2   0   0   0   0   0   0             0   0   0   0   0   0          0   0
F30_3   0   0   0   0   0   0             0   0   0   0   0   0          0   0
F31     0   0   0   0   0   0             0   0   0   0   0   0          0   0
F31_1   0   0   0   0   0   0             0   0   0   0   0   0          0   0
F31_2   0   0   0   0   0   0             0   0   0   0   0   0          0   0
F31_3   0   0   0   0   0   9.37003e-07   0   0   0   0   0   0          0   0
F32     0   0   0   0   0   0             0   0   0   0   0   0          0   0
F32_1   0   0   0   0   0   0             0   0   0   0   0   0          0   0
F32_2   0   0   0   0   0   0             0   0   0   0   0   0          0   0
F32_3   0   0   0   0   0   0             0   0   0   0   0   0          0   0
F33     0   0   0   0   0   0             0   0   0   0   0   0          0   0
F33_1   0   0   0   0   0   0             0   0   0   0   0   0          0   0
F33_2   0   0   0   0   0   0             0   0   0   0   0   0          0   0
F33_3   0   0   0   0   0   0             0   0   0   0   0   0          0   0
F34     0   0   0   0   0   0             0   0   0   0   0   0          0   0
F34_1   0   0   0   0   0   0             0   0   0   0   0   0          0   0
F34_2   0   0   0   0   0   0             0   0   0   0   0   0          0   0
F34_3   0   0   0   0   0   0             0   0   0   0   0   0          0   0
F35     0   0   0   0   0   0             0   0   0   0   0   0          0   0
F35_1   0   0   0   0   0   0             0   0   0   0   0   0          0   0
F35_2   0   0   0   0   0   0             0   0   0   0   0   0          0   0
F35_3   0   0   0   0   0   0             0   0   0   0   0   0          0   0
F36     0   0   0   0   0   0             0   0   0   0   0   0          0   0
F36_1   0   0   0   0   0   0             0   0   0   0   0   0          0   0
F36_2   0   0   0   0   0   0             0   0   0   0   0   0          0   0
F36_3   0   0   0   0   0   0             0   0   0   0   0   0          0   0
F37     0   0   0   0   0   0             0   0   0   0   0   0          0   0
F37_1   0   0   0   0   0   0             0   0   0   0   0   0          0   0
F37_2   0   0   0   0   0   0             0   0   0   0   0   0          0   0
F37_3   0   0   0   0   0   0             0   0   0   0   0   0          0   0
F38     0   0   0   0   0   0             0   0   0   0   0   0          0   0
F38_1   0   0   0   0   0   0             0   0   0   0   0   0          0   0
F38_2   0   0   0   0   0   0             0   0   0   0   0   0          0   0
F38_3   0   0   0   0   0   0             0   0   0   0   0   0          0   0
F39     0   0   0   0   0   0             0   0   0   0   0   0          0   0
F39_1   0   0   0   0   0   0             0   0   0   0   0   0          0   0
F39_2   0   0   0   0   0   0             0   0   0   0   0   0          0   0
F39_3   0   0   0   0   0   0             0   0   0   0   0   0          0   0
F40     0   0   0   0   0   0             0   0   0   0   0   0          0   0
F40_1   0   0   0   0   0   0             0   0   0   0   0   0          0   0
F40_2   0   0   0   0   0   0             0   0   0   0   0   0          0   0
F40_3   0   0   0   0   0   0             0   0   0   0   0   0          0   0
F41     0   0   0   0   0   0             0   0   0   0   0   0          0   0
F41_1   0   0   0   0   0   0             0   0   0   0   0   0          0   0
F41_2   0   0   0   0   0   0             0   0   0   0   0   0          0   0
F41_3   0   0   0   0   0   0             0   0   0   0   0   0          0   0
F42     0   0   0   0   0   0             0   0   0   0   0   0          0   0
F42_1   0   0   0   0   0   0             0   0   0   0   0   0          0   0
F42_2   0   0   0   0   0   0             0   0   0   0   0   0          0   0
F42_3   0   0   0   0   0   0             0   0   0   0   0   0          0   0
F43     0   0   0   0   0   0             0   0   0   0   0   0          0   0
F43_1   0   0   0   0   0   0             0   0   0   0   0   0          0   0
F43_2   0   0   0   0   0   0             0   0   0   0   0   0          0   0
F43_3   0   0   0   0   0   0             0   0   0   0   0   0          0   0
F44     0   0   0   0   0   0             0   0   0   0   0   0          0   0
F44_1   0   0   0   0   0   0             0   0   0   0   0   0          0   0
F44_2   0   0   0   0   0   0             0   0   0   0   0   0          0   0
F44_3   0   0   0   0   0   0             0   0   0   0   0   0          0   0
F45     0   0   0   0   0   0             0   0   0   0   0   0          0   0
F45_1   0   0   0   0   0   0             0   0   0   0   0   0          0   0
F45_2   0   0   0   0   0   0             0   0   0   0   0   0          0   0
F45_3   0   0   0   0   0   0             0   0   0   0   0   0          0   0
F46     0   0   0   0   0   0             0   0   0   0   0   0          0   0
F46_1   0   0   0   0   0   0             0   0   0   0   0   0          0   0
F46_2   0   0   0   0   0   0             0   0   0   0   0   0          0   0
F46_3   0   0   0   0   0   0             0   0   0   0   0   0          0   0
N0      0   0   0   0   0   0             0   0   0   1   0   0          0   0
Nσ      0   0   0   0   0   0             0   0   0   0   0   0          0   0

# $2 = F26_3
# $4 = F27_1
# $5 = F27_2
# $6 = F27_3
# $8 = F28_1
# $9 = F28_2
# $10 = F28_3
# $12 = F29_1
# $13 = F29_2
# $14 = F29_3
# $16 = F30_1
# $17 = F30_2
# $18 = F30_3
:     F26_2  $2 F27  $4  $5  $6 F28  $8  $9 $10 F29 $12 $13 $14 F30 $16 $17 $18 :=
C1       0    0   0   0   0   0   0   0   0   0   0   0   0   0   0   0   0   0
C10      0    0   0   0   0   0   0   0   0   0   0   0   0   0   0   0   0   0
C11      0    0   0   0   0   0   0   0   0   0   0   0   0   0   0   0   0   0
C12      0    0   0   0   0   0   0   0   0   0   0   0   0   0   0   0   0   0
C13      0    0   0   0   0   0   0   0   0   0   0   0   0   0   0   0   0   0
C14      0    0   0   0   0   0   0   0   0   0   0   0   0   0   0   0   0   0
C15      0    0   0   0   0   0   0   0   0   0   0   0   0   0   0   0   0   0
C16      0    0   0   0   0   0   0   0   0   0   0   0   0   0   0   0   0   0
C17      0    0   0   0   0   0   0   0   0   0   0   0   0   0   0   0   0   0
C18      0    0   0   0   0   0   0   0   0   0   0   0   0   0   0   0   0   0
C19      0    0   0   0   0   0   0   0   0   0   0   0   0   0   0   0   0   0
C2       0    0   0   0   0   0   0   0   0   0   0   0   0   0   0   0   0   0
C20      0    0   0   0   0   0   0   0   0   0   0   0   0   0   0   0   0   0
C21      0    0   0   0   0   0   0   0   0   0   0   0   0   0   0   0   0   0
C22      0    0   0   0   0   0   0   0   0   0   0   0   0   0   0   0   0   0
C23      0    0   0   0   0   0   0   0   0   0   0   0   0   0   0   0   0   0
C24      0    0   0   0   0   0   0   0   0   0   0   0   0   0   0   0   0   0
C25      0    0   0   0   0   0   0   0   0   0   0   0   0   0   0   0   0   0
C3       0    0   0   0   0   0   0   0   0   0   0   0   0   0   0   0   0   0
C4       0    0   0   0   0   0   0   0   0   0   0   0   0   0   0   0   0   0
C5       0    0   0   0   0   0   0   0   0   0   0   0   0   0   0   0   0   0
C6       0    0   0   0   0   0   0   0   0   0   0   0   0   0   0   0   0   0
C7       0    0   0   0   0   0   0   0   0   0   0   0   0   0   0   0   0   0
C8       0    0   0   0   0   0   0   0   0   0   0   0   0   0   0   0   0   0
C9       0    0   0   0   0   0   0   0   0   0   0   0   0   0   0   0   0   0
F26      0    0   0   0   0   0   0   0   0   0   0   0   0   0   0   0   0   0
F26_1    0    0   0   0   0   0   0   0   0   0   0   0   0   0   0   0   0   0
F26_2    .    0   0   0   0   0   0   0   0   0   0   0   0   0   0   0   0   0
F26_3    0    .   0   0   0   0   0   0   0   0   0   0   0   0   0   0   0   0
F27      0    0   .   0   0   0   0   0   0   0   0   0   0   0   0   0   0   0
F27_1    0    0   0   .   0   0   0   0   0   0   0   0   0   0   0   0   0   0
F27_2    0    0   0   0   .   0   0   0   0   0   0   0   0   0   0   0   0   0
F27_3    0    0   0   0   0   .   0   0   0   0   0   0   0   0   0   0   0   0
F28      0    0   0   0   0   0   .   0   0   0   0   0   0   0   0   0   0   0
F28_1    0    0   0   0   0   0   0   .   0   0   0   0   0   0   0   0   0   0
F28_2    0    0   0   0   0   0   0   0   .   0   0   0   0   0   0   0   0   0
F28_3    0    0   0   0   0   0   0   0   0   .   0   0   0   0   0   0   0   0
F29      0    0   0   0   0   0   0   0   0   0   .   0   0   0   0   0   0   0
F29_1    0    0   0   0   0   0   0   0   0   0   0   .   0   0   0   0   0   0
F29_2    0    0   0   0   0   0   0   0   0   0   0   0   .   0   0   0   0   0
F29_3    0    0   0   0   0   0   0   0   0   0   0   0   0   .   0   0   0   0
F30      0    0   0   0   0   0   0   0   0   0   0   0   0   0   .   0   0   0
F30_1    0    0   0   0   0   0   0   0   0   0   0   0   0   0   0   .   0   0
F30_2    0    0   0   0   0   0   0   0   0   0   0   0   0   0   0   0   .   0
F30_3    0    0   0   0   0   0   0   0   0   0   0   0   0   0   0   0   0   .
F31      0    0   0   0   0   0   0   0   0   0   0   0   0   0   0   0   0   0
F31_1    0    0   0   0   0   0   0   0   0   0   0   0   0   0   0   0   0   0
F31_2    0    0   0   0   0   0   0   0   0   0   0   0   0   0   0   0   0   0
F31_3    0    0   0   0   0   0   0   0   0   0   0   0   0   0   0   0   0   0
F32      0    0   0   0   0   0   0   0   0   0   0   0   0   0   0   0   0   0
F32_1    0    0   0   0   0   0   0   0   0   0   0   0   0   0   0   0   0   0
F32_2    0    0   0   0   0   0   0   0   0   0   0   0   0   0   0   0   0   0
F32_3    0    0   0   0   0   0   0   0   0   0   0   0   0   0   0   0   0   0
F33      0    0   0   0   0   0   0   0   0   0   0   0   0   0   0   0   0   0
F33_1    0    0   0   0   0   0   0   0   0   0   0   0   0   0   0   0   0   0
F33_2    0    0   0   0   0   0   0   0   0   0   0   0   0   0   0   0   0   0
F33_3    0    0   0   0   0   0   0   0   0   0   0   0   0   0   0   0   0   0
F34      0    0   0   0   0   0   0   0   0   0   0   0   0   0   0   0   0   0
F34_1    0    0   0   0   0   0   0   0   0   0   0   0   0   0   0   0   0   0
F34_2    0    0   0   0   0   0   0   0   0   0   0   0   0   0   0   0   0   0
F34_3    0    0   0   0   0   0   0   0   0   0   0   0   0   0   0   0   0   0
F35      0    0   0   0   0   0   0   0   0   0   0   0   0   0   0   0   0   0
F35_1    0    0   0   0   0   0   0   0   0   0   0   0   0   0   0   0   0   0
F35_2    0    0   0   0   0   0   0   0   0   0   0   0   0   0   0   0   0   0
F35_3    0    0   0   0   0   0   0   0   0   0   0   0   0   0   0   0   0   0
F36      0    0   0   0   0   0   0   0   0   0   0   0   0   0   0   0   0   0
F36_1    0    0   0   0   0   0   0   0   0   0   0   0   0   0   0   0   0   0
F36_2    0    0   0   0   0   0   0   0   0   0   0   0   0   0   0   0   0   0
F36_3    0    0   0   0   0   0   0   0   0   0   0   0   0   0   0   0   0   0
F37      0    0   0   0   0   0   0   0   0   0   0   0   0   0   0   0   0   0
F37_1    0    0   0   0   0   0   0   0   0   0   0   0   0   0   0   0   0   0
F37_2    0    0   0   0   0   0   0   0   0   0   0   0   0   0   0   0   0   0
F37_3    0    0   0   0   0   0   0   0   0   0   0   0   0   0   0   0   0   0
F38      0    0   0   0   0   0   0   0   0   0   0   0   0   0   0   0   0   0
F38_1    0    0   0   0   0   0   0   0   0   0   0   0   0   0   0   0   0   0
F38_2    0    0   0   0   0   0   0   0   0   0   0   0   0   0   0   0   0   0
F38_3    0    0   0   0   0   0   0   0   0   0   0   0   0   0   0   0   0   0
F39      0    0   0   0   0   0   0   0   0   0   0   0   0   0   0   0   0   0
F39_1    0    0   0   0   0   0   0   0   0   0   0   0   0   0   0   0   0   0
F39_2    0    0   0   0   0   0   0   0   0   0   0   0   0   0   0   0   0   0
F39_3    0    0   0   0   0   0   0   0   0   0   0   0   0   0   0   0   0   0
F40      0    0   0   0   0   0   0   0   0   0   0   0   0   0   0   0   0   0
F40_1    0    0   0   0   0   0   0   0   0   0   0   0   0   0   0   0   0   0
F40_2    0    0   0   0   0   0   0   0   0   0   0   0   0   0   0   0   0   0
F40_3    0    0   0   0   0   0   0   0   0   0   0   0   0   0   0   0   0   0
F41      0    0   0   0   0   0   0   0   0   0   0   0   0   0   0   0   0   0
F41_1    0    0   0   0   0   0   0   0   0   0   0   0   0   0   0   0   0   0
F41_2    0    0   0   0   0   0   0   0   0   0   0   0   0   0   0   0   0   0
F41_3    0    0   0   0   0   0   0   0   0   0   0   0   0   0   0   0   0   0
F42      0    0   0   0   0   0   0   0   0   0   0   0   0   0   0   0   0   0
F42_1    0    0   0   0   0   0   0   0   0   0   0   0   0   0   0   0   0   0
F42_2    0    0   0   0   0   0   0   0   0   0   0   0   0   0   0   0   0   0
F42_3    0    0   0   0   0   0   0   0   0   0   0   0   0   0   0   0   0   0
F43      0    0   0   0   0   0   0   0   0   0   0   0   0   0   0   0   0   0
F43_1    0    0   0   0   0   0   0   0   0   0   0   0   0   0   0   0   0   0
F43_2    0    0   0   0   0   0   0   0   0   0   0   0   0   0   0   0   0   0
F43_3    0    0   0   0   0   0   0   0   0   0   0   0   0   0   0   0   0   0
F44      0    0   0   0   0   0   0   0   0   0   0   0   0   0   0   0   0   0
F44_1    0    0   0   0   0   0   0   0   0   0   0   0   0   0   0   0   0   0
F44_2    0    0   0   0   0   0   0   0   0   0   0   0   0   0   0   0   0   0
F44_3    0    0   0   0   0   0   0   0   0   0   0   0   0   0   0   0   0   0
F45      0    0   0   0   0   0   0   0   0   0   0   0   0   0   0   0   0   0
F45_1    0    0   0   0   0   0   0   0   0   0   0   0   0   0   0   0   0   0
F45_2    0    0   0   0   0   0   0   0   0   0   0   0   0   0   0   0   0   0
F45_3    0    0   0   0   0   0   0   0   0   0   0   0   0   0   0   0   0   0
F46      0    0   0   0   0   0   0   0   0   0   0   0   0   0   0   0   0   0
F46_1    0    0   0   0   0   0   0   0   0   0   0   0   0   0   0   0   0   0
F46_2    0    0   0   0   0   0   0   0   0   0   0   0   0   0   0   0   0   0
F46_3    0    0   0   0   0   0   0   0   0   0   0   0   0   0   0   0   0   0
N0       0    0   0   0   0   0   0   0   0   0   0   0   0   0   0   0   0   0
Nσ       0    0   0   0   0   0   0   0   0   0   0   0   0   0   0   0   0   0

# $3 = F31_2
# $6 = F32_1
# $7 = F32_2
# $8 = F32_3
# $10 = F33_1
# $12 = F33_3
:     F31 F31_1  $3      F31_3    F32  $6  $7  $8 F33 $10      F33_2    $12 F34 :=
C1      0    0    0   0             0   0   0   0   0   0   0             0   0
C10     0    0    0   0             0   0   0   0   0   0   0             0   0
C11     0    0    0   0             0   0   0   0   0   0   0             0   0
C12     0    0    0   0             0   0   0   0   0   0   0             0   0
C13     0    0    0   0             0   0   0   0   0   0   0             0   0
C14     0    0    0   0             0   0   0   0   0   0   0             0   0
C15     0    0    0   0             0   0   0   0   0   0   0             0   0
C16     0    0    0   0             0   0   0   0   0   0   0             0   0
C17     0    0    0   0             0   0   0   0   0   0   0             0   0
C18     0    0    0   0             0   0   0   0   0   0   0             0   0
C19     0    0    0   0             0   0   0   0   0   0   0             0   0
C2      0    0    0   0             0   0   0   0   0   0   0             0   0
C20     0    0    0   0             0   0   0   0   0   0   0             0   0
C21     0    0    0   0             0   0   0   0   0   0   0             0   0
C22     0    0    0   0             0   0   0   0   0   0   0             0   0
C23     0    0    0   0             0   0   0   0   0   0   0             0   0
C24     0    0    0   0             0   0   0   0   0   0   0             0   0
C25     0    0    0   0             0   0   0   0   0   0   0             0   0
C3      0    0    0   0             0   0   0   0   0   0   0             0   0
C4      0    0    0   0             0   0   0   0   0   0   0             0   0
C5      0    0    0   0             0   0   0   0   0   0   0             0   0
C6      0    0    0   0             0   0   0   0   0   0   0             0   0
C7      0    0    0   0             0   0   0   0   0   0   0             0   0
C8      0    0    0   0             0   0   0   0   0   0   0             0   0
C9      0    0    0   0             0   0   0   0   0   0   9.44442e-07   0   0
F26     0    0    0   0             0   0   0   0   0   0   0             0   0
F26_1   0    0    0   0             0   0   0   0   0   0   0             0   0
F26_2   0    0    0   0             0   0   0   0   0   0   0             0   0
F26_3   0    0    0   0             0   0   0   0   0   0   0             0   0
F27     0    0    0   0             0   0   0   0   0   0   0             0   0
F27_1   0    0    0   0             0   0   0   0   0   0   0             0   0
F27_2   0    0    0   0             0   0   0   0   0   0   0             0   0
F27_3   0    0    0   0             0   0   0   0   0   0   0             0   0
F28     0    0    0   0             0   0   0   0   0   0   0             0   0
F28_1   0    0    0   0             0   0   0   0   0   0   0             0   0
F28_2   0    0    0   0             0   0   0   0   0   0   0             0   0
F28_3   0    0    0   0             0   0   0   0   0   0   0             0   0
F29     0    0    0   0             0   0   0   0   0   0   0             0   0
F29_1   0    0    0   0             0   0   0   0   0   0   0             0   0
F29_2   0    0    0   0             0   0   0   0   0   0   0             0   0
F29_3   0    0    0   0             0   0   0   0   0   0   0             0   0
F30     0    0    0   0             0   0   0   0   0   0   0             0   0
F30_1   0    0    0   0             0   0   0   0   0   0   0             0   0
F30_2   0    0    0   0             0   0   0   0   0   0   0             0   0
F30_3   0    0    0   0             0   0   0   0   0   0   0             0   0
F31     .    0    0   9.33577e-07   0   0   0   0   0   0   0             0   0
F31_1   0    .    0   0             0   0   0   0   0   0   0             0   0
F31_2   0    0    .   0             0   0   0   0   0   0   0             0   0
F31_3   0    0    0    .            0   0   0   0   0   0   0             0   0
F32     0    0    0   0             .   0   0   0   0   0   0             0   0
F32_1   0    0    0   0             0   .   0   0   0   0   0             0   0
F32_2   0    0    0   0             0   0   .   0   0   0   0             0   0
F32_3   0    0    0   0             0   0   0   .   0   0   0             0   0
F33     0    0    0   0             0   0   0   0   .   0   0             0   0
F33_1   0    0    0   0             0   0   0   0   0   .   0             0   0
F33_2   0    0    0   0             0   0   0   0   0   0    .            0   0
F33_3   0    0    0   0             0   0   0   0   0   0   0             .   0
F34     0    0    0   0             0   0   0   0   0   0   0             0   .
F34_1   0    0    0   0             0   0   0   0   0   0   0             0   0
F34_2   0    0    0   0             0   0   0   0   0   0   0             0   0
F34_3   0    0    0   0             0   0   0   0   0   0   0             0   0
F35     0    0    0   0             0   0   0   0   0   0   0             0   0
F35_1   0    0    0   0             0   0   0   0   0   0   0             0   0
F35_2   0    0    0   0             0   0   0   0   0   0   0             0   0
F35_3   0    0    0   0             0   0   0   0   0   0   0             0   0
F36     0    0    0   0             0   0   0   0   0   0   0             0   0
F36_1   0    0    0   0             0   0   0   0   0   0   0             0   0
F36_2   0    0    0   0             0   0   0   0   0   0   0             0   0
F36_3   0    0    0   0             0   0   0   0   0   0   0             0   0
F37     0    0    0   0             0   0   0   0   0   0   0             0   0
F37_1   0    0    0   0             0   0   0   0   0   0   0             0   0
F37_2   0    0    0   0             0   0   0   0   0   0   0             0   0
F37_3   0    0    0   0             0   0   0   0   0   0   0             0   0
F38     0    0    0   0             0   0   0   0   0   0   0             0   0
F38_1   0    0    0   0             0   0   0   0   0   0   0             0   0
F38_2   0    0    0   0             0   0   0   0   0   0   0             0   0
F38_3   0    0    0   0             0   0   0   0   0   0   0             0   0
F39     0    0    0   0             0   0   0   0   0   0   0             0   0
F39_1   0    0    0   0             0   0   0   0   0   0   0             0   0
F39_2   0    0    0   0             0   0   0   0   0   0   0             0   0
F39_3   0    0    0   0             0   0   0   0   0   0   0             0   0
F40     0    0    0   0             0   0   0   0   0   0   0             0   0
F40_1   0    0    0   0             0   0   0   0   0   0   0             0   0
F40_2   0    0    0   0             0   0   0   0   0   0   0             0   0
F40_3   0    0    0   0             0   0   0   0   0   0   0             0   0
F41     0    0    0   0             0   0   0   0   0   0   0             0   0
F41_1   0    0    0   0             0   0   0   0   0   0   0             0   0
F41_2   0    0    0   0             0   0   0   0   0   0   0             0   0
F41_3   0    0    0   0             0   0   0   0   0   0   0             0   0
F42     0    0    0   0             0   0   0   0   0   0   0             0   0
F42_1   0    0    0   0             0   0   0   0   0   0   0             0   0
F42_2   0    0    0   0             0   0   0   0   0   0   0             0   0
F42_3   0    0    0   0             0   0   0   0   0   0   0             0   0
F43     0    0    0   0             0   0   0   0   0   0   0             0   0
F43_1   0    0    0   0             0   0   0   0   0   0   0             0   0
F43_2   0    0    0   0             0   0   0   0   0   0   0             0   0
F43_3   0    0    0   0             0   0   0   0   0   0   0             0   0
F44     0    0    0   0             0   0   0   0   0   0   0             0   0
F44_1   0    0    0   0             0   0   0   0   0   0   0             0   0
F44_2   0    0    0   0             0   0   0   0   0   0   0             0   0
F44_3   0    0    0   0             0   0   0   0   0   0   0             0   0
F45     0    0    0   0             0   0   0   0   0   0   0             0   0
F45_1   0    0    0   0             0   0   0   0   0   0   0             0   0
F45_2   0    0    0   0             0   0   0   0   0   0   0             0   0
F45_3   0    0    0   0             0   0   0   0   0   0   0             0   0
F46     0    0    0   0             0   0   0   0   0   0   0             0   0
F46_1   0    0    0   0             0   0   0   0   0   0   0             0   0
F46_2   0    0    0   0             0   0   0   0   0   0   0             0   0
F46_3   0    0    0   0             0   0   0   0   0   0   0             0   0
N0      0    0    0   0             0   0   0   0   0   0   0             0   0
Nσ      0    0    0   0             0   0   0   0   0   0   0             0   0

# $2 = F34_2
# $3 = F34_3
# $5 = F35_1
# $6 = F35_2
# $7 = F35_3
# $9 = F36_1
# $10 = F36_2
# $11 = F36_3
# $13 = F37_1
# $14 = F37_2
# $15 = F37_3
# $17 = F38_1
# $18 = F38_2
:     F34_1  $2  $3 F35  $5  $6  $7 F36  $9 $10 $11 F37 $13 $14 $15 F38 $17 $18 :=
C1       0    0   0   0   0   0   0   0   0   0   0   0   0   0   0   0   0   0
C10      0    0   0   0   0   0   0   0   0   0   0   0   0   0   0   0   0   0
C11      0    0   0   0   0   0   0   0   0   0   0   0   0   0   0   0   0   0
C12      0    0   0   0   0   0   0   0   0   0   0   0   0   0   0   0   0   0
C13      0    0   0   0   0   0   0   0   0   0   0   0   0   0   0   0   0   0
C14      0    0   0   0   0   0   0   0   0   0   0   0   0   0   0   0   0   0
C15      0    0   0   0   0   0   0   0   0   0   0   0   0   0   0   0   0   0
C16      0    0   0   0   0   0   0   0   0   0   0   0   0   0   0   0   0   0
C17      0    0   0   0   0   0   0   0   0   0   0   0   0   0   0   0   0   0
C18      0    0   0   0   0   0   0   0   0   0   0   0   0   0   0   0   0   0
C19      0    0   0   0   0   0   0   0   0   0   0   0   0   0   0   0   0   0
C2       0    0   0   0   0   0   0   0   0   0   0   0   0   0   0   0   0   0
C20      0    0   0   0   0   0   0   0   0   0   0   0   0   0   0   0   0   0
C21      0    0   0   0   0   0   0   0   0   0   0   0   0   0   0   0   0   0
C22      0    0   0   0   0   0   0   0   0   0   0   0   0   0   0   0   0   0
C23      0    0   0   0   0   0   0   0   0   0   0   0   0   0   0   0   0   0
C24      0    0   0   0   0   0   0   0   0   0   0   0   0   0   0   0   0   0
C25      0    0   0   0   0   0   0   0   0   0   0   0   0   0   0   0   0   0
C3       0    0   0   0   0   0   0   0   0   0   0   0   0   0   0   0   0   0
C4       0    0   0   0   0   0   0   0   0   0   0   0   0   0   0   0   0   0
C5       0    0   0   0   0   0   0   0   0   0   0   0   0   0   0   0   0   0
C6       0    0   0   0   0   0   0   0   0   0   0   0   0   0   0   0   0   0
C7       0    0   0   0   0   0   0   0   0   0   0   0   0   0   0   0   0   0
C8       0    0   0   0   0   0   0   0   0   0   0   0   0   0   0   0   0   0
C9       0    0   0   0   0   0   0   0   0   0   0   0   0   0   0   0   0   0
F26      0    0   0   0   0   0   0   0   0   0   0   0   0   0   0   0   0   0
F26_1    0    0   0   0   0   0   0   0   0   0   0   0   0   0   0   0   0   0
F26_2    0    0   0   0   0   0   0   0   0   0   0   0   0   0   0   0   0   0
F26_3    0    0   0   0   0   0   0   0   0   0   0   0   0   0   0   0   0   0
F27      0    0   0   0   0   0   0   0   0   0   0   0   0   0   0   0   0   0
F27_1    0    0   0   0   0   0   0   0   0   0   0   0   0   0   0   0   0   0
F27_2    0    0   0   0   0   0   0   0   0   0   0   0   0   0   0   0   0   0
F27_3    0    0   0   0   0   0   0   0   0   0   0   0   0   0   0   0   0   0
F28      0    0   0   0   0   0   0   0   0   0   0   0   0   0   0   0   0   0
F28_1    0    0   0   0   0   0   0   0   0   0   0   0   0   0   0   0   0   0
F28_2    0    0   0   0   0   0   0   0   0   0   0   0   0   0   0   0   0   0
F28_3    0    0   0   0   0   0   0   0   0   0   0   0   0   0   0   0   0   0
F29      0    0   0   0   0   0   0   0   0   0   0   0   0   0   0   0   0   0
F29_1    0    0   0   0   0   0   0   0   0   0   0   0   0   0   0   0   0   0
F29_2    0    0   0   0   0   0   0   0   0   0   0   0   0   0   0   0   0   0
F29_3    0    0   0   0   0   0   0   0   0   0   0   0   0   0   0   0   0   0
F30      0    0   0   0   0   0   0   0   0   0   0   0   0   0   0   0   0   0
F30_1    0    0   0   0   0   0   0   0   0   0   0   0   0   0   0   0   0   0
F30_2    0    0   0   0   0   0   0   0   0   0   0   0   0   0   0   0   0   0
F30_3    0    0   0   0   0   0   0   0   0   0   0   0   0   0   0   0   0   0
F31      0    0   0   0   0   0   0   0   0   0   0   0   0   0   0   0   0   0
F31_1    0    0   0   0   0   0   0   0   0   0   0   0   0   0   0   0   0   0
F31_2    0    0   0   0   0   0   0   0   0   0   0   0   0   0   0   0   0   0
F31_3    0    0   0   0   0   0   0   0   0   0   0   0   0   0   0   0   0   0
F32      0    0   0   0   0   0   0   0   0   0   0   0   0   0   0   0   0   0
F32_1    0    0   0   0   0   0   0   0   0   0   0   0   0   0   0   0   0   0
F32_2    0    0   0   0   0   0   0   0   0   0   0   0   0   0   0   0   0   0
F32_3    0    0   0   0   0   0   0   0   0   0   0   0   0   0   0   0   0   0
F33      0    0   0   0   0   0   0   0   0   0   0   0   0   0   0   0   0   0
F33_1    0    0   0   0   0   0   0   0   0   0   0   0   0   0   0   0   0   0
F33_2    0    0   0   0   0   0   0   0   0   0   0   0   0   0   0   0   0   0
F33_3    0    0   0   0   0   0   0   0   0   0   0   0   0   0   0   0   0   0
F34      0    0   0   0   0   0   0   0   0   0   0   0   0   0   0   0   0   0
F34_1    .    0   0   0   0   0   0   0   0   0   0   0   0   0   0   0   0   0
F34_2    0    .   0   0   0   0   0   0   0   0   0   0   0   0   0   0   0   0
F34_3    0    0   .   0   0   0   0   0   0   0   0   0   0   0   0   0   0   0
F35      0    0   0   .   0   0   0   0   0   0   0   0   0   0   0   0   0   0
F35_1    0    0   0   0   .   0   0   0   0   0   0   0   0   0   0   0   0   0
F35_2    0    0   0   0   0   .   0   0   0   0   0   0   0   0   0   0   0   0
F35_3    0    0   0   0   0   0   .   0   0   0   0   0   0   0   0   0   0   0
F36      0    0   0   0   0   0   0   .   0   0   1   0   0   0   0   0   0   0
F36_1    0    0   0   0   0   0   0   0   .   0   0   0   0   0   0   0   0   0
F36_2    0    0   0   0   0   0   0   0   0   .   0   0   0   0   0   0   0   0
F36_3    0    0   0   0   0   0   0   1   0   0   .   0   0   0   0   0   0   0
F37      0    0   0   0   0   0   0   0   0   0   0   .   0   0   0   0   0   0
F37_1    0    0   0   0   0   0   0   0   0   0   0   0   .   0   1   0   0   0
F37_2    0    0   0   0   0   0   0   0   0   0   0   0   0   .   0   0   0   0
F37_3    0    0   0   0   0   0   0   0   0   0   0   0   1   0   .   0   0   0
F38      0    0   0   0   0   0   0   0   0   0   0   0   0   0   0   .   0   0
F38_1    0    0   0   0   0   0   0   0   0   0   0   0   0   0   0   0   .   0
F38_2    0    0   0   0   0   0   0   0   0   0   0   0   0   0   0   0   0   .
F38_3    0    0   0   0   0   0   0   0   0   0   0   0   0   0   0   0   0   0
F39      0    0   0   0   0   0   0   0   0   0   0   0   0   0   0   0   0   0
F39_1    0    0   0   0   0   0   0   0   0   0   0   0   0   0   0   0   0   0
F39_2    0    0   0   0   0   0   0   0   0   0   0   0   0   0   0   0   0   0
F39_3    0    0   0   0   0   0   0   0   0   0   0   0   0   0   0   0   0   0
F40      0    0   0   0   0   0   0   0   0   0   0   0   0   0   0   0   0   0
F40_1    0    0   0   0   0   0   0   0   0   0   0   0   0   0   0   0   0   0
F40_2    0    0   0   0   0   0   0   0   0   0   0   0   0   0   0   0   0   0
F40_3    0    0   0   0   0   0   0   0   0   0   0   0   0   0   0   0   0   0
F41      0    0   0   0   0   0   0   0   0   0   0   0   0   0   0   0   0   0
F41_1    0    0   0   0   0   0   0   0   0   0   0   0   0   0   0   0   0   0
F41_2    0    0   0   0   0   0   0   0   0   0   0   0   0   0   0   0   0   0
F41_3    0    0   0   0   0   0   0   0   0   0   0   0   0   0   0   0   0   0
F42      0    0   0   0   0   0   0   0   0   0   0   0   0   0   0   0   0   0
F42_1    0    0   0   0   0   0   0   0   0   0   0   0   0   0   0   0   0   0
F42_2    0    0   0   0   0   0   0   0   0   0   0   0   0   0   0   0   0   0
F42_3    0    0   0   0   0   0   0   0   0   0   0   0   0   0   0   0   0   0
F43      0    0   0   0   0   0   0   0   0   0   0   0   0   0   0   0   0   0
F43_1    0    0   0   0   0   0   0   0   0   0   0   0   0   0   0   0   0   0
F43_2    0    0   0   0   0   0   0   0   0   0   0   0   0   0   0   0   0   0
F43_3    0    0   0   0   0   0   0   0   0   0   0   0   0   0   0   0   0   0
F44      0    0   0   0   0   0   0   0   0   0   0   0   0   0   0   0   0   0
F44_1    0    0   0   0   0   0   0   0   0   0   0   0   0   0   0   0   0   0
F44_2    0    0   0   0   0   0   0   0   0   0   0   0   0   0   0   0   0   0
F44_3    0    0   0   0   0   0   0   0   0   0   0   0   0   0   0   0   0   0
F45      0    0   0   0   0   0   0   0   0   0   0   0   0   0   0   0   0   0
F45_1    0    0   0   0   0   0   0   0   0   0   0   0   0   0   0   0   0   0
F45_2    0    0   0   0   0   0   0   0   0   0   0   0   0   0   0   0   0   0
F45_3    0    0   0   0   0   0   0   0   0   0   0   0   0   0   0   0   0   0
F46      0    0   0   0   0   0   0   0   0   0   0   0   0   0   0   0   0   0
F46_1    0    0   0   0   0   0   0   0   0   0   0   0   0   0   0   0   0   0
F46_2    0    0   0   0   0   0   0   0   0   0   0   0   0   0   0   0   0   0
F46_3    0    0   0   0   0   0   0   0   0   0   0   0   0   0   0   0   0   0
N0       0    0   0   0   0   0   0   0   0   0   0   0   0   0   0   0   0   0
Nσ       0    0   0   0   0   0   0   0   0   0   0   0   0   0   0   0   0   0

# $3 = F39_1
# $4 = F39_2
# $5 = F39_3
# $7 = F40_1
# $8 = F40_2
# $9 = F40_3
# $11 = F41_1
# $12 = F41_2
# $13 = F41_3
# $15 = F42_1
# $16 = F42_2
# $17 = F42_3
:     F38_3 F39  $3  $4  $5 F40  $7  $8  $9 F41 $11 $12 $13 F42 $15 $16 $17 F43 :=
C1       0    0   0   0   0   0   0   0   0   0   0   0   0   0   0   0   0   0
C10      0    0   0   0   0   0   0   0   0   0   0   0   0   0   0   0   0   0
C11      0    0   0   0   0   0   0   0   0   0   0   0   0   0   0   0   0   0
C12      0    0   0   0   0   0   0   0   0   0   0   0   0   0   0   0   0   0
C13      0    0   0   0   0   0   0   0   0   0   0   0   0   0   0   0   0   0
C14      0    0   0   0   0   0   0   0   0   0   0   0   0   0   0   0   0   0
C15      0    0   0   0   0   0   0   0   0   0   0   0   0   0   0   0   0   0
C16      0    0   0   0   0   0   0   0   0   0   0   0   0   0   0   0   0   0
C17      0    0   0   0   0   0   0   0   0   0   0   0   0   0   0   0   0   0
C18      0    0   0   0   0   0   0   0   0   0   0   0   0   0   0   0   0   0
C19      0    0   0   0   0   0   0   0   0   0   0   0   0   0   0   0   0   0
C2       0    0   0   0   0   0   0   0   0   0   0   0   0   0   0   0   0   0
C20      0    0   0   0   0   0   0   0   0   0   0   0   0   0   0   0   0   0
C21      0    0   0   0   0   0   0   0   0   0   0   0   0   0   0   0   0   0
C22      0    0   0   0   0   0   0   0   0   0   0   0   0   0   0   0   0   0
C23      0    0   0   0   0   0   0   0   0   0   0   0   0   0   0   0   0   0
C24      0    0   0   0   0   0   0   0   0   0   0   0   0   0   0   0   0   0
C25      0    0   0   0   0   0   0   0   0   0   0   0   0   0   0   0   0   0
C3       0    0   0   0   0   0   0   0   0   0   0   0   0   0   0   0   0   0
C4       0    0   0   0   0   0   0   0   0   0   0   0   0   0   0   0   0   0
C5       0    0   0   0   0   0   0   0   0   0   0   0   0   0   0   0   0   0
C6       0    0   0   0   0   0   0   0   0   0   0   0   0   0   0   0   0   0
C7       0    0   0   0   0   0   0   0   0   0   0   0   0   0   0   0   0   0
C8       0    0   0   0   0   0   0   0   0   0   0   0   0   0   0   0   0   0
C9       0    0   0   0   0   0   0   0   0   0   0   0   0   0   0   0   0   0
F26      0    0   0   0   0   0   0   0   0   0   0   0   0   0   0   0   0   0
F26_1    0    0   0   0   0   0   0   0   0   0   0   0   0   0   0   0   0   0
F26_2    0    0   0   0   0   0   0   0   0   0   0   0   0   0   0   0   0   0
F26_3    0    0   0   0   0   0   0   0   0   0   0   0   0   0   0   0   0   0
F27      0    0   0   0   0   0   0   0   0   0   0   0   0   0   0   0   0   0
F27_1    0    0   0   0   0   0   0   0   0   0   0   0   0   0   0   0   0   0
F27_2    0    0   0   0   0   0   0   0   0   0   0   0   0   0   0   0   0   0
F27_3    0    0   0   0   0   0   0   0   0   0   0   0   0   0   0   0   0   0
F28      0    0   0   0   0   0   0   0   0   0   0   0   0   0   0   0   0   0
F28_1    0    0   0   0   0   0   0   0   0   0   0   0   0   0   0   0   0   0
F28_2    0    0   0   0   0   0   0   0   0   0   0   0   0   0   0   0   0   0
F28_3    0    0   0   0   0   0   0   0   0   0   0   0   0   0   0   0   0   0
F29      0    0   0   0   0   0   0   0   0   0   0   0   0   0   0   0   0   0
F29_1    0    0   0   0   0   0   0   0   0   0   0   0   0   0   0   0   0   0
F29_2    0    0   0   0   0   0   0   0   0   0   0   0   0   0   0   0   0   0
F29_3    0    0   0   0   0   0   0   0   0   0   0   0   0   0   0   0   0   0
F30      0    0   0   0   0   0   0   0   0   0   0   0   0   0   0   0   0   0
F30_1    0    0   0   0   0   0   0   0   0   0   0   0   0   0   0   0   0   0
F30_2    0    0   0   0   0   0   0   0   0   0   0   0   0   0   0   0   0   0
F30_3    0    0   0   0   0   0   0   0   0   0   0   0   0   0   0   0   0   0
F31      0    0   0   0   0   0   0   0   0   0   0   0   0   0   0   0   0   0
F31_1    0    0   0   0   0   0   0   0   0   0   0   0   0   0   0   0   0   0
F31_2    0    0   0   0   0   0   0   0   0   0   0   0   0   0   0   0   0   0
F31_3    0    0   0   0   0   0   0   0   0   0   0   0   0   0   0   0   0   0
F32      0    0   0   0   0   0   0   0   0   0   0   0   0   0   0   0   0   0
F32_1    0    0   0   0   0   0   0   0   0   0   0   0   0   0   0   0   0   0
F32_2    0    0   0   0   0   0   0   0   0   0   0   0   0   0   0   0   0   0
F32_3    0    0   0   0   0   0   0   0   0   0   0   0   0   0   0   0   0   0
F33      0    0   0   0   0   0   0   0   0   0   0   0   0   0   0   0   0   0
F33_1    0    0   0   0   0   0   0   0   0   0   0   0   0   0   0   0   0   0
F33_2    0    0   0   0   0   0   0   0   0   0   0   0   0   0   0   0   0   0
F33_3    0    0   0   0   0   0   0   0   0   0   0   0   0   0   0   0   0   0
F34      0    0   0   0   0   0   0   0   0   0   0   0   0   0   0   0   0   0
F34_1    0    0   0   0   0   0   0   0   0   0   0   0   0   0   0   0   0   0
F34_2    0    0   0   0   0   0   0   0   0   0   0   0   0   0   0   0   0   0
F34_3    0    0   0   0   0   0   0   0   0   0   0   0   0   0   0   0   0   0
F35      0    0   0   0   0   0   0   0   0   0   0   0   0   0   0   0   0   0
F35_1    0    0   0   0   0   0   0   0   0   0   0   0   0   0   0   0   0   0
F35_2    0    0   0   0   0   0   0   0   0   0   0   0   0   0   0   0   0   0
F35_3    0    0   0   0   0   0   0   0   0   0   0   0   0   0   0   0   0   0
F36      0    0   0   0   0   0   0   0   0   0   0   0   0   0   0   0   0   0
F36_1    0    0   0   0   0   0   0   0   0   0   0   0   0   0   0   0   0   0
F36_2    0    0   0   0   0   0   0   0   0   0   0   0   0   0   0   0   0   0
F36_3    0    0   0   0   0   0   0   0   0   0   0   0   0   0   0   0   0   0
F37      0    0   0   0   0   0   0   0   0   0   0   0   0   0   0   0   0   0
F37_1    0    0   0   0   0   0   0   0   0   0   0   0   0   0   0   0   0   0
F37_2    0    0   0   0   0   0   0   0   0   0   0   0   0   0   0   0   0   0
F37_3    0    0   0   0   0   0   0   0   0   0   0   0   0   0   0   0   0   0
F38      0    0   0   0   0   0   0   0   0   0   0   0   0   0   0   0   0   0
F38_1    0    0   0   0   0   0   0   0   0   0   0   0   0   0   0   0   0   0
F38_2    0    0   0   0   0   0   0   0   0   0   0   0   0   0   0   0   0   0
F38_3    .    0   0   0   0   0   0   0   0   0   0   0   0   0   0   0   0   0
F39      0    .   0   0   0   0   0   0   0   0   0   0   0   0   0   0   0   0
F39_1    0    0   .   0   0   0   0   0   0   0   0   0   0   0   0   0   0   0
F39_2    0    0   0   .   0   0   0   0   0   0   0   0   0   0   0   0   0   0
F39_3    0    0   0   0   .   0   0   0   0   0   0   0   0   0   0   0   0   0
F40      0    0   0   0   0   .   0   0   0   0   0   0   0   0   0   0   0   0
F40_1    0    0   0   0   0   0   .   0   0   0   0   0   0   0   0   0   0   0
F40_2    0    0   0   0   0   0   0   .   0   0   0   0   0   0   0   0   0   0
F40_3    0    0   0   0   0   0   0   0   .   0   0   0   0   0   0   0   0   0
F41      0    0   0   0   0   0   0   0   0   .   0   0   0   0   0   0   0   0
F41_1    0    0   0   0   0   0   0   0   0   0   .   0   0   0   0   0   0   0
F41_2    0    0   0   0   0   0   0   0   0   0   0   .   0   0   0   0   0   0
F41_3    0    0   0   0   0   0   0   0   0   0   0   0   .   0   0   0   0   0
F42      0    0   0   0   0   0   0   0   0   0   0   0   0   .   0   0   0   0
F42_1    0    0   0   0   0   0   0   0   0   0   0   0   0   0   .   0   0   0
F42_2    0    0   0   0   0   0   0   0   0   0   0   0   0   0   0   .   0   0
F42_3    0    0   0   0   0   0   0   0   0   0   0   0   0   0   0   0   .   0
F43      0    0   0   0   0   0   0   0   0   0   0   0   0   0   0   0   0   .
F43_1    0    0   0   0   0   0   0   0   0   0   0   0   0   0   0   0   0   0
F43_2    0    0   0   0   0   0   0   0   0   0   0   0   0   0   0   0   0   0
F43_3    0    0   0   0   0   0   0   0   0   0   0   0   0   0   0   0   0   0
F44      0    0   0   0   0   0   0   0   0   0   0   0   0   0   0   0   0   0
F44_1    0    0   0   0   0   0   0   0   0   0   0   0   0   0   0   0   0   0
F44_2    0    0   0   0   0   0   0   0   0   0   0   0   0   0   0   0   0   0
F44_3    0    0   0   0   0   0   0   0   0   0   0   0   0   0   0   0   0   0
F45      0    0   0   0   0   0   0   0   0   0   0   0   0   0   0   0   0   0
F45_1    0    0   0   0   0   0   0   0   0   0   0   0   0   0   0   0   0   0
F45_2    0    0   0   0   0   0   0   0   0   0   0   0   0   0   0   0   0   0
F45_3    0    0   0   0   0   0   0   0   0   0   0   0   0   0   0   0   0   0
F46      0    0   0   0   0   0   0   0   0   0   0   0   0   0   0   0   0   0
F46_1    0    0   0   0   0   0   0   0   0   0   0   0   0   0   0   0   0   0
F46_2    0    0   0   0   0   0   0   0   0   0   0   0   0   0   0   0   0   0
F46_3    0    0   0   0   0   0   0   0   0   0   0   0   0   0   0   0   0   0
N0       0    0   0   0   0   0   0   0   0   0   0   0   0   0   0   0   0   0
Nσ       0    0   0   0   0   0   0   0   0   0   0   0   0   0   0   0   0   0

# $7 = F44_3
# $9 = F45_1
# $10 = F45_2
# $11 = F45_3
# $13 = F46_1
# $14 = F46_2
# $15 = F46_3
:     F43_1 F43_2 F43_3 F44 F44_1 F44_2  $7 F45  $9 $10 $11 F46 $13 $14 $15  N0 :=
C1       0     0     0    0    0     0    0   0   0   0   0   0   0   0   0   0
C10      0     0     0    0    0     0    0   0   0   0   0   0   0   0   0   0
C11      0     0     0    0    0     0    0   0   0   0   0   0   0   0   0   0
C12      0     0     0    0    0     0    0   0   0   0   0   0   0   0   0   0
C13      0     0     0    0    0     0    0   0   0   0   0   0   0   0   0   0
C14      0     0     0    0    0     0    0   0   0   0   0   0   0   0   0   0
C15      0     0     0    0    0     0    0   0   0   0   0   0   0   0   0   0
C16      0     0     0    0    0     0    0   0   0   0   0   0   0   0   0   0
C17      0     0     0    0    0     0    0   0   0   0   0   0   0   0   0   0
C18      0     0     0    0    0     0    0   0   0   0   0   0   0   0   0   0
C19      0     0     0    0    0     0    0   0   0   0   0   0   0   0   0   0
C2       0     0     0    0    0     0    0   0   0   0   0   0   0   0   0   0
C20      0     0     0    0    0     0    0   0   0   0   0   0   0   0   0   0
C21      0     0     0    0    0     0    0   0   0   0   0   0   0   0   0   0
C22      0     0     0    0    0     0    0   0   0   0   0   0   0   0   0   0
C23      0     0     0    0    0     0    0   0   0   0   0   0   0   0   0   0
C24      0     0     0    0    0     0    0   0   0   0   0   0   0   0   0   0
C25      0     0     0    0    0     0    0   0   0   0   0   0   0   0   0   0
C3       0     0     0    0    0     0    0   0   0   0   0   0   0   0   0   0
C4       0     0     0    0    0     0    0   0   0   0   0   0   0   0   0   0
C5       0     0     0    0    0     0    0   0   0   0   0   0   0   0   0   0
C6       0     0     0    0    0     0    0   0   0   0   0   0   0   0   0   0
C7       0     0     0    0    0     0    0   0   0   0   0   0   0   0   0   0
C8       0     0     0    0    0     0    0   0   0   0   0   0   0   0   0   0
C9       0     0     0    0    0     0    0   0   0   0   0   0   0   0   0   0
F26      0     0     0    0    0     0    0   0   0   0   0   0   0   0   0   0
F26_1    0     0     0    0    0     0    0   0   0   0   0   0   0   0   0   0
F26_2    0     0     0    0    0     0    0   0   0   0   0   0   0   0   0   0
F26_3    0     0     0    0    0     0    0   0   0   0   0   0   0   0   0   0
F27      0     0     0    0    0     0    0   0   0   0   0   0   0   0   0   0
F27_1    0     0     0    0    0     0    0   0   0   0   0   0   0   0   0   0
F27_2    0     0     0    0    0     0    0   0   0   0   0   0   0   0   0   0
F27_3    0     0     0    0    0     0    0   0   0   0   0   0   0   0   0   0
F28      0     0     0    0    0     0    0   0   0   0   0   0   0   0   0   0
F28_1    0     0     0    0    0     0    0   0   0   0   0   0   0   0   0   0
F28_2    0     0     0    0    0     0    0   0   0   0   0   0   0   0   0   0
F28_3    0     0     0    0    0     0    0   0   0   0   0   0   0   0   0   0
F29      0     0     0    0    0     0    0   0   0   0   0   0   0   0   0   0
F29_1    0     0     0    0    0     0    0   0   0   0   0   0   0   0   0   0
F29_2    0     0     0    0    0     0    0   0   0   0   0   0   0   0   0   0
F29_3    0     0     0    0    0     0    0   0   0   0   0   0   0   0   0   0
F30      0     0     0    0    0     0    0   0   0   0   0   0   0   0   0   0
F30_1    0     0     0    0    0     0    0   0   0   0   0   0   0   0   0   0
F30_2    0     0     0    0    0     0    0   0   0   0   0   0   0   0   0   0
F30_3    0     0     0    0    0     0    0   0   0   0   0   0   0   0   0   0
F31      0     0     0    0    0     0    0   0   0   0   0   0   0   0   0   0
F31_1    0     0     0    0    0     0    0   0   0   0   0   0   0   0   0   0
F31_2    0     0     0    0    0     0    0   0   0   0   0   0   0   0   0   0
F31_3    0     0     0    0    0     0    0   0   0   0   0   0   0   0   0   0
F32      0     0     0    0    0     0    0   0   0   0   0   0   0   0   0   0
F32_1    0     0     0    0    0     0    0   0   0   0   0   0   0   0   0   0
F32_2    0     0     0    0    0     0    0   0   0   0   0   0   0   0   0   0
F32_3    0     0     0    0    0     0    0   0   0   0   0   0   0   0   0   0
F33      0     0     0    0    0     0    0   0   0   0   0   0   0   0   0   0
F33_1    0     0     0    0    0     0    0   0   0   0   0   0   0   0   0   0
F33_2    0     0     0    0    0     0    0   0   0   0   0   0   0   0   0   0
F33_3    0     0     0    0    0     0    0   0   0   0   0   0   0   0   0   0
F34      0     0     0    0    0     0    0   0   0   0   0   0   0   0   0   0
F34_1    0     0     0    0    0     0    0   0   0   0   0   0   0   0   0   0
F34_2    0     0     0    0    0     0    0   0   0   0   0   0   0   0   0   0
F34_3    0     0     0    0    0     0    0   0   0   0   0   0   0   0   0   0
F35      0     0     0    0    0     0    0   0   0   0   0   0   0   0   0   0
F35_1    0     0     0    0    0     0    0   0   0   0   0   0   0   0   0   0
F35_2    0     0     0    0    0     0    0   0   0   0   0   0   0   0   0   0
F35_3    0     0     0    0    0     0    0   0   0   0   0   0   0   0   0   0
F36      0     0     0    0    0     0    0   0   0   0   0   0   0   0   0   0
F36_1    0     0     0    0    0     0    0   0   0   0   0   0   0   0   0   0
F36_2    0     0     0    0    0     0    0   0   0   0   0   0   0   0   0   0
F36_3    0     0     0    0    0     0    0   0   0   0   0   0   0   0   0   0
F37      0     0     0    0    0     0    0   0   0   0   0   0   0   0   0   0
F37_1    0     0     0    0    0     0    0   0   0   0   0   0   0   0   0   0
F37_2    0     0     0    0    0     0    0   0   0   0   0   0   0   0   0   0
F37_3    0     0     0    0    0     0    0   0   0   0   0   0   0   0   0   0
F38      0     0     0    0    0     0    0   0   0   0   0   0   0   0   0   0
F38_1    0     0     0    0    0     0    0   0   0   0   0   0   0   0   0   0
F38_2    0     0     0    0    0     0    0   0   0   0   0   0   0   0   0   0
F38_3    0     0     0    0    0     0    0   0   0   0   0   0   0   0   0   0
F39      0     0     0    0    0     0    0   0   0   0   0   0   0   0   0   0
F39_1    0     0     0    0    0     0    0   0   0   0   0   0   0   0   0   0
F39_2    0     0     0    0    0     0    0   0   0   0   0   0   0   0   0   0
F39_3    0     0     0    0    0     0    0   0   0   0   0   0   0   0   0   0
F40      0     0     0    0    0     0    0   0   0   0   0   0   0   0   0   0
F40_1    0     0     0    0    0     0    0   0   0   0   0   0   0   0   0   0
F40_2    0     0     0    0    0     0    0   0   0   0   0   0   0   0   0   0
F40_3    0     0     0    0    0     0    0   0   0   0   0   0   0   0   0   0
F41      0     0     0    0    0     0    0   0   0   0   0   0   0   0   0   0
F41_1    0     0     0    0    0     0    0   0   0   0   0   0   0   0   0   0
F41_2    0     0     0    0    0     0    0   0   0   0   0   0   0   0   0   0
F41_3    0     0     0    0    0     0    0   0   0   0   0   0   0   0   0   0
F42      0     0     0    0    0     0    0   0   0   0   0   0   0   0   0   0
F42_1    0     0     0    0    0     0    0   0   0   0   0   0   0   0   0   0
F42_2    0     0     0    0    0     0    0   0   0   0   0   0   0   0   0   0
F42_3    0     0     0    0    0     0    0   0   0   0   0   0   0   0   0   0
F43      0     0     0    0    0     0    0   0   0   0   0   0   0   0   0   0
F43_1    .     0     0    0    0     0    0   0   0   0   0   0   0   0   0   0
F43_2    0     .     0    0    0     0    0   0   0   0   0   0   0   0   0   0
F43_3    0     0     .    0    0     0    0   0   0   0   0   0   0   0   0   0
F44      0     0     0    .    0     0    0   0   0   0   0   0   0   0   0   0
F44_1    0     0     0    0    .     0    0   0   0   0   0   0   0   0   0   0
F44_2    0     0     0    0    0     .    0   0   0   0   0   0   0   0   0   0
F44_3    0     0     0    0    0     0    .   0   0   0   0   0   0   0   0   0
F45      0     0     0    0    0     0    0   .   0   0   0   0   0   0   0   0
F45_1    0     0     0    0    0     0    0   0   .   0   0   0   0   0   0   0
F45_2    0     0     0    0    0     0    0   0   0   .   0   0   0   0   0   0
F45_3    0     0     0    0    0     0    0   0   0   0   .   0   0   0   0   0
F46      0     0     0    0    0     0    0   0   0   0   0   .   0   0   0   0
F46_1    0     0     0    0    0     0    0   0   0   0   0   0   .   0   0   0
F46_2    0     0     0    0    0     0    0   0   0   0   0   0   0   .   0   0
F46_3    0     0     0    0    0     0    0   0   0   0   0   0   0   0   .   0
N0       0     0     0    0    0     0    0   0   0   0   0   0   0   0   0   .
Nσ       0     0     0    0    0     0    0   0   0   0   0   0   0   0   0   0

:          Nσ       :=
C1      0
C10     0
C11     0
C12     0
C13     0
C14     0
C15     0
C16     0
C17     0
C18     0
C19     0
C2      1
C20     0
C21     0.999999
C22     0
C23     0
C24     0
C25     0
C3      0
C4      0
C5      1
C6      0
C7      0
C8      0
C9      0
F26     0
F26_1   0
F26_2   0
F26_3   0
F27     0
F27_1   0
F27_2   0
F27_3   0
F28     0
F28_1   0
F28_2   0
F28_3   0
F29     0
F29_1   0
F29_2   0
F29_3   0
F30     0
F30_1   0
F30_2   0
F30_3   0
F31     0
F31_1   0
F31_2   0
F31_3   0
F32     0
F32_1   0
F32_2   0
F32_3   0
F33     0
F33_1   0
F33_2   0
F33_3   0
F34     0
F34_1   0
F34_2   0
F34_3   0
F35     0
F35_1   0
F35_2   0
F35_3   0
F36     0
F36_1   0
F36_2   0
F36_3   0
F37     0
F37_1   0
F37_2   0
F37_3   0
F38     0
F38_1   0
F38_2   0
F38_3   0
F39     0
F39_1   0
F39_2   0
F39_3   0
F40     0
F40_1   0
F40_2   0
F40_3   0
F41     0
F41_1   0
F41_2   0
F41_3   0
F42     0
F42_1   0
F42_2   0
F42_3   0
F43     0
F43_1   0
F43_2   0
F43_3   0
F44     0
F44_1   0
F44_2   0
F44_3   0
F45     0
F45_1   0
F45_2   0
F45_3   0
F46     0
F46_1   0
F46_2   0
F46_3   0
N0      0
;

sum{i in D0, j in Vplun} x[i,j] = 3

sum{i in Vall, j in Vall: i != j} x[i,j]*t[i,j] = 473.831

sum{i in F} z[i]*R[i] = 0

sum{i in F, j in Vplunend: i != j} y[i]*x[i,j] = 0

a [*] :=
   C1  19.2354         F29   0.00053497   F38_1 960
  C10 300.434        F29_1   0            F38_2 960
  C11 464.246        F29_2 818.071        F38_3 960
  C12 388.852        F29_3   0              F39   0
  C13 466              F30 119.598        F39_1 960
  C14 446            F30_1 960            F39_2 960
  C15 448.861        F30_2 960            F39_3 960
  C16 544            F30_3 960              F40 397.608
  C17 375.283          F31 960            F40_1 925.342
  C18 424.82         F31_1 960            F40_2 960
  C19 557.606        F31_2 918.598        F40_3 397.608
   C2 496            F31_3 960              F41 960
  C20 633.738          F32 433.844        F41_1   0
  C21 578.046        F32_1 960            F41_2   0
  C22 281            F32_2 960            F41_3   0
  C23 415.007        F32_3 207.836          F42 269.598
  C24 578.942          F33 690.606        F42_1 960
  C25 594.327        F33_1 960            F42_2 269.598
   C3 504.846        F33_2 926            F42_3 515.042
   C4 543            F33_3 960              F43 100.402
   C5 705              F34 433.844        F43_1 960
   C6 428.765        F34_1 960            F43_2 960
   C7 404            F34_2 960            F43_3 295.335
   C8 391.283        F34_3 960              F44 100.402
   C9 476.246          F35 433.844        F44_1   0
  F26 100.402        F35_1 960            F44_2 960
F26_1   0            F35_2 960            F44_3 960
F26_2 960            F35_3 960              F45 960
F26_3 960              F36   0            F45_1 960
  F27 140.644        F36_1   0            F45_2 960
F27_1 960            F36_2   0            F45_3 960
F27_2 960            F36_3   0              F46  69.9394
F27_3 670.084          F37   0            F46_1 960
  F28 140.644        F37_1   0            F46_2 960
F28_1 960            F37_2 960            F46_3 960
F28_2 960            F37_3   0               N0   0
F28_3 960              F38   0               Nσ 960
;

u [*] :=
   C1 1000               F29 1000             F38_1 1000
  C10  967             F29_1    0             F38_2 1000
  C11  132.997         F29_2 1000             F38_3 1000
  C12  167.996         F29_3    0               F39 1000
  C13   49               F30 1000             F39_1 1000
  C14   57             F30_1 1000             F39_2 1000
  C15  142.997         F30_2 1000             F39_3 1000
  C16   60.0009        F30_3 1000               F40 1000
  C17  936               F31    0             F40_1    0
  C18   77             F31_1 1000             F40_2 1000
  C19   30.0009        F31_2 1000             F40_3    0
   C2   30             F31_3    4.34444e-05     F41    0
  C20   29               F32 1000             F41_1    0
  C21   20.0009        F32_1 1000             F41_2 1000
  C22  986             F32_2 1000             F41_3 1000
  C23  147.996         F32_3 1000               F42    0
  C24   69               F33    0             F42_1 1000
  C25   59             F33_1 1000             F42_2 1000
   C3   82.9999        F33_2    3.57168e-05   F42_3 1000
   C4  958             F33_3 1000               F43 1000
   C5   26               F34 1000             F43_1 1000
   C6  981             F34_1 1000             F43_2 1000
   C7 1000             F34_2 1000             F43_3 1000
   C8  916             F34_3 1000               F44 1000
   C9  122.998           F35 1000             F44_1 1000
  F26 1000             F35_1 1000             F44_2 1000
F26_1 1000             F35_2 1000             F44_3 1000
F26_2 1000             F35_3 1000               F45 1000
F26_3 1000               F36    0             F45_1 1000
  F27 1000             F36_1 1000             F45_2 1000
F27_1 1000             F36_2    0             F45_3 1000
F27_2 1000             F36_3    0               F46 1000
F27_3    0               F37    0             F46_1 1000
  F28 1000             F37_1    0             F46_2 1000
F28_1 1000             F37_2    0             F46_3 1000
F28_2 1000             F37_3    0                N0 1000
F28_3 1000               F38 1000                Nσ    0
;

v [*] :=
   C1 192.995           F29   1.62488e-05   F38_1 212.23
  C10 162.466         F29_1   0             F38_2 212.23
  C11 134.448         F29_2   0             F38_3 212.23
  C12 179.842         F29_3   0               F39 212.23
  C13  51.6228          F30 212.23          F39_1 212.23
  C14  61.6228        F30_1   0             F39_2 212.23
  C15 139.833         F30_2   0             F39_3 212.23
  C16  52.1248        F30_3   0               F40   0
  C17 145.001           F31 212.23          F40_1 212.23
  C18  72.8031        F31_1   0             F40_2  23.6541
  C19  48.5192        F31_2  22.8036        F40_3   0
   C2  31.6228        F31_3 212.23            F41 212.23
  C20 109.48            F32 212.23          F41_1 212.23
  C21  38.0789        F32_1   0             F41_2 212.23
  C22 171.9           F32_2   0             F41_3 212.23
  C23 163.686         F32_3 212.23            F42   0
  C24 144.276           F33   0             F42_1   0
  C25 138.891         F33_1   0             F42_2 212.23
   C3 113.847         F33_2   0             F42_3   0
   C4 170.218         F33_3   0               F43   0
   C5  15.5242          F34 212.23          F43_1   0
   C6 179.437         F34_1 212.23          F43_2 212.23
   C7 194.202         F34_2 212.23          F43_3   9.533
   C8  96.3403        F34_3 212.23            F44   0
   C9 132.448           F35 212.23          F44_1 212.23
  F26  26.6834        F35_1 212.23          F44_2 212.23
F26_1   0             F35_2 212.23          F44_3 212.23
F26_2 212.23          F35_3 212.23            F45 212.23
F26_3 212.23            F36 212.23          F45_1   0
  F27 105.108         F36_1   0             F45_2   0
F27_1 212.23          F36_2   0             F45_3 212.23
F27_2 212.23          F36_3 212.23            F46 212.23
F27_3   0               F37 212.23          F46_1 212.23
  F28 105.108         F37_1 212.23          F46_2 212.23
F28_1 212.23          F37_2   0             F46_3 212.23
F28_2   0             F37_3 212.23             N0 212.23
F28_3 212.23            F38   0                Nσ   0
;

y [*] :=
  F26 0          F31_1 0          F36_2 1          F41_3 0
F26_1 0          F31_2 0          F36_3 0            F42 0
F26_2 0          F31_3 0            F37 0          F42_1 0
F26_3 0            F32 0          F37_1 0          F42_2 0
  F27 0          F32_1 0          F37_2 0          F42_3 0
F27_1 0          F32_2 0          F37_3 0            F43 0
F27_2 0          F32_3 0            F38 0          F43_1 0
F27_3 1            F33 0          F38_1 0          F43_2 0
  F28 0          F33_1 0          F38_2 0          F43_3 0
F28_1 0          F33_2 0.999999   F38_3 0            F44 0
F28_2 0          F33_3 0            F39 0          F44_1 0
F28_3 0            F34 0          F39_1 0          F44_2 0
  F29 0          F34_1 0          F39_2 0          F44_3 0
F29_1 0          F34_2 0          F39_3 0            F45 0
F29_2 0          F34_3 0            F40 0          F45_1 0
F29_3 0            F35 0          F40_1 0          F45_2 0
  F30 0          F35_1 0          F40_2 0          F45_3 0
F30_1 0          F35_2 0          F40_3 0            F46 0
F30_2 0          F35_3 0            F41 0          F46_1 0
F30_3 0            F36 0          F41_1 0          F46_2 0
  F31 0          F36_1 0          F41_2 0          F46_3 0
;

z [*] :=
  F26 1             F31_1 1             F36_2 0             F41_3 1
F26_1 1             F31_2 1             F36_3 1               F42 1
F26_2 1             F31_3 1               F37 1             F42_1 1
F26_3 1               F32 1             F37_1 1             F42_2 1
  F27 1             F32_1 1             F37_2 1             F42_3 1
F27_1 1             F32_2 1             F37_3 1               F43 1
F27_2 1             F32_3 1               F38 1             F43_1 1
F27_3 0               F33 1             F38_1 1             F43_2 1
  F28 1             F33_1 1             F38_2 1             F43_3 1
F28_1 1             F33_2 9.44427e-07   F38_3 1               F44 1
F28_2 1             F33_3 1               F39 1             F44_1 1
F28_3 1               F34 1             F39_1 1             F44_2 1
  F29 1             F34_1 1             F39_2 1             F44_3 1
F29_1 1             F34_2 1             F39_3 1               F45 1
F29_2 1             F34_3 1               F40 1             F45_1 1
F29_3 1               F35 1             F40_1 1             F45_2 1
  F30 1             F35_1 1             F40_2 1             F45_3 1
F30_1 1             F35_2 1             F40_3 1               F46 1
F30_2 1             F35_3 1               F41 1             F46_1 1
F30_3 1               F36 1             F41_1 1             F46_2 1
  F31 1             F36_1 1             F41_2 1             F46_3 1
;

R [*] :=
  F26 0   F28_3 0   F31_2 0   F34_1 0     F37 0   F39_3 0   F42_2 0   F45_1 0
F26_1 0     F29 0   F31_3 0   F34_2 0   F37_1 0     F40 0   F42_3 0   F45_2 0
F26_2 0   F29_1 0     F32 0   F34_3 0   F37_2 0   F40_1 0     F43 0   F45_3 0
F26_3 0   F29_2 0   F32_1 0     F35 0   F37_3 0   F40_2 0   F43_1 0     F46 0
  F27 0   F29_3 0   F32_2 0   F35_1 0     F38 0   F40_3 0   F43_2 0   F46_1 0
F27_1 0     F30 0   F32_3 0   F35_2 0   F38_1 0     F41 0   F43_3 0   F46_2 0
F27_2 0   F30_1 0     F33 0   F35_3 0   F38_2 0   F41_1 0     F44 0   F46_3 0
F27_3 0   F30_2 0   F33_1 0     F36 0   F38_3 0   F41_2 0   F44_1 0
  F28 0   F30_3 0   F33_2 0   F36_1 0     F39 0   F41_3 0   F44_2 0
F28_1 0     F31 0   F33_3 0   F36_2 0   F39_1 0     F42 0   F44_3 0
F28_2 0   F31_1 0     F34 0   F36_3 0   F39_2 0   F42_1 0     F45 0
;

Y [*] :=
  F26  26.6834          F33   0               F40   0
F26_1   0             F33_1   0             F40_1 212.23
F26_2 212.23          F33_2 212.23          F40_2  23.6541
F26_3 212.23          F33_3   0             F40_3   0
  F27 105.108           F34 212.23            F41 212.23
F27_1 212.23          F34_1 212.23          F41_1 212.23
F27_2 212.23          F34_2 212.23          F41_2 212.23
F27_3 212.23          F34_3 212.23          F41_3 212.23
  F28 105.108           F35 212.23            F42   0
F28_1 212.23          F35_1 212.23          F42_1   0
F28_2   0             F35_2 212.23          F42_2 212.23
F28_3 212.23          F35_3 212.23          F42_3   0
  F29   1.62488e-05     F36 212.23            F43   0
F29_1   0             F36_1   0             F43_1   0
F29_2   0             F36_2 212.23          F43_2 212.23
F29_3   0             F36_3 212.23          F43_3   9.533
  F30 212.23            F37 212.23            F44   0
F30_1   0             F37_1 212.23          F44_1 212.23
F30_2   0             F37_2   0             F44_2 212.23
F30_3   0             F37_3 212.23          F44_3 212.23
  F31 212.23            F38   0               F45 212.23
F31_1   0             F38_1 212.23          F45_1   0
F31_2  22.8036        F38_2 212.23          F45_2   0
F31_3 212.23          F38_3 212.23          F45_3 212.23
  F32 212.23            F39 212.23            F46 212.23
F32_1   0             F39_1 212.23          F46_1 212.23
F32_2   0             F39_2 212.23          F46_2 212.23
F32_3 212.23          F39_3 212.23          F46_3 212.23
;

