MIP Gap (%):  67.00009711778463
_solve_elapsed_time = 28806.3

TotalCost = 7261.19

x [*,*]
# $13 = F11_2
# $14 = F11_3
# $15 = F11_4
# $17 = F12_1
# $18 = F12_2
:      C1 C10  C2  C3  C4  C5  C6  C7  C8  C9 F11 F11_1 $13 $14 $15 F12 $17 $18 :=
C1      .   1   0   0   0   0   0   0   0   0   0    0    0   0   0   0   0   0
C10     0   .   0   0   0   1   0   0   0   0   0    0    0   0   0   0   0   0
C2      0   0   .   0   0   0   0   1   0   0   0    0    0   0   0   0   0   0
C3      0   0   0   .   0   0   0   0   0   0   0    0    0   0   0   0   0   0
C4      0   0   0   0   .   0   0   0   1   0   0    0    0   0   0   0   0   0
C5      0   0   0   0   0   .   0   0   0   0   0    0    0   0   0   0   0   0
C6      0   0   0   1   0   0   .   0   0   0   0    0    0   0   0   0   0   0
C7      0   0   0   0   0   0   0   .   0   0   0    0    0   0   0   0   0   0
C8      0   0   0   0   0   0   0   0   .   0   0    0    0   0   0   0   0   0
C9      0   0   0   0   0   0   0   0   0   .   0    0    0   0   0   0   0   0
F11     0   0   0   0   0   0   0   0   0   0   .    0    0   0   0   0   0   0
F11_1   0   0   0   0   0   0   0   0   0   0   0    .    0   0   0   0   0   0
F11_2   0   0   0   0   0   0   0   0   0   0   0    0    .   0   0   0   0   0
F11_3   0   0   0   0   0   0   0   0   0   0   0    0    0   .   0   0   0   0
F11_4   0   0   0   0   0   0   0   0   0   0   0    0    0   0   .   0   0   0
F12     0   0   0   0   0   0   0   0   0   0   0    0    0   0   0   .   0   0
F12_1   0   0   0   0   0   0   0   0   0   0   0    0    0   0   0   0   .   0
F12_2   0   0   0   0   0   0   0   0   0   0   0    0    0   0   0   0   0   .
F12_3   0   0   0   0   0   0   0   0   0   0   0    0    0   0   0   0   0   0
F12_4   0   0   0   0   0   0   0   0   0   0   0    0    0   0   0   0   0   0
F13     0   0   0   0   0   0   0   0   0   0   0    0    0   0   0   0   0   0
F13_1   0   0   0   0   0   0   0   0   0   0   0    0    0   0   0   0   0   0
F13_2   0   0   0   0   0   0   0   0   0   0   0    0    0   0   0   0   0   0
F13_3   0   0   0   0   0   0   0   0   0   0   0    0    0   0   0   0   0   0
F13_4   0   0   0   0   0   0   0   0   0   0   0    0    0   0   0   0   0   0
F14     0   0   0   0   0   0   0   0   0   1   0    0    0   0   0   0   0   0
F14_1   0   0   0   0   0   0   0   0   0   0   0    0    0   0   0   0   0   0
F14_2   0   0   0   0   0   0   0   0   0   0   0    0    0   0   0   0   0   0
F14_3   0   0   0   0   0   0   0   0   0   0   0    0    0   0   0   0   0   0
F14_4   0   0   0   0   0   0   0   0   0   0   0    0    0   0   0   0   0   0
F15     0   0   1   0   0   0   0   0   0   0   0    0    0   0   0   0   0   0
F15_1   0   0   0   0   0   0   0   0   0   0   0    0    0   0   0   0   0   0
F15_2   0   0   0   0   0   0   0   0   0   0   0    0    0   0   0   0   0   0
F15_3   0   0   0   0   0   0   0   0   0   0   0    0    0   0   0   0   0   0
F15_4   0   0   0   0   0   0   0   0   0   0   0    0    0   0   0   0   0   0
N0      1   0   0   0   1   0   1   0   0   0   0    0    0   0   0   0   0   0
Nσ      0   0   0   0   0   0   0   0   0   0   0    0    0   0   0   0   0   0

# $2 = F12_4
# $4 = F13_1
# $5 = F13_2
# $6 = F13_3
# $7 = F13_4
# $9 = F14_1
# $10 = F14_2
# $11 = F14_3
# $12 = F14_4
# $14 = F15_1
# $15 = F15_2
# $16 = F15_3
# $17 = F15_4
:     F12_3  $2 F13  $4  $5  $6  $7 F14  $9 $10 $11 $12 F15 $14 $15 $16 $17  N0 :=
C1       0    0   0   0   0   0   0   0   0   0   0   0   0   0   0   0   0   0
C10      0    0   0   0   0   0   0   0   0   0   0   0   0   0   0   0   0   0
C2       0    0   0   0   0   0   0   0   0   0   0   0   0   0   0   0   0   0
C3       0    0   0   0   0   0   0   0   0   0   0   0   0   0   0   0   0   0
C4       0    0   0   0   0   0   0   0   0   0   0   0   0   0   0   0   0   0
C5       0    0   0   0   0   0   0   0   0   0   0   0   0   0   0   0   0   0
C6       0    0   0   0   0   0   0   0   0   0   0   0   0   0   0   0   0   0
C7       0    0   0   0   0   0   0   0   0   1   0   0   0   0   0   0   0   0
C8       0    0   0   0   0   0   0   0   0   0   0   0   0   0   0   0   0   0
C9       0    0   0   0   0   0   0   0   0   0   0   0   0   0   0   0   0   0
F11      0    0   0   0   0   0   0   0   0   0   0   0   0   0   0   0   0   0
F11_1    0    0   0   0   0   0   0   0   0   0   0   0   0   0   0   0   0   0
F11_2    0    0   0   0   0   0   0   0   0   0   0   0   0   0   0   0   0   0
F11_3    0    0   0   0   0   0   0   0   0   0   0   0   0   0   0   0   0   0
F11_4    0    0   0   0   0   0   0   0   0   0   0   0   0   0   0   0   0   0
F12      0    0   0   0   0   0   0   0   0   0   0   0   0   0   0   0   0   0
F12_1    0    0   0   0   0   0   0   0   0   0   0   0   0   0   0   0   0   0
F12_2    0    0   0   0   0   0   0   0   0   0   0   0   0   0   0   0   0   0
F12_3    .    0   0   0   0   0   0   0   0   0   0   0   0   0   0   0   0   0
F12_4    0    .   0   0   0   0   0   0   0   0   0   0   0   0   0   0   0   0
F13      0    0   .   0   0   0   0   0   0   0   0   0   0   0   0   0   0   0
F13_1    0    0   0   .   0   0   0   0   0   0   0   0   0   0   0   0   0   0
F13_2    0    0   0   0   .   0   0   0   0   0   0   0   0   0   0   0   0   0
F13_3    0    0   0   0   0   .   0   0   0   0   0   0   0   0   0   0   0   0
F13_4    0    0   0   0   0   0   .   0   0   0   0   0   0   0   0   0   0   0
F14      0    0   0   0   0   0   0   .   0   0   0   0   0   0   0   0   0   0
F14_1    0    0   0   0   0   0   0   0   .   0   1   0   0   0   0   0   0   0
F14_2    0    0   0   0   0   0   0   0   1   .   0   0   0   0   0   0   0   0
F14_3    0    0   0   0   0   0   0   0   0   0   .   1   0   0   0   0   0   0
F14_4    0    0   0   0   0   0   0   1   0   0   0   .   0   0   0   0   0   0
F15      0    0   0   0   0   0   0   0   0   0   0   0   .   0   0   0   0   0
F15_1    0    0   0   0   0   0   0   0   0   0   0   0   0   .   0   1   0   0
F15_2    0    0   0   0   0   0   0   0   0   0   0   0   1   0   .   0   0   0
F15_3    0    0   0   0   0   0   0   0   0   0   0   0   0   0   1   .   0   0
F15_4    0    0   0   0   0   0   0   0   0   0   0   0   0   1   0   0   .   0
N0       0    0   0   0   0   0   0   0   0   0   0   0   0   0   0   0   1   .
Nσ       0    0   0   0   0   0   0   0   0   0   0   0   0   0   0   0   0   0

:      Nσ    :=
C1      0
C10     0
C2      0
C3      1
C4      0
C5      1
C6      0
C7      0
C8      1
C9      1
F11     0
F11_1   0
F11_2   0
F11_3   0
F11_4   0
F12     0
F12_1   0
F12_2   0
F12_3   0
F12_4   0
F13     0
F13_1   0
F13_2   0
F13_3   0
F13_4   0
F14     0
F14_1   0
F14_2   0
F14_3   0
F14_4   0
F15     0
F15_1   0
F15_2   0
F15_3   0
F15_4   0
N0      0
;

xplun [*,*]
# $13 = F11_2
# $14 = F11_3
# $15 = F11_4
# $17 = F12_1
# $18 = F12_2
:      C1 C10  C2  C3  C4  C5  C6  C7  C8  C9 F11 F11_1 $13 $14 $15 F12 $17 $18 :=
C1      .   0   0   0   0   0   0   0   0   0   0    0    0   0   0   0   0   0
C10     0   .   0   0   0   0   0   0   0   0   0    0    0   0   0   0   0   0
C2      0   0   .   0   0   0   0   0   0   0   0    0    0   0   0   0   0   0
C3      0   0   0   .   0   0   0   0   0   0   0    0    0   0   0   0   0   0
C4      0   0   0   0   .   0   0   0   0   0   0    0    0   0   0   0   0   0
C5      0   0   0   0   0   .   0   0   0   0   0    0    0   0   0   0   0   0
C6      0   0   0   0   0   0   .   0   0   0   0    0    0   0   0   0   0   0
C7      0   0   0   0   0   0   0   .   0   0   0    0    0   0   0   0   0   0
C8      0   0   0   0   0   0   0   0   .   0   0    0    0   0   0   0   0   0
C9      0   0   0   0   0   0   0   0   0   .   0    0    0   0   0   0   0   0
F11     0   0   0   0   0   0   0   0   0   0   .    0    0   0   0   0   0   0
F11_1   0   0   0   0   0   0   0   0   0   0   0    .    0   0   0   0   0   0
F11_2   0   0   0   0   0   0   0   0   0   0   0    0    .   0   0   0   0   0
F11_3   0   0   0   0   0   0   0   0   0   0   0    0    0   .   0   0   0   0
F11_4   0   0   0   0   0   0   0   0   0   0   0    0    0   0   .   0   0   0
F12     0   0   0   0   0   0   0   0   0   0   0    0    0   0   0   .   0   0
F12_1   0   0   0   0   0   0   0   0   0   0   0    0    0   0   0   0   .   0
F12_2   0   0   0   0   0   0   0   0   0   0   0    0    0   0   0   0   0   .
F12_3   0   0   0   0   0   0   0   0   0   0   0    0    0   0   0   0   0   0
F12_4   0   0   0   0   0   0   0   0   0   0   0    0    0   0   0   0   0   0
F13     0   0   0   0   0   0   0   0   0   0   0    0    0   0   0   0   0   0
F13_1   0   0   0   0   0   0   0   0   0   0   0    0    0   0   0   0   0   0
F13_2   0   0   0   0   0   0   0   0   0   0   0    0    0   0   0   0   0   0
F13_3   0   0   0   0   0   0   0   0   0   0   0    0    0   0   0   0   0   0
F13_4   0   0   0   0   0   0   0   0   0   0   0    0    0   0   0   0   0   0
F14     0   0   0   0   0   0   0   0   0   0   0    0    0   0   0   0   0   0
F14_1   0   0   0   0   0   0   0   0   0   0   0    0    0   0   0   0   0   0
F14_2   0   0   0   0   0   0   0   0   0   0   0    0    0   0   0   0   0   0
F14_3   0   0   0   0   0   0   0   0   0   0   0    0    0   0   0   0   0   0
F14_4   0   0   0   0   0   0   0   0   0   0   0    0    0   0   0   0   0   0
F15     0   0   0   0   0   0   0   0   0   0   0    0    0   0   0   0   0   0
F15_1   0   0   0   0   0   0   0   0   0   0   0    0    0   0   0   0   0   0
F15_2   0   0   0   0   0   0   0   0   0   0   0    0    0   0   0   0   0   0
F15_3   0   0   0   0   0   0   0   0   0   0   0    0    0   0   0   0   0   0
F15_4   0   0   0   0   0   0   0   0   0   0   0    0    0   0   0   0   0   0

# $5 = F13_2
# $6 = F13_3
# $7 = F13_4
# $9 = F14_1
# $10 = F14_2
# $11 = F14_3
# $12 = F14_4
# $14 = F15_1
# $15 = F15_2
# $16 = F15_3
# $17 = F15_4
:     F12_3 F12_4 F13 F13_1  $5  $6  $7 F14  $9 $10 $11 $12 F15 $14 $15 $16 $17 :=
C1       0     0    0    0    0   0   0   0   0   0   0   0   0   0   0   0   0
C10      0     0    0    0    0   0   0   0   0   0   0   0   0   0   0   0   0
C2       0     0    0    0    0   0   0   0   0   0   0   0   0   0   0   0   0
C3       0     0    0    0    0   0   0   0   0   0   0   0   0   0   0   0   0
C4       0     0    0    0    0   0   0   0   0   0   0   0   0   0   0   0   0
C5       0     0    0    0    0   0   0   0   0   0   0   0   0   0   0   0   0
C6       0     0    0    0    0   0   0   0   0   0   0   0   0   0   0   0   0
C7       0     0    0    0    0   0   0   0   0   0   0   0   0   0   0   0   0
C8       0     0    0    0    0   0   0   0   0   0   0   0   0   0   0   0   0
C9       0     0    0    0    0   0   0   0   0   0   0   0   0   0   0   0   0
F11      0     0    0    0    0   0   0   0   0   0   0   0   0   0   0   0   0
F11_1    0     0    0    0    0   0   0   0   0   0   0   0   0   0   0   0   0
F11_2    0     0    0    0    0   0   0   0   0   0   0   0   0   0   0   0   0
F11_3    0     0    0    0    0   0   0   0   0   0   0   0   0   0   0   0   0
F11_4    0     0    0    0    0   0   0   0   0   0   0   0   0   0   0   0   0
F12      0     0    0    0    0   0   0   0   0   0   0   0   0   0   0   0   0
F12_1    0     0    0    0    0   0   0   0   0   0   0   0   0   0   0   0   0
F12_2    0     0    0    0    0   0   0   0   0   0   0   0   0   0   0   0   0
F12_3    .     0    0    0    0   0   0   0   0   0   0   0   0   0   0   0   0
F12_4    0     .    0    0    0   0   0   0   0   0   0   0   0   0   0   0   0
F13      0     0    .    0    0   0   0   0   0   0   0   0   0   0   0   0   0
F13_1    0     0    0    .    0   0   0   0   0   0   0   0   0   0   0   0   0
F13_2    0     0    0    0    .   0   0   0   0   0   0   0   0   0   0   0   0
F13_3    0     0    0    0    0   .   0   0   0   0   0   0   0   0   0   0   0
F13_4    0     0    0    0    0   0   .   0   0   0   0   0   0   0   0   0   0
F14      0     0    0    0    0   0   0   .   0   0   0   0   0   0   0   0   0
F14_1    0     0    0    0    0   0   0   0   .   0   0   0   0   0   0   0   0
F14_2    0     0    0    0    0   0   0   0   0   .   0   0   0   0   0   0   0
F14_3    0     0    0    0    0   0   0   0   0   0   .   0   0   0   0   0   0
F14_4    0     0    0    0    0   0   0   0   0   0   0   .   0   0   0   0   0
F15      0     0    0    0    0   0   0   0   0   0   0   0   .   0   0   0   0
F15_1    0     0    0    0    0   0   0   0   0   0   0   0   0   .   0   0   0
F15_2    0     0    0    0    0   0   0   0   0   0   0   0   0   0   .   0   0
F15_3    0     0    0    0    0   0   0   0   0   0   0   0   0   0   0   .   0
F15_4    0     0    0    0    0   0   0   0   0   0   0   0   0   0   0   0   .
;

sum{i in F, j in V: i != j} xplun[i,j] = 0

sum{i in Vplun, j in Vplun: i != j} d[i,j]*xplun[i,j] = 0

sum{i in D0, j in Vplun} x[i,j] = 4

sum{i in Vall, j in Vall: i != j} x[i,j]*t[i,j] = 422.055

sum{i in F} c[i]*R[i] = 0

sum{i in F, j in Vplunend: i != j} b[i]*x[i,j] = 2

y [*] :=
   C1 44.5874      C8 17.1172   F12_1  0        F13_4 77.75     F15_2  0
  C10 39.2022      C9 24.3516   F12_2  0          F14  0        F15_3  0
   C2 68.316      F11 77.75     F12_3  0        F14_1  0        F15_4  0
   C3 18.1108   F11_1  0        F12_4  0        F14_2  9.6368      N0 77.75
   C4 40.1389   F11_2  0          F13  0        F14_3  0           Nσ  0
   C5 37.2022   F11_3  0        F13_1  0        F14_4  0
   C6 39.6711   F11_4  0        F13_2 77.75       F15  0
   C7 15.9614     F12  0        F13_3  0        F15_1  0
;

yplun [*] :=
   C1 0      C5 0     F11 0     F12 0     F13 0     F14 0     F15 0
  C10 0      C6 0   F11_1 0   F12_1 0   F13_1 0   F14_1 0   F15_1 0
   C2 0      C7 0   F11_2 0   F12_2 0   F13_2 0   F14_2 0   F15_2 0
   C3 0      C8 0   F11_3 0   F12_3 0   F13_3 0   F14_3 0   F15_3 0
   C4 0      C9 0   F11_4 0   F12_4 0   F13_4 0   F14_4 0   F15_4 0
;

A [*] :=
   C1   30.8058     F11    0          F13    0          F15   53.4603
  C10  126.191    F11_1 1236        F13_1  528.232    F15_1   53.4603
   C2  109        F11_2 1236        F13_2    0        F15_2   53.4603
   C3  782        F11_3 1236        F13_3 1002.75     F15_3   53.4603
   C4   92        F11_4 1236        F13_4    0        F15_4   53.4603
   C5  218.191      F12    0          F14  347.679       N0    0
   C6  647        F12_1    0        F14_1  347.679       Nσ 1236
   C7  251.355    F12_2    0        F14_2  347.679
   C8  261        F12_3    0        F14_3  347.679
   C9  737        F12_4    0        F14_4  347.679
;

Aplun [*] :=
   C1 120      C7 276   F11_4   0   F13_1   0   F14_3   0      N0   0
  C10 185      C8 351     F12   0   F13_2   0   F14_4   0      Nσ   0
   C2 199      C9 802   F12_1   0   F13_3   0     F15   0
   C3 782     F11   0   F12_2   0   F13_4   0   F15_1   0
   C4 120   F11_1   0   F12_3   0     F14   0   F15_2   0
   C5 286   F11_2   0   F12_4   0   F14_1   0   F15_3   0
   C6 737   F11_3   0     F13   0   F14_2   0   F15_4   0
;

u [*] :=
   C1 200      C7  50   F11_4 200   F13_1  90   F14_3  10      N0 200
  C10 180      C8 170     F12   0   F13_2 200   F14_4  10      Nσ   0
   C2  70      C9  10   F12_1   0   F13_3 200     F15  70
   C3  90     F11 200   F12_2   0   F13_4 200   F15_1  70
   C4 200   F11_1 170   F12_3   0     F14  10   F15_2  70
   C5 170   F11_2 200   F12_4   0   F14_1  10   F15_3  70
   C6 110   F11_3 200     F13 200   F14_2  10   F15_4  70
;

w [*] :=
   C1 0      C5 0     F11 0     F12 0     F13 0     F14 0     F15 0      N0 0
  C10 0      C6 0   F11_1 0   F12_1 0   F13_1 0   F14_1 0   F15_1 0      Nσ 0
   C2 0      C7 0   F11_2 0   F12_2 0   F13_2 0   F14_2 0   F15_2 0
   C3 0      C8 0   F11_3 0   F12_3 0   F13_3 0   F14_3 0   F15_3 0
   C4 0      C9 0   F11_4 0   F12_4 0   F13_4 0   F14_4 0   F15_4 0
;

b [*] :=
  F11 0   F11_4 0   F12_3 0   F13_2 0   F14_1 0     F15 1   F15_4 0
F11_1 0     F12 0   F12_4 0   F13_3 0   F14_2 0   F15_1 0
F11_2 0   F12_1 0     F13 0   F13_4 0   F14_3 0   F15_2 0
F11_3 0   F12_2 0   F13_1 0     F14 1   F14_4 0   F15_3 0
;

c [*] :=
  F11 1   F11_4 1   F12_3 1   F13_2 1   F14_1 1     F15 0   F15_4 1
F11_1 1     F12 1   F12_4 1   F13_3 1   F14_2 1   F15_1 1
F11_2 1   F12_1 1     F13 1   F13_4 1   F14_3 1   F15_2 1
F11_3 1   F12_2 1   F13_1 1     F14 0   F14_4 1   F15_3 1
;

R [*] :=
  F11 0   F11_4 0   F12_3 0   F13_2 0   F14_1 0     F15 0   F15_4 0
F11_1 0     F12 0   F12_4 0   F13_3 0   F14_2 0   F15_1 0
F11_2 0   F12_1 0     F13 0   F13_4 0   F14_3 0   F15_2 0
F11_3 0   F12_2 0   F13_1 0     F14 0   F14_4 0   F15_3 0
;

Y [*] :=
  F11 77.75       F12  0          F13  0          F14 77.75       F15 77.75
F11_1  0        F12_1  0        F13_1  0        F14_1  0        F15_1  0
F11_2  0        F12_2  0        F13_2 77.75     F14_2  9.6368   F15_2  0
F11_3  0        F12_3  0        F13_3  0        F14_3  0        F15_3  0
F11_4  0        F12_4  0        F13_4 77.75     F14_4  0        F15_4  0
;

