MIP Gap (%):  55.5159906173531
_solve_elapsed_time = 28806.4

TotalCost = 5428.21

x [*,*]
# $13 = F11_2
# $14 = F11_3
# $15 = F11_4
# $17 = F12_1
# $18 = F12_2
:      C1 C10  C2  C3  C4  C5  C6  C7  C8  C9 F11 F11_1 $13 $14 $15 F12 $17 $18 :=
C1      .   0   0   0   0   0   0   0   0   0   0    0    0   0   0   0   0   0
C10     0   .   0   0   0   0   0   1   0   0   0    0    0   0   0   0   0   0
C2      0   0   .   0   0   0   0   0   0   0   0    0    0   0   0   0   0   0
C3      0   0   0   .   0   1   0   0   0   0   0    0    0   0   0   0   0   0
C4      0   0   0   0   .   0   1   0   0   0   0    0    0   0   0   0   0   0
C5      0   0   0   0   0   .   0   0   0   0   0    0    0   0   0   0   0   0
C6      0   0   0   0   0   0   .   0   0   0   0    0    0   0   0   0   0   0
C7      0   0   0   0   0   0   0   .   0   1   0    0    0   0   0   0   0   0
C8      0   0   1   0   0   0   0   0   .   0   0    0    0   0   0   0   0   0
C9      1   0   0   0   0   0   0   0   0   .   0    0    0   0   0   0   0   0
F11     0   0   0   0   0   0   0   0   0   0   .    0    0   0   0   0   0   0
F11_1   0   0   0   0   0   0   0   0   0   0   0    .    0   0   0   0   0   0
F11_2   0   0   0   0   0   0   0   0   0   0   0    0    .   0   0   0   0   0
F11_3   0   0   0   0   0   0   0   0   0   0   0    0    0   .   0   0   0   0
F11_4   0   0   0   0   0   0   0   0   0   0   0    0    0   0   .   0   0   0
F12     0   0   0   0   0   0   0   0   0   0   0    0    0   0   0   .   0   1
F12_1   0   0   0   0   0   0   0   0   0   0   0    0    0   0   0   0   .   0
F12_2   0   0   0   0   0   0   0   0   0   0   0    0    0   0   0   0   0   .
F12_3   0   0   0   0   0   0   0   0   0   0   0    0    0   0   0   0   0   0
F12_4   0   0   0   0   0   0   0   0   0   0   0    0    0   0   0   1   0   0
F13     0   0   0   0   0   0   0   0   0   0   0    0    0   0   0   0   0   0
F13_1   0   0   0   0   0   0   0   0   0   0   0    0    0   0   0   0   0   0
F13_2   0   0   0   0   0   0   0   0   0   0   0    0    0   0   0   0   0   0
F13_3   0   1   0   0   0   0   0   0   0   0   0    0    0   0   0   0   0   0
F13_4   0   0   0   0   0   0   0   0   0   0   0    0    0   0   0   0   0   0
F14     0   0   0   0   0   0   0   0   0   0   0    0    0   0   0   0   0   0
F14_1   0   0   0   1   0   0   0   0   0   0   0    0    0   0   0   0   0   0
F14_2   0   0   0   0   0   0   0   0   0   0   0    0    0   0   0   0   0   0
F14_3   0   0   0   0   0   0   0   0   0   0   0    0    0   0   0   0   0   0
F14_4   0   0   0   0   0   0   0   0   0   0   0    0    0   0   0   0   0   0
N0      0   0   0   0   1   0   0   0   1   0   0    0    0   0   0   0   0   0
Nσ      0   0   0   0   0   0   0   0   0   0   0    0    0   0   0   0   0   0

# $12 = F14_4
:     F12_3 F12_4 F13 F13_1 F13_2 F13_3 F13_4 F14 F14_1 F14_2 F14_3 $12  N0  Nσ :=
C1       0     0    0    0     0     0     0    0    1     0     0    0   0   0
C10      0     0    0    0     0     0     0    0    0     0     0    0   0   0
C2       0     0    0    0     1     0     0    0    0     0     0    0   0   0
C3       0     0    0    0     0     0     0    0    0     0     0    0   0   0
C4       0     0    0    0     0     0     0    0    0     0     0    0   0   0
C5       0     0    0    0     0     0     0    0    0     0     0    0   0   1
C6       0     0    0    0     0     0     0    0    0     0     0    0   0   1
C7       0     0    0    0     0     0     0    0    0     0     0    0   0   0
C8       0     0    0    0     0     0     0    0    0     0     0    0   0   0
C9       0     0    0    0     0     0     0    0    0     0     0    0   0   0
F11      0     0    0    0     0     0     0    0    0     0     0    0   0   0
F11_1    0     0    0    0     0     0     0    0    0     0     0    0   0   0
F11_2    0     0    0    0     0     0     0    0    0     0     0    0   0   0
F11_3    0     0    0    0     0     0     0    0    0     0     0    0   0   0
F11_4    0     0    0    0     0     0     0    0    0     0     0    0   0   0
F12      0     0    0    0     0     0     0    0    0     0     0    0   0   0
F12_1    0     0    0    0     0     0     0    0    0     0     0    0   0   0
F12_2    0     1    0    0     0     0     0    0    0     0     0    0   0   0
F12_3    .     0    0    0     0     0     0    0    0     0     0    0   0   0
F12_4    0     .    0    0     0     0     0    0    0     0     0    0   0   0
F13      0     0    .    0     0     0     0    0    0     0     0    0   0   0
F13_1    0     0    0    .     0     0     0    0    0     0     0    0   0   0
F13_2    0     0    0    0     .     1     0    0    0     0     0    0   0   0
F13_3    0     0    0    0     0     .     0    0    0     0     0    0   0   0
F13_4    0     0    0    0     0     0     .    0    0     0     0    0   0   0
F14      0     0    0    0     0     0     0    .    0     0     0    0   0   0
F14_1    0     0    0    0     0     0     0    0    .     0     0    0   0   0
F14_2    0     0    0    0     0     0     0    0    0     .     0    0   0   0
F14_3    0     0    0    0     0     0     0    0    0     0     .    0   0   0
F14_4    0     0    0    0     0     0     0    0    0     0     0    .   0   0
N0       0     0    0    0     0     0     0    0    0     0     0    0   .   0
Nσ       0     0    0    0     0     0     0    0    0     0     0    0   0   .
;

xplun [*,*]
# $13 = F11_2
# $14 = F11_3
# $15 = F11_4
# $17 = F12_1
# $18 = F12_2
:      C1 C10  C2  C3  C4  C5  C6  C7  C8  C9 F11 F11_1 $13 $14 $15 F12 $17 $18 :=
C1      .   0   0   0   0   0   0   0   0   0   0    0    0   0   0   0   0   0
C10     0   .   0   0   0   0   0   0   0   0   0    0    0   0   0   0   0   0
C2      0   0   .   0   0   0   0   0   0   0   0    0    0   0   0   0   0   0
C3      0   0   0   .   0   0   0   0   0   0   0    0    0   0   0   0   0   0
C4      0   0   0   0   .   0   0   0   0   0   0    0    0   0   0   0   0   0
C5      0   0   0   0   0   .   0   0   0   0   0    0    0   0   0   0   0   0
C6      0   0   0   0   0   0   .   0   0   0   0    0    0   0   0   0   0   0
C7      0   0   0   0   0   0   0   .   0   0   0    0    0   0   0   0   0   0
C8      0   0   0   0   0   0   0   0   .   0   0    0    0   0   0   0   0   0
C9      0   0   0   0   0   0   0   0   0   .   0    0    0   0   0   0   0   0
F11     0   0   0   0   0   0   0   0   0   0   .    0    0   0   0   0   0   0
F11_1   0   0   0   0   0   0   0   0   0   0   0    .    0   0   0   0   0   0
F11_2   0   0   0   0   0   0   0   0   0   0   0    0    .   0   0   0   0   0
F11_3   0   0   0   0   0   0   0   0   0   0   0    0    0   .   0   0   0   0
F11_4   0   0   0   0   0   0   0   0   0   0   0    0    0   0   .   0   0   0
F12     0   0   0   0   0   0   0   0   0   0   0    0    0   0   0   .   0   0
F12_1   0   0   0   0   0   0   0   0   0   0   0    0    0   0   0   0   .   0
F12_2   0   0   0   0   0   0   0   0   0   0   0    0    0   0   0   0   0   .
F12_3   0   0   0   0   0   0   0   0   0   0   0    0    0   0   0   0   0   0
F12_4   0   0   0   0   0   0   0   0   0   0   0    0    0   0   0   0   0   0
F13     0   0   0   0   0   0   0   0   0   0   0    0    0   0   0   0   0   0
F13_1   0   0   0   0   0   0   0   0   0   0   0    0    0   0   0   0   0   0
F13_2   0   0   0   0   0   0   0   0   0   0   0    0    0   0   0   0   0   0
F13_3   0   0   0   0   0   0   0   0   0   0   0    0    0   0   0   0   0   0
F13_4   0   0   0   0   0   0   0   0   0   0   0    0    0   0   0   0   0   0
F14     0   0   0   0   0   0   0   0   0   0   0    0    0   0   0   0   0   0
F14_1   0   0   0   0   0   0   0   0   0   0   0    0    0   0   0   0   0   0
F14_2   0   0   0   0   0   0   0   0   0   0   0    0    0   0   0   0   0   0
F14_3   0   0   0   0   0   0   0   0   0   0   0    0    0   0   0   0   0   0
F14_4   0   0   0   0   0   0   0   0   0   0   0    0    0   0   0   0   0   0

:     F12_3 F12_4 F13 F13_1 F13_2 F13_3 F13_4 F14 F14_1 F14_2 F14_3 F14_4    :=
C1       0     0    0    0     0     0     0    0    0     0     0     0
C10      0     0    0    0     0     0     0    0    0     0     0     0
C2       0     0    0    0     0     0     0    0    0     0     0     0
C3       0     0    0    0     0     0     0    0    0     0     0     0
C4       0     0    0    0     0     0     0    0    0     0     0     0
C5       0     0    0    0     0     0     0    0    0     0     0     0
C6       0     0    0    0     0     0     0    0    0     0     0     0
C7       0     0    0    0     0     0     0    0    0     0     0     0
C8       0     0    0    0     0     0     0    0    0     0     0     0
C9       0     0    0    0     0     0     0    0    0     0     0     0
F11      0     0    0    0     0     0     0    0    0     0     0     0
F11_1    0     0    0    0     0     0     0    0    0     0     0     0
F11_2    0     0    0    0     0     0     0    0    0     0     0     0
F11_3    0     0    0    0     0     0     0    0    0     0     0     0
F11_4    0     0    0    0     0     0     0    0    0     0     0     0
F12      0     0    0    0     0     0     0    0    0     0     0     0
F12_1    0     0    0    0     0     0     0    0    0     0     0     0
F12_2    0     0    0    0     0     0     0    0    0     0     0     0
F12_3    .     0    0    0     0     0     0    0    0     0     0     0
F12_4    0     .    0    0     0     0     0    0    0     0     0     0
F13      0     0    .    0     0     0     0    0    0     0     0     0
F13_1    0     0    0    .     0     0     0    0    0     0     0     0
F13_2    0     0    0    0     .     0     0    0    0     0     0     0
F13_3    0     0    0    0     0     .     0    0    0     0     0     0
F13_4    0     0    0    0     0     0     .    0    0     0     0     0
F14      0     0    0    0     0     0     0    .    0     0     0     0
F14_1    0     0    0    0     0     0     0    0    .     0     0     0
F14_2    0     0    0    0     0     0     0    0    0     .     0     0
F14_3    0     0    0    0     0     0     0    0    0     0     .     0
F14_4    0     0    0    0     0     0     0    0    0     0     0     .
;

sum{i in F, j in V: i != j} xplun[i,j] = 0

sum{i in Vplun, j in Vplun: i != j} d[i,j]*xplun[i,j] = 0

sum{i in D0, j in Vplun} x[i,j] = 2

sum{i in Vall, j in Vall: i != j} x[i,j]*t[i,j] = 278.758

sum{i in F} c[i]*R[i] = 0

sum{i in F, j in Vplunend: i != j} b[i]*x[i,j] = 2

y [*] :=
   C1 24.6982        F11_1  0             F13_2  6.17247e-05
  C10 68.3176        F11_2  0             F13_3 75.5287
   C2 17.8046        F11_3  0             F13_4  0
   C3 67.2371        F11_4  0               F14  0
   C4 61.6255          F12  0             F14_1  0
   C5 26.9258        F12_1  0             F14_2  0
   C6 36.0555        F12_2  0             F14_3  0
   C7 62.9324        F12_3  0             F14_4  0
   C8 65.5845        F12_4  0                N0 77.75
   C9 44.5476          F13  6.17247e-05      Nσ  0
  F11 77.75          F13_1  6.17247e-05
;

yplun [*] :=
   C1 0      C4 0      C8 0   F11_2 0   F12_1 0     F13 0   F13_4 0   F14_3 0
  C10 0      C5 0      C9 0   F11_3 0   F12_2 0   F13_1 0     F14 0   F14_4 0
   C2 0      C6 0     F11 0   F11_4 0   F12_3 0   F13_2 0   F14_1 0
   C3 0      C7 0   F11_1 0     F12 0   F12_4 0   F13_3 0   F14_2 0
;

A [*] :=
   C1  864.142       C8   12.1655   F12_1    0        F13_4 1236
  C10  550.522       C9  754.292    F12_2    0          F14 1236
   C2  123.355      F11    0        F12_3    0        F14_1  978.84
   C3  988.689    F11_1 1236        F12_4    0        F14_2 1236
   C4   16.1245   F11_2  277.504      F13  231.16     F14_3 1236
   C5 1119        F11_3 1236        F13_1  231.159    F14_4 1236
   C6 1109        F11_4 1235.17     F13_2  231.16        N0    0
   C7  645.907      F12    0        F13_3  543.311       Nσ 1236
;

Aplun [*] :=
   C1 1212      C6 1199   F11_2    0   F12_3    0   F13_4    0      N0    0
  C10 1212      C7 1216   F11_3    0   F12_4    0     F14    0      Nσ    0
   C2 1203      C8 1223   F11_4    0     F13    0   F14_1    0
   C3 1184      C9 1201     F12    0   F13_1    0   F14_2    0
   C4 1219     F11    0   F12_1    0   F13_2    0   F14_3    0
   C5 1209   F11_1    0   F12_2    0   F13_3    0   F14_4    0
;

u [*] :=
   C1  90      C6  10   F11_2 200   F12_3 200   F13_4  90      N0 200
  C10 160      C7 150   F11_3 200   F12_4   0     F14  90      Nσ   0
   C2 180      C8 200   F11_4  90     F13 200   F14_1  80
   C3  80      C9 130     F12   0   F13_1 200   F14_2  90
   C4 200     F11 200   F12_1 200   F13_2 160   F14_3  90
   C5  70   F11_1  90   F12_2   0   F13_3 160   F14_4  90
;

w [*] :=
   C1 0      C4 0      C8 0   F11_2 0   F12_1 0     F13 0   F13_4 0   F14_3 0
  C10 0      C5 0      C9 0   F11_3 0   F12_2 0   F13_1 0     F14 0   F14_4 0
   C2 0      C6 0     F11 0   F11_4 0   F12_3 0   F13_2 0   F14_1 0      N0 0
   C3 0      C7 0   F11_1 0     F12 0   F12_4 0   F13_3 0   F14_2 0      Nσ 0
;

b [*] :=
  F11  0
F11_1  0
F11_2  0
F11_3  0
F11_4  0
  F12  0
F12_1  0
F12_2  0
F12_3  0
F12_4  0
  F13  0
F13_1  0
F13_2  0.999998
F13_3  0
F13_4  0
  F14  0
F14_1  1
F14_2  0
F14_3  0
F14_4  0
;

c [*] :=
  F11  1
F11_1  1
F11_2  1
F11_3  1
F11_4  1
  F12  1
F12_1  1
F12_2  1
F12_3  1
F12_4  1
  F13  1
F13_1  1
F13_2  2.32128e-06
F13_3  1
F13_4  1
  F14  1
F14_1  0
F14_2  1
F14_3  1
F14_4  1
;

R [*] :=
  F11  0
F11_1  0
F11_2  0
F11_3  0
F11_4  0
  F12  0
F12_1  0
F12_2  0
F12_3  0
F12_4  0
  F13  0
F13_1  0
F13_2  0
F13_3  0
F13_4  0
  F14  0
F14_1  0
F14_2  0
F14_3  0
F14_4  0
;

Y [*] :=
  F11  77.75
F11_1   0
F11_2   0
F11_3   0
F11_4   0
  F12   0
F12_1   0
F12_2   0
F12_3   0
F12_4   0
  F13   6.17247e-05
F13_1   6.17247e-05
F13_2  77.7499
F13_3  75.5287
F13_4   0
  F14   0
F14_1  77.75
F14_2   0
F14_3   0
F14_4   0
;

