MIP Gap (%):  59.30024907172032
_solve_elapsed_time = 28805.4

TotalCost = 4680.56

x [*,*]
# $12 = F11_1
# $13 = F11_2
# $14 = F11_3
# $15 = F11_4
:      C1 C10  C2  C3  C4  C5  C6  C7  C8  C9       F11     $12 $13 $14 $15 F12 :=
C1      .   0   0   0   0   0   0   0   0   0   0             0   0   0   0   0
C10     0   .   0   0   0   0   0   0   0   0   0             0   0   0   0   0
C2      0   0   .   0   0   0   0   0   1   0   0             0   0   0   0   0
C3      1   0   0   .   0   0   0   0   0   0   0             0   0   0   0   0
C4      0   0   0   0   .   0   0   0   0   0   0             0   0   0   0   0
C5      0   0   0   0   0   .   0   0   0   0   0             0   0   1   0   0
C6      0   0   0   0   0   0   .   0   0   0   0             0   0   0   0   0
C7      0   0   1   0   0   0   0   .   0   0   0             0   0   0   0   0
C8      0   0   0   0   0   0   0   0   .   1   0             0   0   0   0   0
C9      0   0   0   0   0   0   0   0   0   .   0             0   0   0   0   0
F11     0   0   0   0   0   0   0   0   0   0    .            1   0   0   0   0
F11_1   0   0   0   0   0   0   0   1   0   0   0             .   0   0   0   0
F11_2   0   0   0   0   0   0   0   0   0   0   0             0   .   0   0   0
F11_3   0   0   0   0   0   0   0   0   0   0   9.32172e-07   0   0   .   0   0
F11_4   0   0   0   0   0   0   0   0   0   0   0             0   0   0   .   0
F12     0   0   0   0   0   0   0   0   0   0   0             0   0   0   0   .
F12_1   0   0   0   0   0   0   0   0   0   0   0             0   0   0   0   0
F12_2   0   0   0   0   0   0   0   0   0   0   0             0   0   0   0   0
F12_3   0   0   0   0   0   0   0   0   0   0   0             0   0   0   0   0
F12_4   0   0   0   0   0   0   0   0   0   0   0             0   0   0   0   0
F13     0   0   0   0   0   0   0   0   0   0   0             0   0   0   0   0
F13_1   0   0   0   0   0   0   0   0   0   0   0             0   0   0   0   0
F13_2   0   0   0   0   0   0   0   0   0   0   0             0   0   0   0   0
F13_3   0   0   0   0   0   0   1   0   0   0   0             0   0   0   0   0
F13_4   0   0   0   0   0   0   0   0   0   0   0             0   0   0   0   0
F14     0   0   0   0   0   0   0   0   0   0   0             0   0   0   0   0
F14_1   0   0   0   0   0   0   0   0   0   0   0             0   0   0   0   0
F14_2   0   0   0   0   0   0   0   0   0   0   0             0   0   0   0   0
F14_3   0   0   0   0   0   0   0   0   0   0   0             0   0   0   0   0
F14_4   0   0   0   0   0   0   0   0   0   0   0             0   0   0   0   0
F15     0   0   0   0   0   0   0   0   0   0   0             0   0   0   0   0
F15_1   0   0   0   0   0   0   0   0   0   0   0             0   0   0   0   0
F15_2   0   0   0   0   0   0   0   0   0   0   0             0   0   0   0   0
F15_3   0   0   0   0   0   0   0   0   0   0   0             0   0   0   0   0
F15_4   0   0   0   0   0   0   0   0   0   0   0             0   0   0   0   0
N0      0   1   0   1   1   1   0   0   0   0   0.999999      0   0   0   0   0
Nσ      0   0   0   0   0   0   0   0   0   0   0             0   0   0   0   0

# $2 = F12_2
# $3 = F12_3
# $4 = F12_4
# $6 = F13_1
# $7 = F13_2
# $8 = F13_3
# $9 = F13_4
# $11 = F14_1
# $12 = F14_2
# $13 = F14_3
# $14 = F14_4
# $16 = F15_1
# $17 = F15_2
# $18 = F15_3
:     F12_1  $2  $3  $4 F13  $6  $7  $8  $9 F14 $11 $12 $13 $14 F15 $16 $17 $18 :=
C1       0    0   0   0   0   0   0   0   0   0   0   0   0   0   0   0   0   0
C10      0    0   0   0   0   0   0   0   0   0   0   0   0   0   0   0   0   0
C2       0    0   0   0   0   0   0   0   0   0   0   0   0   0   0   0   0   0
C3       0    0   0   0   0   0   0   0   0   0   0   0   0   0   0   0   0   0
C4       0    0   0   0   0   0   1   0   0   0   0   0   0   0   0   0   0   0
C5       0    0   0   0   0   0   0   0   0   0   0   0   0   0   0   0   0   0
C6       0    0   0   0   0   0   0   0   0   0   0   0   0   0   0   0   0   0
C7       0    0   0   0   0   0   0   0   0   0   0   0   0   0   0   0   0   0
C8       0    0   0   0   0   0   0   0   0   0   0   0   0   0   0   0   0   0
C9       0    0   0   0   0   0   0   0   0   0   0   0   0   0   0   0   0   0
F11      0    0   0   0   0   0   0   0   0   0   0   0   0   0   0   0   0   0
F11_1    0    0   0   0   0   0   0   0   0   0   0   0   0   0   0   0   0   0
F11_2    0    0   0   0   0   0   0   0   0   0   0   0   0   0   0   0   0   0
F11_3    0    0   0   0   0   0   0   0   0   0   0   0   0   0   0   0   0   0
F11_4    0    0   0   0   0   0   0   0   0   0   0   0   0   0   0   0   0   0
F12      0    0   0   0   0   0   0   0   0   0   0   0   0   0   0   0   0   0
F12_1    .    0   0   0   0   0   0   0   0   0   0   0   0   0   0   0   0   0
F12_2    0    .   0   0   0   0   0   0   0   0   0   0   0   0   0   0   0   0
F12_3    0    0   .   0   0   0   0   0   0   0   0   0   0   0   0   0   0   0
F12_4    0    0   0   .   0   0   0   0   0   0   0   0   0   0   0   0   0   0
F13      0    0   0   0   .   0   0   0   0   0   0   0   0   0   0   0   0   0
F13_1    0    0   0   0   0   .   0   0   0   0   0   0   0   0   0   0   0   0
F13_2    0    0   0   0   0   0   .   1   0   0   0   0   0   0   0   0   0   0
F13_3    0    0   0   0   0   0   0   .   0   0   0   0   0   0   0   0   0   0
F13_4    0    0   0   0   0   0   0   0   .   0   0   0   0   0   0   0   0   0
F14      0    0   0   0   0   0   0   0   0   .   0   0   0   0   0   0   0   0
F14_1    0    0   0   0   0   0   0   0   0   0   .   0   0   0   0   0   0   0
F14_2    0    0   0   0   0   0   0   0   0   0   0   .   0   0   0   0   0   0
F14_3    0    0   0   0   0   0   0   0   0   0   0   0   .   0   0   0   0   0
F14_4    0    0   0   0   0   0   0   0   0   0   0   0   0   .   0   0   0   0
F15      0    0   0   0   0   0   0   0   0   0   0   0   0   0   .   0   0   0
F15_1    0    0   0   0   0   0   0   0   0   0   0   0   0   0   0   .   0   0
F15_2    0    0   0   0   0   0   0   0   0   0   0   0   0   0   0   0   .   0
F15_3    0    0   0   0   0   0   0   0   0   0   0   0   0   0   0   0   0   .
F15_4    0    0   0   0   0   0   0   0   0   0   0   0   0   0   0   0   0   0
N0       0    0   0   0   0   0   0   0   0   0   0   0   0   0   0   0   0   0
Nσ       0    0   0   0   0   0   0   0   0   0   0   0   0   0   0   0   0   0

:     F15_4  N0      Nσ       :=
C1       0    0   1
C10      0    0   1
C2       0    0   0
C3       0    0   0
C4       0    0   0
C5       0    0   0
C6       0    0   1
C7       0    0   0
C8       0    0   0
C9       0    0   1
F11      0    0   0
F11_1    0    0   0
F11_2    0    0   0
F11_3    0    0   0.999999
F11_4    0    0   0
F12      0    0   0
F12_1    0    0   0
F12_2    0    0   0
F12_3    0    0   0
F12_4    0    0   0
F13      0    0   0
F13_1    0    0   0
F13_2    0    0   0
F13_3    0    0   0
F13_4    0    0   0
F14      0    0   0
F14_1    0    0   0
F14_2    0    0   0
F14_3    0    0   0
F14_4    0    0   0
F15      0    0   0
F15_1    0    0   0
F15_2    0    0   0
F15_3    0    0   0
F15_4    .    0   0
N0       0    .   0
Nσ       0    0    .
;

xplun [*,*]
# $13 = F11_2
# $14 = F11_3
# $15 = F11_4
# $17 = F12_1
# $18 = F12_2
:      C1 C10  C2  C3  C4  C5  C6  C7  C8  C9 F11 F11_1 $13 $14 $15 F12 $17 $18 :=
C1      .   0   0   0   0   0   0   0   0   0   0    0    0   0   0   0   0   0
C10     0   .   0   0   0   0   0   0   0   0   0    0    0   0   0   0   0   0
C2      0   0   .   0   0   0   0   0   0   0   0    0    0   0   0   0   0   0
C3      0   0   0   .   0   0   0   0   0   0   0    0    0   0   0   0   0   0
C4      0   0   0   0   .   0   0   0   0   0   0    0    0   0   0   0   0   0
C5      0   0   0   0   0   .   0   0   0   0   0    0    0   0   0   0   0   0
C6      0   0   0   0   0   0   .   0   0   0   0    0    0   0   0   0   0   0
C7      0   0   0   0   0   0   0   .   0   0   0    0    0   0   0   0   0   0
C8      0   0   0   0   0   0   0   0   .   0   0    0    0   0   0   0   0   0
C9      0   0   0   0   0   0   0   0   0   .   0    0    0   0   0   0   0   0
F11     0   0   0   0   0   0   0   0   0   0   .    0    0   0   0   0   0   0
F11_1   0   0   0   0   0   0   0   0   0   0   0    .    0   0   0   0   0   0
F11_2   0   0   0   0   0   0   0   0   0   0   0    0    .   0   0   0   0   0
F11_3   0   0   0   0   0   0   0   0   0   0   0    0    0   .   0   0   0   0
F11_4   0   0   0   0   0   0   0   0   0   0   0    0    0   0   .   0   0   0
F12     0   0   0   0   0   0   0   0   0   0   0    0    0   0   0   .   0   0
F12_1   0   0   0   0   0   0   0   0   0   0   0    0    0   0   0   0   .   0
F12_2   0   0   0   0   0   0   0   0   0   0   0    0    0   0   0   0   0   .
F12_3   0   0   0   0   0   0   0   0   0   0   0    0    0   0   0   0   0   0
F12_4   0   0   0   0   0   0   0   0   0   0   0    0    0   0   0   0   0   0
F13     0   0   0   0   0   0   0   0   0   0   0    0    0   0   0   0   0   0
F13_1   0   0   0   0   0   0   0   0   0   0   0    0    0   0   0   0   0   0
F13_2   0   0   0   0   0   0   0   0   0   0   0    0    0   0   0   0   0   0
F13_3   0   0   0   0   0   0   0   0   0   0   0    0    0   0   0   0   0   0
F13_4   0   0   0   0   0   0   0   0   0   0   0    0    0   0   0   0   0   0
F14     0   0   0   0   0   0   0   0   0   0   0    0    0   0   0   0   0   0
F14_1   0   0   0   0   0   0   0   0   0   0   0    0    0   0   0   0   0   0
F14_2   0   0   0   0   0   0   0   0   0   0   0    0    0   0   0   0   0   0
F14_3   0   0   0   0   0   0   0   0   0   0   0    0    0   0   0   0   0   0
F14_4   0   0   0   0   0   0   0   0   0   0   0    0    0   0   0   0   0   0
F15     0   0   0   0   0   0   0   0   0   0   0    0    0   0   0   0   0   0
F15_1   0   0   0   0   0   0   0   0   0   0   0    0    0   0   0   0   0   0
F15_2   0   0   0   0   0   0   0   0   0   0   0    0    0   0   0   0   0   0
F15_3   0   0   0   0   0   0   0   0   0   0   0    0    0   0   0   0   0   0
F15_4   0   0   0   0   0   0   0   0   0   0   0    0    0   0   0   0   0   0

# $5 = F13_2
# $6 = F13_3
# $7 = F13_4
# $9 = F14_1
# $10 = F14_2
# $11 = F14_3
# $12 = F14_4
# $14 = F15_1
# $15 = F15_2
# $16 = F15_3
# $17 = F15_4
:     F12_3 F12_4 F13 F13_1  $5  $6  $7 F14  $9 $10 $11 $12 F15 $14 $15 $16 $17 :=
C1       0     0    0    0    0   0   0   0   0   0   0   0   0   0   0   0   0
C10      0     0    0    0    0   0   0   0   0   0   0   0   0   0   0   0   0
C2       0     0    0    0    0   0   0   0   0   0   0   0   0   0   0   0   0
C3       0     0    0    0    0   0   0   0   0   0   0   0   0   0   0   0   0
C4       0     0    0    0    0   0   0   0   0   0   0   0   0   0   0   0   0
C5       0     0    0    0    0   0   0   0   0   0   0   0   0   0   0   0   0
C6       0     0    0    0    0   0   0   0   0   0   0   0   0   0   0   0   0
C7       0     0    0    0    0   0   0   0   0   0   0   0   0   0   0   0   0
C8       0     0    0    0    0   0   0   0   0   0   0   0   0   0   0   0   0
C9       0     0    0    0    0   0   0   0   0   0   0   0   0   0   0   0   0
F11      0     0    0    0    0   0   0   0   0   0   0   0   0   0   0   0   0
F11_1    0     0    0    0    0   0   0   0   0   0   0   0   0   0   0   0   0
F11_2    0     0    0    0    0   0   0   0   0   0   0   0   0   0   0   0   0
F11_3    0     0    0    0    0   0   0   0   0   0   0   0   0   0   0   0   0
F11_4    0     0    0    0    0   0   0   0   0   0   0   0   0   0   0   0   0
F12      0     0    0    0    0   0   0   0   0   0   0   0   0   0   0   0   0
F12_1    0     0    0    0    0   0   0   0   0   0   0   0   0   0   0   0   0
F12_2    0     0    0    0    0   0   0   0   0   0   0   0   0   0   0   0   0
F12_3    .     0    0    0    0   0   0   0   0   0   0   0   0   0   0   0   0
F12_4    0     .    0    0    0   0   0   0   0   0   0   0   0   0   0   0   0
F13      0     0    .    0    0   0   0   0   0   0   0   0   0   0   0   0   0
F13_1    0     0    0    .    0   0   0   0   0   0   0   0   0   0   0   0   0
F13_2    0     0    0    0    .   0   0   0   0   0   0   0   0   0   0   0   0
F13_3    0     0    0    0    0   .   0   0   0   0   0   0   0   0   0   0   0
F13_4    0     0    0    0    0   0   .   0   0   0   0   0   0   0   0   0   0
F14      0     0    0    0    0   0   0   .   0   0   0   0   0   0   0   0   0
F14_1    0     0    0    0    0   0   0   0   .   0   0   0   0   0   0   0   0
F14_2    0     0    0    0    0   0   0   0   0   .   0   0   0   0   0   0   0
F14_3    0     0    0    0    0   0   0   0   0   0   .   0   0   0   0   0   0
F14_4    0     0    0    0    0   0   0   0   0   0   0   .   0   0   0   0   0
F15      0     0    0    0    0   0   0   0   0   0   0   0   .   0   0   0   0
F15_1    0     0    0    0    0   0   0   0   0   0   0   0   0   .   0   0   0
F15_2    0     0    0    0    0   0   0   0   0   0   0   0   0   0   .   0   0
F15_3    0     0    0    0    0   0   0   0   0   0   0   0   0   0   0   .   0
F15_4    0     0    0    0    0   0   0   0   0   0   0   0   0   0   0   0   .
;

sum{i in F, j in V: i != j} xplun[i,j] = 0

sum{i in Vplun, j in Vplun: i != j} d[i,j]*xplun[i,j] = 0

sum{i in D0, j in Vplun} x[i,j] = 5

sum{i in Vall, j in Vall: i != j} x[i,j]*t[i,j] = 339.266

sum{i in F} c[i]*R[i] = 2.879

sum{i in F, j in Vplunend: i != j} b[i]*x[i,j] = 0

y [*] :=
   C1 27.004       C8 29.7631   F12_1  0        F13_4  0        F15_2  0
  C10 52.4518      C9 16.7631   F12_2  0          F14  0        F15_3 77.75
   C2 40.9434     F11 63.0145   F12_3  0        F14_1 25.5415   F15_4  0
   C3 46.7017   F11_1 63.0145   F12_4  0        F14_2  0           N0 77.75
   C4 37.4387   F11_2 77.75       F13  0        F14_3  0           Nσ  0
   C5 35.0571   F11_3  0        F13_1  0        F14_4 60.1009
   C6 11.6619   F11_4 77.75     F13_2 35.2026     F15  0
   C7 48.0145     F12  0        F13_3 35.2026   F15_1 77.75
;

yplun [*] :=
   C1 0      C5 0     F11 0     F12 0     F13 0     F14 0     F15 0
  C10 0      C6 0   F11_1 0   F12_1 0   F13_1 0   F14_1 0   F15_1 0
   C2 0      C7 0   F11_2 0   F12_2 0   F13_2 0   F14_2 0   F15_2 0
   C3 0      C8 0   F11_3 0   F12_3 0   F13_3 0   F14_3 0   F15_3 0
   C4 0      C9 0   F11_4 0   F12_4 0   F13_4 0   F14_4 0   F15_4 0
;

A [*] :=
   C1 3275         C8 2664      F12_1 1588.87   F13_4 3390      F15_2    0
  C10  497         C9 2951      F12_2 3265.97     F14 1657.25   F15_3    0
   C2  463        F11  261      F12_3 1545.96   F14_1  298.5    F15_4    0
   C3 1641      F11_1  261      F12_4    0      F14_2  298.5       N0    0
   C4 1934      F11_2    0        F13 3390      F14_3 3067.95      Nσ 3390
   C5 1725      F11_3 1850.06   F13_1 3390      F14_4  298.5
   C6 3047      F11_4    0      F13_2 2026.24     F15    0
   C7  276        F12    0      F13_3 2026.24   F15_1 3190.05
;

Aplun [*] :=
   C1 3365      C7  366   F11_4    0   F13_1    0   F14_3    0      N0    0
  C10  747      C8 2664     F12    0   F13_2    0   F14_4    0      Nσ    0
   C2  732      C9 2951   F12_1    0   F13_3    0     F15    0
   C3 1891     F11    0   F12_2    0   F13_4    0   F15_1    0
   C4 2184   F11_1    0   F12_3    0     F14    0   F15_2    0
   C5 1975   F11_2    0   F12_4    0   F14_1    0   F15_3    0
   C6 3047   F11_3    0     F13    0   F14_2    0   F15_4    0
;

u [*] :=
   C1  10            F11_3   6.5427e-05   F14_1 680
  C10 700            F11_4   0            F14_2 680
   C2  60              F12   0            F14_3 700
   C3  30            F12_1   0            F14_4 680
   C4 700            F12_2 700              F15   0
   C5  40.0001       F12_3   0            F15_1   0
   C6 660            F12_4   0            F15_2   0
   C7  70              F13 660            F15_3   0
   C8  50            F13_1 700            F15_4   0
   C9  10            F13_2 660               N0 700
  F11  70            F13_3 660               Nσ   0
F11_1  70            F13_4 700
F11_2   0              F14   0
;

w [*] :=
   C1 0      C5 0     F11 0     F12 0     F13 0     F14 0     F15 0      N0 0
  C10 0      C6 0   F11_1 0   F12_1 0   F13_1 0   F14_1 0   F15_1 0      Nσ 0
   C2 0      C7 0   F11_2 0   F12_2 0   F13_2 0   F14_2 0   F15_2 0
   C3 0      C8 0   F11_3 0   F12_3 0   F13_3 0   F14_3 0   F15_3 0
   C4 0      C9 0   F11_4 0   F12_4 0   F13_4 0   F14_4 0   F15_4 0
;

b [*] :=
  F11 0   F11_4 0   F12_3 1   F13_2 0   F14_1 0     F15 0   F15_4 0
F11_1 0     F12 0   F12_4 0   F13_3 0   F14_2 0   F15_1 0
F11_2 0   F12_1 0     F13 0   F13_4 0   F14_3 1   F15_2 0
F11_3 0   F12_2 0   F13_1 0     F14 0   F14_4 0   F15_3 0
;

c [*] :=
  F11 1   F11_4 1   F12_3 0   F13_2 1   F14_1 1     F15 1   F15_4 1
F11_1 1     F12 1   F12_4 1   F13_3 1   F14_2 1   F15_1 1
F11_2 1   F12_1 1     F13 1   F13_4 1   F14_3 0   F15_2 1
F11_3 1   F12_2 1   F13_1 1     F14 1   F14_4 1   F15_3 1
;

R [*] :=
  F11 0         F12 0         F13 0         F14 0         F15 0
F11_1 0       F12_1 0       F13_1 0       F14_1 0       F15_1 0
F11_2 0       F12_2 0       F13_2 0       F14_2 0       F15_2 0
F11_3 0       F12_3 0       F13_3 2.879   F14_3 0       F15_3 0
F11_4 0       F12_4 0       F13_4 0       F14_4 0       F15_4 0
;

Y [*] :=
  F11 63.0145     F12  0          F13  0          F14  0          F15  0
F11_1 63.0145   F12_1  0        F13_1  0        F14_1 25.5415   F15_1 77.75
F11_2 77.75     F12_2  0        F13_2 35.2026   F14_2  0        F15_2  0
F11_3  0        F12_3 77.75     F13_3 38.0816   F14_3 77.75     F15_3 77.75
F11_4 77.75     F12_4  0        F13_4  0        F14_4 60.1009   F15_4  0
;

