MIP Gap (%):  29.637926313254393
_solve_elapsed_time = 28824.4

TotalCost = 4923.45

x [*,*]
# $13 = F11_2
# $14 = F11_3
# $15 = F11_4
# $17 = F12_1
# $18 = F12_2
:      C1 C10  C2  C3  C4  C5  C6  C7  C8  C9 F11 F11_1 $13 $14 $15 F12 $17 $18 :=
C1      .   0   0   0   0   0   0   0   0   0   0    0    0   0   0   0   0   0
C10     0   .   1   0   0   0   0   0   0   0   0    0    0   0   0   0   0   0
C2      1   0   .   0   0   0   0   0   0   0   0    0    0   0   0   0   0   0
C3      0   0   0   .   0   0   0   0   0   0   0    0    0   0   1   0   0   0
C4      0   0   0   1   .   0   0   0   0   0   0    0    0   0   0   0   0   0
C5      0   0   0   0   0   .   0   0   0   0   0    0    0   0   0   0   0   1
C6      0   0   0   0   0   0   .   0   1   0   0    0    0   0   0   0   0   0
C7      0   0   0   0   0   0   0   .   0   0   0    0    0   0   0   0   0   0
C8      0   0   0   0   0   1   0   0   .   0   0    0    0   0   0   0   0   0
C9      0   0   0   0   1   0   0   0   0   .   0    0    0   0   0   0   0   0
F11     0   0   0   0   0   0   0   0   0   0   .    0    1   0   0   0   0   0
F11_1   0   0   0   0   0   0   0   0   0   0   1    .    0   0   0   0   0   0
F11_2   0   0   0   0   0   0   0   1   0   0   0    0    .   0   0   0   0   0
F11_3   0   0   0   0   0   0   0   0   0   0   0    1    0   .   0   0   0   0
F11_4   0   0   0   0   0   0   0   0   0   0   0    0    0   0   .   0   0   0
F12     0   0   0   0   0   0   0   0   0   0   0    0    0   0   0   .   0   0
F12_1   0   0   0   0   0   0   0   0   0   0   0    0    0   0   0   0   .   0
F12_2   0   0   0   0   0   0   0   0   0   0   0    0    0   0   0   0   0   .
F12_3   0   0   0   0   0   0   0   0   0   0   0    0    0   0   0   0   0   0
F12_4   0   1   0   0   0   0   0   0   0   0   0    0    0   0   0   0   0   0
F13     0   0   0   0   0   0   0   0   0   0   0    0    0   0   0   0   0   0
F13_1   0   0   0   0   0   0   0   0   0   1   0    0    0   0   0   0   0   0
F13_2   0   0   0   0   0   0   0   0   0   0   0    0    0   0   0   0   0   0
F13_3   0   0   0   0   0   0   0   0   0   0   0    0    0   0   0   0   0   0
F13_4   0   0   0   0   0   0   0   0   0   0   0    0    0   0   0   0   0   0
N0      0   0   0   0   0   0   1   0   0   0   0    0    0   1   0   0   0   0
Nσ      0   0   0   0   0   0   0   0   0   0   0    0    0   0   0   0   0   0

:     F12_3 F12_4 F13 F13_1 F13_2 F13_3 F13_4  N0  Nσ    :=
C1       0     0    0    0     0     0     0    0   1
C10      0     0    0    0     0     0     0    0   0
C2       0     0    0    0     0     0     0    0   0
C3       0     0    0    0     0     0     0    0   0
C4       0     0    0    0     0     0     0    0   0
C5       0     0    0    0     0     0     0    0   0
C6       0     0    0    0     0     0     0    0   0
C7       0     0    0    0     0     1     0    0   0
C8       0     0    0    0     0     0     0    0   0
C9       0     0    0    0     0     0     0    0   0
F11      0     0    0    0     0     0     0    0   0
F11_1    0     0    0    0     0     0     0    0   0
F11_2    0     0    0    0     0     0     0    0   0
F11_3    0     0    0    0     0     0     0    0   0
F11_4    0     0    0    0     0     0     0    0   1
F12      0     0    0    0     0     0     0    0   0
F12_1    0     0    0    0     0     0     0    0   0
F12_2    0     1    0    0     0     0     0    0   0
F12_3    .     0    0    0     0     0     0    0   0
F12_4    0     .    0    0     0     0     0    0   0
F13      0     0    .    0     0     0     0    0   0
F13_1    0     0    0    .     0     0     0    0   0
F13_2    0     0    0    0     .     0     0    0   0
F13_3    0     0    0    1     0     .     0    0   0
F13_4    0     0    0    0     0     0     .    0   0
N0       0     0    0    0     0     0     0    .   0
Nσ       0     0    0    0     0     0     0    0   .
;

xplun [*,*]
# $13 = F11_2
# $14 = F11_3
# $15 = F11_4
# $17 = F12_1
# $18 = F12_2
:      C1 C10  C2  C3  C4  C5  C6  C7  C8  C9 F11 F11_1 $13 $14 $15 F12 $17 $18 :=
C1      .   0   0   0   0   0   0   0   0   0   0    0    0   0   0   0   0   0
C10     0   .   0   0   0   0   0   0   0   0   0    0    0   0   0   0   0   0
C2      0   0   .   0   0   0   0   0   0   0   0    0    0   0   0   0   0   0
C3      0   0   0   .   0   0   0   0   0   0   0    0    0   0   0   0   0   0
C4      0   0   0   0   .   0   0   0   0   0   0    0    0   0   0   0   0   0
C5      0   0   0   0   0   .   0   0   0   0   0    0    0   0   0   0   0   0
C6      0   0   0   0   0   0   .   0   0   0   0    0    0   0   0   0   0   0
C7      0   0   0   0   0   0   0   .   0   0   0    0    0   0   0   0   0   0
C8      0   0   0   0   0   0   0   0   .   0   0    0    0   0   0   0   0   0
C9      0   0   0   0   0   0   0   0   0   .   0    0    0   0   0   0   0   0
F11     0   0   0   0   0   0   0   0   0   0   .    0    0   0   0   0   0   0
F11_1   0   0   0   0   0   0   0   0   0   0   0    .    0   0   0   0   0   0
F11_2   0   0   0   0   0   0   0   0   0   0   0    0    .   0   0   0   0   0
F11_3   0   0   0   0   0   0   0   0   0   0   0    0    0   .   0   0   0   0
F11_4   0   0   0   0   0   0   0   0   0   0   0    0    0   0   .   0   0   0
F12     0   0   0   0   0   0   0   0   0   0   0    0    0   0   0   .   0   0
F12_1   0   0   0   0   0   0   0   0   0   0   0    0    0   0   0   0   .   0
F12_2   0   0   0   0   0   0   0   0   0   0   0    0    0   0   0   0   0   .
F12_3   0   0   0   0   0   0   0   0   0   0   0    0    0   0   0   0   0   0
F12_4   0   0   0   0   0   0   0   0   0   0   0    0    0   0   0   0   0   0
F13     0   0   0   0   0   0   0   0   0   0   0    0    0   0   0   0   0   0
F13_1   0   0   0   0   0   0   0   0   0   0   0    0    0   0   0   0   0   0
F13_2   0   0   0   0   0   0   0   0   0   0   0    0    0   0   0   0   0   0
F13_3   0   0   0   0   0   0   0   0   0   0   0    0    0   0   0   0   0   0
F13_4   0   0   0   0   0   0   0   0   0   0   0    0    0   0   0   0   0   0

:     F12_3 F12_4 F13 F13_1 F13_2 F13_3 F13_4    :=
C1       0     0    0    0     0     0     0
C10      0     0    0    0     0     0     0
C2       0     0    0    0     0     0     0
C3       0     0    0    0     0     0     0
C4       0     0    0    0     0     0     0
C5       0     0    0    0     0     0     0
C6       0     0    0    0     0     0     0
C7       0     0    0    0     0     0     0
C8       0     0    0    0     0     0     0
C9       0     0    0    0     0     0     0
F11      0     0    0    0     0     0     0
F11_1    0     0    0    0     0     0     0
F11_2    0     0    0    0     0     0     0
F11_3    0     0    0    0     0     0     0
F11_4    0     0    0    0     0     0     0
F12      0     0    0    0     0     0     0
F12_1    0     0    0    0     0     0     0
F12_2    0     0    0    0     0     0     0
F12_3    .     0    0    0     0     0     0
F12_4    0     .    0    0     0     0     0
F13      0     0    .    0     0     0     0
F13_1    0     0    0    .     0     0     0
F13_2    0     0    0    0     .     0     0
F13_3    0     0    0    0     0     .     0
F13_4    0     0    0    0     0     0     .
;

sum{i in F, j in V: i != j} xplun[i,j] = 0

sum{i in Vplun, j in Vplun: i != j} d[i,j]*xplun[i,j] = 0

sum{i in D0, j in Vplun} x[i,j] = 2

sum{i in Vall, j in Vall: i != j} x[i,j]*t[i,j] = 228.281

sum{i in F} c[i]*R[i] = 0

sum{i in F, j in Vplunend: i != j} b[i]*x[i,j] = 2

y [*] :=
   C1 11.6619      C6 61.9386   F11_2 28.5945   F12_3  0        F13_4 77.75
  C10 36.13        C7 12.0416   F11_3 77.75     F12_4 73.184       N0 77.75
   C2 23.3238      C8 43.9108   F11_4  3.2846     F13  0           Nσ  0
   C3 21.3124      C9 56.7262     F12 77.75     F13_1 77.75
   C4 51.7262     F11 77.75     F12_1 77.75     F13_2  0
   C5  8        F11_1 77.75     F12_2  0        F13_3  0
;

yplun [*] :=
   C1 0      C4 0      C8 0   F11_2 0   F12_1 0     F13 0   F13_4 0
  C10 0      C5 0      C9 0   F11_3 0   F12_2 0   F13_1 0
   C2 0      C6 0     F11 0   F11_4 0   F12_3 0   F13_2 0
   C3 0      C7 0   F11_1 0     F12 0   F12_4 0   F13_3 0
;

A [*] :=
   C1 2807           C7  508        F11_4 3099.4      F13_1 1248.98
  C10 2418.19        C8  327          F12   33.5712   F13_2 1032.1
   C2 2521           C9 1270        F12_1  509.212    F13_3  610.042
   C3 2720          F11    0        F12_2  806        F13_4 3390
   C4 1455        F11_1    0        F12_3    0           N0    0
   C5  708        F11_2  491.447    F12_4  806           Nσ 3390
   C6   38        F11_3    0          F13 3084.93
;

Aplun [*] :=
   C1 3127      C5 1118     F11    0     F12    0     F13    0      N0    0
  C10 2456      C6  448   F11_1    0   F12_1    0   F13_1    0      Nσ    0
   C2 2841      C7  918   F11_2    0   F12_2    0   F13_2    0
   C3 2720      C8  896   F11_3    0   F12_3    0   F13_3    0
   C4 1865      C9 1680   F11_4    0   F12_4    0   F13_4    0
;

u [*] :=
   C1  20      C5  80     F11  70     F12 700     F13 700      N0 700
  C10  70      C6 110   F11_1  70   F12_1   0   F13_1  60      Nσ   0
   C2  30      C7  70   F11_2  70   F12_2  70   F13_2  50
   C3  10      C8  90   F11_3  70   F12_3 700   F13_3  60
   C4  30      C9  60   F11_4   0   F12_4  70   F13_4  50
;

w [*] :=
   C1 0      C4 0      C8 0   F11_2 0   F12_1 0     F13 0   F13_4 0
  C10 0      C5 0      C9 0   F11_3 0   F12_2 0   F13_1 0      N0 0
   C2 0      C6 0     F11 0   F11_4 0   F12_3 0   F13_2 0      Nσ 0
   C3 0      C7 0   F11_1 0     F12 0   F12_4 0   F13_3 0
;

b [*] :=
  F11  0
F11_1  0
F11_2  0
F11_3  0
F11_4  0
  F12  0
F12_1  0
F12_2  1
F12_3  0
F12_4  0
  F13  0
F13_1  0
F13_2  1
F13_3  1
F13_4  0
;

c [*] :=
  F11  1
F11_1  1
F11_2  1
F11_3  1
F11_4  1
  F12  1
F12_1  1
F12_2  0
F12_3  1
F12_4  1
  F13  1
F13_1  1
F13_2  0
F13_3  0
F13_4  1
;

R [*] :=
  F11  0
F11_1  0
F11_2  0
F11_3  0
F11_4  0
  F12  0
F12_1  0
F12_2  0
F12_3  0
F12_4  0
  F13  0
F13_1  0
F13_2  0
F13_3  0
F13_4  0
;

Y [*] :=
  F11  77.75
F11_1  77.75
F11_2  28.5945
F11_3  77.75
F11_4   3.2846
  F12  77.75
F12_1  77.75
F12_2  77.75
F12_3   0
F12_4  73.184
  F13   0
F13_1  77.75
F13_2  77.75
F13_3  77.75
F13_4  77.75
;

