MIP Gap (%):  67.45649658592302
_solve_elapsed_time = 28807.1

TotalCost = 8737.51

x [*,*]
# $13 = F11_2
# $14 = F11_3
# $15 = F11_4
# $17 = F12_1
# $18 = F12_2
:      C1 C10  C2  C3  C4  C5  C6  C7  C8  C9 F11 F11_1 $13 $14 $15 F12 $17 $18 :=
C1      .   0   0   0   0   0   0   0   0   0   0    0    0   0   0   0   1   0
C10     0   .   1   0   0   0   0   0   0   0   0    0    0   0   0   0   0   0
C2      0   0   .   1   0   0   0   0   0   0   0    0    0   0   0   0   0   0
C3      0   0   0   .   0   0   0   0   0   0   0    0    0   0   0   0   0   0
C4      0   0   0   0   .   0   0   0   0   0   0    0    0   0   0   0   0   0
C5      0   0   0   0   0   .   0   0   0   0   0    0    0   0   0   0   0   0
C6      0   0   0   0   0   0   .   0   0   0   0    0    0   0   0   0   0   0
C7      0   0   0   0   0   0   0   .   0   0   0    0    0   0   0   0   0   0
C8      0   0   0   0   1   0   0   0   .   0   0    0    0   0   0   0   0   0
C9      0   0   0   0   0   0   1   0   0   .   0    0    0   0   0   0   0   0
F11     0   0   0   0   0   1   0   0   0   0   .    0    0   0   0   0   0   0
F11_1   0   0   0   0   0   0   0   0   0   0   0    .    0   0   0   0   0   0
F11_2   0   0   0   0   0   0   0   0   1   0   0    0    .   0   0   0   0   0
F11_3   0   0   0   0   0   0   0   0   0   0   0    0    0   .   0   0   0   0
F11_4   0   0   0   0   0   0   0   0   0   0   0    0    0   0   .   0   0   0
F12     0   0   0   0   0   0   0   1   0   0   0    0    0   0   0   .   0   0
F12_1   0   0   0   0   0   0   0   0   0   0   0    0    0   0   0   0   .   0
F12_2   0   0   0   0   0   0   0   0   0   0   0    0    0   0   0   0   0   .
F12_3   0   0   0   0   0   0   0   0   0   0   0    0    0   0   0   0   0   0
F12_4   0   0   0   0   0   0   0   0   0   0   0    0    0   0   0   1   0   0
F13     0   0   0   0   0   0   0   0   0   0   0    0    0   0   0   0   0   0
F13_1   0   0   0   0   0   0   0   0   0   0   0    0    0   0   0   0   0   0
F13_2   0   0   0   0   0   0   0   0   0   0   0    0    0   0   0   0   0   0
F13_3   0   0   0   0   0   0   0   0   0   0   0    0    0   0   0   0   0   0
F13_4   0   0   0   0   0   0   0   0   0   0   0    0    0   0   0   0   0   0
F14     0   0   0   0   0   0   0   0   0   0   0    0    0   0   0   0   0   0
F14_1   0   0   0   0   0   0   0   0   0   0   0    0    0   0   0   0   0   0
F14_2   0   0   0   0   0   0   0   0   0   0   0    0    0   0   0   0   0   0
F14_3   0   0   0   0   0   0   0   0   0   0   0    0    0   0   0   0   0   0
F14_4   0   0   0   0   0   0   0   0   0   0   0    0    0   0   0   0   0   0
N0      1   1   0   0   0   0   0   0   0   1   1    0    1   0   0   0   0   0
Nσ      0   0   0   0   0   0   0   0   0   0   0    0    0   0   0   0   0   0

# $1 = F12_3
# $2 = F12_4
# $4 = F13_1
# $5 = F13_2
# $6 = F13_3
# $7 = F13_4
# $9 = F14_1
# $10 = F14_2
# $11 = F14_3
:      $1  $2 F13  $4  $5  $6  $7     F14     $9 $10 $11      F14_4     N0  Nσ :=
C1      0   0   0   0   0   0   0   0          0   0   0   0             0   0
C10     0   0   0   0   0   0   0   0          0   0   0   0             0   0
C2      0   0   0   0   0   0   0   0          0   0   0   0             0   0
C3      0   0   0   0   0   0   0   0.999998   0   0   0   1.53174e-06   0   0
C4      0   0   0   0   0   0   0   0          0   0   0   0             0   1
C5      0   0   0   0   0   0   0   0          0   0   0   0             0   1
C6      0   0   0   0   0   0   0   0          0   0   0   0             0   1
C7      0   0   0   0   0   0   0   0          0   0   0   0             0   1
C8      0   0   0   0   0   0   0   0          0   0   0   0             0   0
C9      0   0   0   0   0   0   0   0          0   0   0   0             0   0
F11     0   0   0   0   0   0   0   0          0   0   0   0             0   0
F11_1   0   0   0   0   0   0   0   0          0   0   0   0             0   0
F11_2   0   0   0   0   0   0   0   0          0   0   0   0             0   0
F11_3   0   0   0   0   0   0   0   0          0   0   0   0             0   0
F11_4   0   0   0   0   0   0   0   0          0   0   0   0             0   0
F12     0   0   0   0   0   0   0   0          0   0   0   0             0   0
F12_1   1   0   0   0   0   0   0   0          0   0   0   0             0   0
F12_2   0   0   0   0   0   0   0   0          0   0   0   0             0   0
F12_3   .   1   0   0   0   0   0   0          0   0   0   0             0   0
F12_4   0   .   0   0   0   0   0   0          0   0   0   0             0   0
F13     0   0   .   0   0   0   0   0          0   0   0   0             0   0
F13_1   0   0   0   .   0   0   0   0          0   0   0   0             0   0
F13_2   0   0   0   0   .   0   0   0          0   0   0   0             0   0
F13_3   0   0   0   0   0   .   0   0          0   0   0   0             0   0
F13_4   0   0   0   0   0   0   .   0          0   0   0   0             0   0
F14     0   0   0   0   0   0   0    .         0   0   0   0.999998      0   0
F14_1   0   0   0   0   0   0   0   0          .   0   0   0             0   0
F14_2   0   0   0   0   0   0   0   0          0   .   0   0             0   0
F14_3   0   0   0   0   0   0   0   0          0   0   .   0             0   0
F14_4   0   0   0   0   0   0   0   0          0   0   0    .            0   1
N0      0   0   0   0   0   0   0   0          0   0   0   0             .   0
Nσ      0   0   0   0   0   0   0   0          0   0   0   0             0   .
;

xplun [*,*]
# $13 = F11_2
# $14 = F11_3
# $15 = F11_4
# $17 = F12_1
# $18 = F12_2
:      C1 C10  C2  C3  C4  C5  C6  C7  C8  C9 F11 F11_1 $13 $14 $15 F12 $17 $18 :=
C1      .   0   0   0   0   0   0   0   0   0   0    0    0   0   0   0   0   0
C10     0   .   0   0   0   0   0   0   0   0   0    0    0   0   0   0   0   0
C2      0   0   .   0   0   0   0   0   0   0   0    0    0   0   0   0   0   0
C3      0   0   0   .   0   0   0   0   0   0   0    0    0   0   0   0   0   0
C4      0   0   0   0   .   0   0   0   0   0   0    0    0   0   0   0   0   0
C5      0   0   0   0   0   .   0   0   0   0   0    0    0   0   0   0   0   0
C6      0   0   0   0   0   0   .   0   0   0   0    0    0   0   0   0   0   0
C7      0   0   0   0   0   0   0   .   0   0   0    0    0   0   0   0   0   0
C8      0   0   0   0   0   0   0   0   .   0   0    0    0   0   0   0   0   0
C9      0   0   0   0   0   0   0   0   0   .   0    0    0   0   0   0   0   0
F11     0   0   0   0   0   0   0   0   0   0   .    0    0   0   0   0   0   0
F11_1   0   0   0   0   0   0   0   0   0   0   0    .    0   0   0   0   0   0
F11_2   0   0   0   0   0   0   0   0   0   0   0    0    .   0   0   0   0   0
F11_3   0   0   0   0   0   0   0   0   0   0   0    0    0   .   0   0   0   0
F11_4   0   0   0   0   0   0   0   0   0   0   0    0    0   0   .   0   0   0
F12     0   0   0   0   0   0   0   0   0   0   0    0    0   0   0   .   0   0
F12_1   0   0   0   0   0   0   0   0   0   0   0    0    0   0   0   0   .   0
F12_2   0   0   0   0   0   0   0   0   0   0   0    0    0   0   0   0   0   .
F12_3   0   0   0   0   0   0   0   0   0   0   0    0    0   0   0   0   0   0
F12_4   0   0   0   0   0   0   0   0   0   0   0    0    0   0   0   0   0   0
F13     0   0   0   0   0   0   0   0   0   0   0    0    0   0   0   0   0   0
F13_1   0   0   0   0   0   0   0   0   0   0   0    0    0   0   0   0   0   0
F13_2   0   0   0   0   0   0   0   0   0   0   0    0    0   0   0   0   0   0
F13_3   0   0   0   0   0   0   0   0   0   0   0    0    0   0   0   0   0   0
F13_4   0   0   0   0   0   0   0   0   0   0   0    0    0   0   0   0   0   0
F14     0   0   0   0   0   0   0   0   0   0   0    0    0   0   0   0   0   0
F14_1   0   0   0   0   0   0   0   0   0   0   0    0    0   0   0   0   0   0
F14_2   0   0   0   0   0   0   0   0   0   0   0    0    0   0   0   0   0   0
F14_3   0   0   0   0   0   0   0   0   0   0   0    0    0   0   0   0   0   0
F14_4   0   0   0   0   0   0   0   0   0   0   0    0    0   0   0   0   0   0

:     F12_3 F12_4 F13 F13_1 F13_2 F13_3 F13_4 F14 F14_1 F14_2 F14_3 F14_4    :=
C1       0     0    0    0     0     0     0    0    0     0     0     0
C10      0     0    0    0     0     0     0    0    0     0     0     0
C2       0     0    0    0     0     0     0    0    0     0     0     0
C3       0     0    0    0     0     0     0    0    0     0     0     0
C4       0     0    0    0     0     0     0    0    0     0     0     0
C5       0     0    0    0     0     0     0    0    0     0     0     0
C6       0     0    0    0     0     0     0    0    0     0     0     0
C7       0     0    0    0     0     0     0    0    0     0     0     0
C8       0     0    0    0     0     0     0    0    0     0     0     0
C9       0     0    0    0     0     0     0    0    0     0     0     0
F11      0     0    0    0     0     0     0    0    0     0     0     0
F11_1    0     0    0    0     0     0     0    0    0     0     0     0
F11_2    0     0    0    0     0     0     0    0    0     0     0     0
F11_3    0     0    0    0     0     0     0    0    0     0     0     0
F11_4    0     0    0    0     0     0     0    0    0     0     0     0
F12      0     0    0    0     0     0     0    0    0     0     0     0
F12_1    0     0    0    0     0     0     0    0    0     0     0     0
F12_2    0     0    0    0     0     0     0    0    0     0     0     0
F12_3    .     0    0    0     0     0     0    0    0     0     0     0
F12_4    0     .    0    0     0     0     0    0    0     0     0     0
F13      0     0    .    0     0     0     0    0    0     0     0     0
F13_1    0     0    0    .     0     0     0    0    0     0     0     0
F13_2    0     0    0    0     .     0     0    0    0     0     0     0
F13_3    0     0    0    0     0     .     0    0    0     0     0     0
F13_4    0     0    0    0     0     0     .    0    0     0     0     0
F14      0     0    0    0     0     0     0    .    0     0     0     0
F14_1    0     0    0    0     0     0     0    0    .     0     0     0
F14_2    0     0    0    0     0     0     0    0    0     .     0     0
F14_3    0     0    0    0     0     0     0    0    0     0     .     0
F14_4    0     0    0    0     0     0     0    0    0     0     0     .
;

sum{i in F, j in V: i != j} xplun[i,j] = 0

sum{i in Vplun, j in Vplun: i != j} d[i,j]*xplun[i,j] = 0

sum{i in D0, j in Vplun} x[i,j] = 5

sum{i in Vall, j in Vall: i != j} x[i,j]*t[i,j] = 294.92

sum{i in F} c[i]*R[i] = 47.883

sum{i in F, j in Vplunend: i != j} b[i]*x[i,j] = 0

y [*] :=
   C1 43.1658       C8 26.5718    F12_1 32.7255    F13_4  0
  C10 42.6022       C9 28.2417    F12_2  0           F14  4.51219
   C2 24.5744      F11 38.4708    F12_3 32.7255    F14_1  0
   C3 12.5744    F11_1  0         F12_4 32.7255    F14_2  0
   C4 18.0278    F11_2 44.0647      F13  0         F14_3  0
   C5 19.2354    F11_3  0         F13_1  0         F14_4  4.51229
   C6 19.6977    F11_4  0         F13_2  0            N0 60.63
   C7 31.6228      F12 48.8855    F13_3  0            Nσ  0
;

yplun [*] :=
   C1 0      C4 0      C8 0   F11_2 0   F12_1 0     F13 0   F13_4 0   F14_3 0
  C10 0      C5 0      C9 0   F11_3 0   F12_2 0   F13_1 0     F14 0   F14_4 0
   C2 0      C6 0     F11 0   F11_4 0   F12_3 0   F13_2 0   F14_1 0
   C3 0      C7 0   F11_1 0     F12 0   F12_4 0   F13_3 0   F14_2 0
;

A [*] :=
   C1  17.4642      C8  93        F12_1  37.9045   F13_4 187.763
  C10  42.9722      C9 170.456    F12_2 187.763      F14 111.062
   C2  71          F11   0        F12_3  37.9045   F14_1 140.874
   C3  93        F11_1 140.874    F12_4  37.9045   F14_2 152.661
   C4 172        F11_2   0          F13 187.763    F14_3 140.874
   C5  84        F11_3 187.763    F13_1 187.763    F14_4 147.132
   C6 189        F11_4   0        F13_2 187.763       N0   0
   C7 136          F12 118.737    F13_3 187.763       Nσ 230
;

Aplun [*] :=
   C1 212      C6 189   F11_2   0   F12_3   0   F13_4   0      N0   0
  C10 211      C7 136   F11_3   0   F12_4   0     F14   0      Nσ   0
   C2  78      C8  93   F11_4   0     F13   0   F14_1   0
   C3  93      C9 215     F12   0   F13_1   0   F14_2   0
   C4 172     F11   0   F12_1   0   F13_2   0   F14_3   0
   C5  84   F11_1   0   F12_2   0   F13_3   0   F14_4   0
;

u [*] :=
   C1 200      C6 181   F11_2 200   F12_3 164   F13_4 173      N0 200
  C10 200      C7 160   F11_3 200   F12_4 164     F14 135      Nσ   0
   C2 189      C8 200   F11_4 200     F13 173   F14_1 191
   C3 160      C9 200     F12 164   F13_1 173   F14_2 191
   C4 191     F11 188   F12_1 164   F13_2 189   F14_3 200
   C5 173   F11_1 200   F12_2 164   F13_3 173   F14_4 135
;

w [*] :=
   C1 0      C4 0      C8 0   F11_2 0   F12_1 0     F13 0   F13_4 0   F14_3 0
  C10 0      C5 0      C9 0   F11_3 0   F12_2 0   F13_1 0     F14 0   F14_4 0
   C2 0      C6 0     F11 0   F11_4 0   F12_3 0   F13_2 0   F14_1 0      N0 0
   C3 0      C7 0   F11_1 0     F12 0   F12_4 0   F13_3 0   F14_2 0      Nσ 0
;

b [*] :=
  F11  0
F11_1  0
F11_2  0
F11_3  0
F11_4  0
  F12  0
F12_1  0
F12_2  0
F12_3  0
F12_4  0
  F13  0
F13_1  0
F13_2  0
F13_3  0
F13_4  0
  F14  0
F14_1  0
F14_2  0
F14_3  0
F14_4  0
;

c [*] :=
  F11  1
F11_1  1
F11_2  1
F11_3  1
F11_4  1
  F12  1
F12_1  1
F12_2  1
F12_3  1
F12_4  1
  F13  1
F13_1  1
F13_2  1
F13_3  1
F13_4  1
  F14  1
F14_1  1
F14_2  1
F14_3  1
F14_4  1
;

R [*] :=
  F11   0
F11_1   0
F11_2   0
F11_3   0
F11_4   0
  F12   0
F12_1   0
F12_2   0
F12_3   0
F12_4  16.16
  F13   0
F13_1   0
F13_2   0
F13_3   0
F13_4   0
  F14   0
F14_1   0
F14_2   0
F14_3   0
F14_4  31.723
;

Y [*] :=
  F11  38.4708
F11_1   0
F11_2  44.0647
F11_3   0
F11_4   0
  F12  48.8855
F12_1  32.7255
F12_2   0
F12_3  32.7255
F12_4  48.8855
  F13   0
F13_1   0
F13_2   0
F13_3   0
F13_4   0
  F14   4.51219
F14_1   0
F14_2   0
F14_3   0
F14_4  36.2353
;

