MIP Gap (%):  57.70184625423885
_solve_elapsed_time = 28809.2

TotalCost = 4743.78

x [*,*]
# $13 = F11_2
# $14 = F11_3
# $15 = F11_4
:      C1 C10  C2  C3  C4      C5     C6  C7  C8  C9 F11 F11_1 $13 $14 $15 F12 :=
C1      .   0   0   0   0   0          0   0   0   0   0    0    0   0   0   0
C10     0   .   0   0   0   0          0   0   0   0   0    0    0   0   0   0
C2      1   0   .   0   0   0          0   0   0   0   0    0    0   0   0   0
C3      0   0   0   .   0   0          0   1   0   0   0    0    0   0   0   0
C4      0   0   1   0   .   0          0   0   0   0   0    0    0   0   0   0
C5      0   0   0   0   0    .         0   0   0   0   0    0    0   0   0   0
C6      0   0   0   0   0   0          .   0   0   0   0    0    0   0   0   0
C7      0   0   0   0   0   0          0   .   0   0   0    0    0   0   0   0
C8      0   0   0   0   0   0          0   0   .   0   0    0    0   0   0   0
C9      0   1   0   0   0   0          0   0   0   .   0    0    0   0   0   0
F11     0   0   0   0   0   0          0   0   0   0   .    0    0   0   0   0
F11_1   0   0   0   0   0   0          0   0   0   0   0    .    0   0   0   0
F11_2   0   0   0   0   0   0          0   0   0   0   0    0    .   0   0   0
F11_3   0   0   0   0   0   0          0   0   0   0   0    0    0   .   0   0
F11_4   0   0   0   0   0   0          0   0   0   0   0    0    0   0   .   0
F12     0   0   0   0   0   0          0   0   0   0   0    0    0   0   0   .
F12_1   0   0   0   0   0   0.999999   0   0   0   0   0    0    0   0   0   0
F12_2   0   0   0   0   0   0          0   0   0   0   0    0    0   0   0   0
F12_3   0   0   0   0   0   0          0   0   0   0   0    0    0   0   0   0
F12_4   0   0   0   0   0   0          0   0   0   0   0    0    0   0   0   0
F13     0   0   0   0   0   0          0   0   0   0   0    0    0   0   0   0
F13_1   0   0   0   0   0   0          0   0   0   0   0    0    0   0   0   0
F13_2   0   0   0   0   0   0          0   0   0   0   0    0    0   0   0   0
F13_3   0   0   0   0   0   0          0   0   0   0   0    0    0   0   0   0
F13_4   0   0   0   0   0   0          0   0   0   0   0    0    0   0   0   0
F14     0   0   0   0   0   0          0   0   0   0   0    0    0   0   0   0
F14_1   0   0   0   0   0   0          0   0   0   0   0    0    0   0   0   0
F14_2   0   0   0   0   0   0          0   0   0   0   0    0    0   0   0   0
F14_3   0   0   0   0   0   0          0   0   0   0   0    0    0   0   0   0
F14_4   0   0   0   0   0   0          0   0   0   0   0    0    0   0   0   0
N0      0   0   0   1   1   0          1   0   1   1   0    0    0   0   0   0
Nσ      0   0   0   0   0   0          0   0   0   0   0    0    0   0   0   0

# $2 = F12_2
# $4 = F12_4
# $6 = F13_1
# $7 = F13_2
# $8 = F13_3
# $9 = F13_4
# $11 = F14_1
# $12 = F14_2
# $13 = F14_3
# $14 = F14_4
:        F12_1    $2    F12_3    $4 F13  $6  $7  $8  $9 F14 $11 $12 $13 $14  N0 :=
C1      0          0   0          0   0   0   0   0   0   0   0   0   0   0   0
C10     0          0   0          0   0   0   0   0   0   0   0   0   0   0   0
C2      0          0   0          0   0   0   0   0   0   0   0   0   0   0   0
C3      0          0   0          0   0   0   0   0   0   0   0   0   0   0   0
C4      0          0   0          0   0   0   0   0   0   0   0   0   0   0   0
C5      0          0   0          0   0   0   0   0   0   0   0   0   0   0   0
C6      0          0   0.999999   0   0   0   0   0   0   0   0   0   0   0   0
C7      0          0   0          0   0   0   0   0   0   0   0   0   0   0   0
C8      0          0   0          0   0   0   0   0   0   0   0   0   0   0   0
C9      0          0   0          0   0   0   0   0   0   0   0   0   0   0   0
F11     0          0   0          0   0   0   0   0   0   0   0   0   0   0   0
F11_1   0          0   0          0   0   0   0   0   0   0   0   0   0   0   0
F11_2   0          0   0          0   0   0   0   0   0   0   0   0   0   0   0
F11_3   0          0   0          0   0   0   0   0   0   0   0   0   0   0   0
F11_4   0          0   0          0   0   0   0   0   0   0   0   0   0   0   0
F12     0          0   0          0   0   0   0   0   0   0   0   0   0   0   0
F12_1    .         0   0          0   0   0   0   0   0   0   0   0   0   0   0
F12_2   0          .   0          0   0   0   0   0   0   0   0   0   0   0   0
F12_3   0.999999   0    .         0   0   0   0   0   0   0   0   0   0   0   0
F12_4   0          0   0          .   0   0   0   0   0   0   0   0   0   0   0
F13     0          0   0          0   .   0   0   0   0   0   0   0   0   0   0
F13_1   0          0   0          0   0   .   0   0   0   0   0   0   0   0   0
F13_2   0          0   0          0   0   0   .   0   0   0   0   0   0   0   0
F13_3   0          0   0          0   0   0   0   .   0   0   0   0   0   0   0
F13_4   0          0   0          0   0   0   0   0   .   0   0   0   0   0   0
F14     0          0   0          0   0   0   0   0   0   .   0   0   0   0   0
F14_1   0          0   0          0   0   0   0   0   0   0   .   0   0   0   0
F14_2   0          0   0          0   0   0   0   0   0   0   0   .   0   0   0
F14_3   0          0   0          0   0   0   0   0   0   0   0   0   .   0   0
F14_4   0          0   0          0   0   0   0   0   0   0   0   0   0   .   0
N0      0          0   0          0   0   0   0   0   0   0   0   0   0   0   .
Nσ      0          0   0          0   0   0   0   0   0   0   0   0   0   0   0

:          Nσ       :=
C1      1
C10     1
C2      0
C3      0
C4      0
C5      0.999999
C6      0
C7      1
C8      1
C9      0
F11     0
F11_1   0
F11_2   0
F11_3   0
F11_4   0
F12     0
F12_1   0
F12_2   0
F12_3   0
F12_4   0
F13     0
F13_1   0
F13_2   0
F13_3   0
F13_4   0
F14     0
F14_1   0
F14_2   0
F14_3   0
F14_4   0
N0      0
;

xplun [*,*]
# $13 = F11_2
# $14 = F11_3
# $15 = F11_4
# $17 = F12_1
# $18 = F12_2
:      C1 C10  C2  C3  C4  C5  C6  C7  C8  C9 F11 F11_1 $13 $14 $15 F12 $17 $18 :=
C1      .   0   0   0   0   0   0   0   0   0   0    0    0   0   0   0   0   0
C10     0   .   0   0   0   0   0   0   0   0   0    0    0   0   0   0   0   0
C2      0   0   .   0   0   0   0   0   0   0   0    0    0   0   0   0   0   0
C3      0   0   0   .   0   0   0   0   0   0   0    0    0   0   0   0   0   0
C4      0   0   0   0   .   0   0   0   0   0   0    0    0   0   0   0   0   0
C5      0   0   0   0   0   .   0   0   0   0   0    0    0   0   0   0   0   0
C6      0   0   0   0   0   0   .   0   0   0   0    0    0   0   0   0   0   0
C7      0   0   0   0   0   0   0   .   0   0   0    0    0   0   0   0   0   0
C8      0   0   0   0   0   0   0   0   .   0   0    0    0   0   0   0   0   0
C9      0   0   0   0   0   0   0   0   0   .   0    0    0   0   0   0   0   0
F11     0   0   0   0   0   0   0   0   0   0   .    0    0   0   0   0   0   0
F11_1   0   0   0   0   0   0   0   0   0   0   0    .    0   0   0   0   0   0
F11_2   0   0   0   0   0   0   0   0   0   0   0    0    .   0   0   0   0   0
F11_3   0   0   0   0   0   0   0   0   0   0   0    0    0   .   0   0   0   0
F11_4   0   0   0   0   0   0   0   0   0   0   0    0    0   0   .   0   0   0
F12     0   0   0   0   0   0   0   0   0   0   0    0    0   0   0   .   0   0
F12_1   0   0   0   0   0   0   0   0   0   0   0    0    0   0   0   0   .   0
F12_2   0   0   0   0   0   0   0   0   0   0   0    0    0   0   0   0   0   .
F12_3   0   0   0   0   0   0   0   0   0   0   0    0    0   0   0   0   0   0
F12_4   0   0   0   0   0   0   0   0   0   0   0    0    0   0   0   0   0   0
F13     0   0   0   0   0   0   0   0   0   0   0    0    0   0   0   0   0   0
F13_1   0   0   0   0   0   0   0   0   0   0   0    0    0   0   0   0   0   0
F13_2   0   0   0   0   0   0   0   0   0   0   0    0    0   0   0   0   0   0
F13_3   0   0   0   0   0   0   0   0   0   0   0    0    0   0   0   0   0   0
F13_4   0   0   0   0   0   0   0   0   0   0   0    0    0   0   0   0   0   0
F14     0   0   0   0   0   0   0   0   0   0   0    0    0   0   0   0   0   0
F14_1   0   0   0   0   0   0   0   0   0   0   0    0    0   0   0   0   0   0
F14_2   0   0   0   0   0   0   0   0   0   0   0    0    0   0   0   0   0   0
F14_3   0   0   0   0   0   0   0   0   0   0   0    0    0   0   0   0   0   0
F14_4   0   0   0   0   0   0   0   0   0   0   0    0    0   0   0   0   0   0

:     F12_3 F12_4 F13 F13_1 F13_2 F13_3 F13_4 F14 F14_1 F14_2 F14_3 F14_4    :=
C1       0     0    0    0     0     0     0    0    0     0     0     0
C10      0     0    0    0     0     0     0    0    0     0     0     0
C2       0     0    0    0     0     0     0    0    0     0     0     0
C3       0     0    0    0     0     0     0    0    0     0     0     0
C4       0     0    0    0     0     0     0    0    0     0     0     0
C5       0     0    0    0     0     0     0    0    0     0     0     0
C6       0     0    0    0     0     0     0    0    0     0     0     0
C7       0     0    0    0     0     0     0    0    0     0     0     0
C8       0     0    0    0     0     0     0    0    0     0     0     0
C9       0     0    0    0     0     0     0    0    0     0     0     0
F11      0     0    0    0     0     0     0    0    0     0     0     0
F11_1    0     0    0    0     0     0     0    0    0     0     0     0
F11_2    0     0    0    0     0     0     0    0    0     0     0     0
F11_3    0     0    0    0     0     0     0    0    0     0     0     0
F11_4    0     0    0    0     0     0     0    0    0     0     0     0
F12      0     0    0    0     0     0     0    0    0     0     0     0
F12_1    0     0    0    0     0     0     0    0    0     0     0     0
F12_2    0     0    0    0     0     0     0    0    0     0     0     0
F12_3    .     0    0    0     0     0     0    0    0     0     0     0
F12_4    0     .    0    0     0     0     0    0    0     0     0     0
F13      0     0    .    0     0     0     0    0    0     0     0     0
F13_1    0     0    0    .     0     0     0    0    0     0     0     0
F13_2    0     0    0    0     .     0     0    0    0     0     0     0
F13_3    0     0    0    0     0     .     0    0    0     0     0     0
F13_4    0     0    0    0     0     0     .    0    0     0     0     0
F14      0     0    0    0     0     0     0    .    0     0     0     0
F14_1    0     0    0    0     0     0     0    0    .     0     0     0
F14_2    0     0    0    0     0     0     0    0    0     .     0     0
F14_3    0     0    0    0     0     0     0    0    0     0     .     0
F14_4    0     0    0    0     0     0     0    0    0     0     0     .
;

sum{i in F, j in V: i != j} xplun[i,j] = 0

sum{i in Vplun, j in Vplun: i != j} d[i,j]*xplun[i,j] = 0

sum{i in D0, j in Vplun} x[i,j] = 5

sum{i in Vall, j in Vall: i != j} x[i,j]*t[i,j] = 262.639

sum{i in F} c[i]*R[i] = 11.1739

sum{i in F, j in Vplunend: i != j} b[i]*x[i,j] = 0

y [*] :=
   C1 19.6977        F11_1  0             F13_2  0
  C10 24.0416        F11_2  0             F13_3  0
   C2 26.9088        F11_3  0             F13_4  0
   C3 37.059         F11_4  0               F14  0
   C4 38.5707          F12  3.08684e-05   F14_1  0
   C5 34             F12_1 43.8995        F14_2  0
   C6 43.1658        F12_2  0             F14_3  0
   C7 24.3311        F12_3 32.7255        F14_4  0
   C8 38.1578        F12_4  0                N0 60.63
   C9 36.0832          F13 60.63             Nσ  0
  F11  0             F13_1  0
;

yplun [*] :=
   C1 0      C4 0      C8 0   F11_2 0   F12_1 0     F13 0   F13_4 0   F14_3 0
  C10 0      C5 0      C9 0   F11_3 0   F12_2 0   F13_1 0     F14 0   F14_4 0
   C2 0      C6 0     F11 0   F11_4 0   F12_3 0   F13_2 0   F14_1 0
   C3 0      C7 0   F11_1 0     F12 0   F12_4 0   F13_3 0   F14_2 0
;

A [*] :=
   C1  921.025      C8  208       F12_1  722.658   F13_4  955.558
  C10  933.044      C9  436       F12_2  955.558     F14  684.796
   C2  642         F11  967.149   F12_3  670.096   F14_1  366.311
   C3  434       F11_1  983.574   F12_4 1000       F14_2  955.558
   C4  114       F11_2  401.763     F13  948.044   F14_3  961.78
   C5  777       F11_3  950.723   F13_1  955.558   F14_4  778.4
   C6  152       F11_4  640.351   F13_2  964.469      N0    0
   C7  511         F12  920.933   F13_3  955.558      Nσ 1000
;

Aplun [*] :=
   C1 952      C6 436   F11_2   0   F12_3   0   F13_4   0      N0   0
  C10 965      C7 521   F11_3   0   F12_4   0     F14   0      Nσ   0
   C2 652      C8 218   F11_4   0     F13   0   F14_1   0
   C3 444      C9 513     F12   0   F13_1   0   F14_2   0
   C4 265     F11   0   F12_1   0   F13_2   0   F14_3   0
   C5 777   F11_1   0   F12_2   0   F13_3   0   F14_4   0
;

u [*] :=
   C1  971      C6 1000   F11_2  996   F12_3  973   F13_4 1000      N0 1000
  C10  973      C7  973   F11_3  971   F12_4 1000     F14 1000      Nσ    0
   C2  984      C8 1000   F11_4  996     F13  973   F14_1  996
   C3  985      C9 1000     F12 1000   F13_1 1000   F14_2 1000
   C4 1000     F11  905   F12_1  973   F13_2  957   F14_3 1000
   C5  957   F11_1  973   F12_2 1000   F13_3 1000   F14_4  973
;

w [*] :=
   C1 0      C4 0      C8 0   F11_2 0   F12_1 0     F13 0   F13_4 0   F14_3 0
  C10 0      C5 0      C9 0   F11_3 0   F12_2 0   F13_1 0     F14 0   F14_4 0
   C2 0      C6 0     F11 0   F11_4 0   F12_3 0   F13_2 0   F14_1 0      N0 0
   C3 0      C7 0   F11_1 0     F12 0   F12_4 0   F13_3 0   F14_2 0      Nσ 0
;

b [*] :=
  F11  0
F11_1  0
F11_2  0
F11_3  0
F11_4  0
  F12  0
F12_1  0
F12_2  0
F12_3  0
F12_4  0
  F13  0
F13_1  0
F13_2  0
F13_3  0
F13_4  0
  F14  0
F14_1  0
F14_2  0
F14_3  0
F14_4  0
;

c [*] :=
  F11  1
F11_1  1
F11_2  1
F11_3  1
F11_4  1
  F12  1
F12_1  1
F12_2  1
F12_3  1
F12_4  1
  F13  1
F13_1  1
F13_2  1
F13_3  1
F13_4  1
  F14  1
F14_1  1
F14_2  1
F14_3  1
F14_4  1
;

R [*] :=
  F11   0
F11_1   0
F11_2   0
F11_3   0
F11_4   0
  F12   0
F12_1   0
F12_2   0
F12_3  11.1739
F12_4   0
  F13   0
F13_1   0
F13_2   0
F13_3   0
F13_4   0
  F14   0
F14_1   0
F14_2   0
F14_3   0
F14_4   0
;

Y [*] :=
  F11   0
F11_1   0
F11_2   0
F11_3   0
F11_4   0
  F12   3.08684e-05
F12_1  43.8995
F12_2   0
F12_3  43.8994
F12_4   0
  F13  60.63
F13_1   0
F13_2   0
F13_3   0
F13_4   0
  F14   0
F14_1   0
F14_2   0
F14_3   0
F14_4   0
;

