MIP Gap (%):  78.42840531040306
_solve_elapsed_time = 28802.8

TotalCost = 8637.97

x [*,*]
# $12 = F11_1
# $13 = F11_2
# $14 = F11_3
# $15 = F11_4
:      C1 C10  C2  C3      C4     C5  C6  C7  C8      C9    F11 $12 $13 $14 $15 :=
C1      .   1   0   0   0          0   0   0   0   0          0   0   0   0   0
C10     0   .   0   0   0          0   0   1   0   0          0   0   0   0   0
C2      0   0   .   0   0          0   0   0   0   0          0   0   0   0   0
C3      0   0   0   .   0          0   0   0   0   0          0   0   0   0   0
C4      0   0   0   0    .         0   0   0   0   0          0   0   0   0   0
C5      0   0   0   0   0          .   0   0   0   0.999999   0   0   0   0   0
C6      1   0   0   0   0          0   .   0   0   0          0   0   0   0   0
C7      0   0   0   0   0          0   0   .   0   0          0   0   0   0   0
C8      0   0   0   0   0          0   0   0   .   0          0   0   0   0   0
C9      0   0   0   0   0          0   0   0   0    .         0   0   0   0   0
F11     0   0   0   0   0          0   0   0   0   0          .   0   0   0   0
F11_1   0   0   0   0   0          0   0   0   0   0          0   .   0   0   0
F11_2   0   0   0   0   0          0   0   0   0   0          0   0   .   0   0
F11_3   0   0   0   0   0          0   0   0   0   0          0   0   0   .   0
F11_4   0   0   0   0   0          0   0   0   0   0          0   0   0   0   .
F12     0   0   0   0   0.999999   0   0   0   0   0          0   0   0   0   0
F12_1   0   0   0   0   0          0   0   0   0   0          0   0   0   0   0
F12_2   0   0   0   0   0          0   0   0   0   0          0   0   0   0   0
F12_3   0   0   0   0   0          0   0   0   0   0          0   0   0   0   0
F12_4   0   0   0   0   0          0   0   0   0   0          0   0   0   0   0
F13     0   0   0   0   0          0   0   0   0   0          0   0   0   0   0
F13_1   0   0   0   0   0          0   0   0   0   0          0   0   0   0   0
F13_2   0   0   0   0   0          0   0   0   0   0          0   0   0   0   0
F13_3   0   0   0   0   0          0   0   0   0   0          0   0   0   0   0
F13_4   0   0   1   0   0          0   0   0   0   0          0   0   0   0   0
F14     0   0   0   0   0          0   0   0   0   0          0   0   0   0   0
F14_1   0   0   0   0   0          0   0   0   0   0          0   0   0   0   0
F14_2   0   0   0   0   0          0   0   0   0   0          0   0   0   0   0
F14_3   0   0   0   0   0          0   0   0   0   0          0   0   0   0   0
F14_4   0   0   0   0   0          0   0   0   0   0          0   0   0   0   0
F15     0   0   0   0   0          0   0   0   0   0          0   0   0   0   0
F15_1   0   0   0   0   0          0   0   0   0   0          0   0   0   0   0
F15_2   0   0   0   0   0          0   0   0   0   0          0   0   0   0   0
F15_3   0   0   0   0   0          0   0   0   0   0          0   0   0   0   0
F15_4   0   0   0   0   0          0   0   0   0   0          0   0   0   0   0
N0      0   0   0   1   0          1   1   0   1   0          0   0   0   0   0
Nσ      0   0   0   0   0          0   0   0   0   0          0   0   0   0   0

# $3 = F12_2
# $4 = F12_3
# $8 = F13_2
:         F12    F12_1  $3  $4    F12_4       F13       F13_1    $8    F13_3 :=
C1      0           0    0   0   0          0          0          0   0
C10     0           0    0   0   0          0          0          0   0
C2      0           0    0   0   0          0          0          0   0
C3      0           0    0   0   0          0          0          0   0
C4      0           0    0   0   0          0          0          0   0
C5      0           0    0   0   0          0          0          0   0
C6      0           0    0   0   0          0          0          0   0
C7      0           0    0   0   0          0          0          0   0
C8      0           0    0   0   0          0          0          0   0
C9      0           0    0   0   0.999999   0          0          0   0
F11     0           0    0   0   0          0          0          0   0
F11_1   0           0    0   0   0          0          0          0   0
F11_2   0           0    0   0   0          0          0          0   0
F11_3   0           0    0   0   0          0          0          0   0
F11_4   0           0    0   0   0          0          0          0   0
F12      .          0    0   0   0          0          0          0   0
F12_1   0           .    0   0   0          0          0          0   0
F12_2   0           0    .   0   0          0          0          0   0
F12_3   0           0    0   .   0          0          0          0   0
F12_4   0.999999    0    0   0    .         0          0          0   0
F13     0           0    0   0   0           .         0.999998   0   0
F13_1   0           0    0   0   0          0           .         0   0
F13_2   0           0    0   0   0          0          0          .   0
F13_3   0           0    0   0   0          0.999998   0          0    .
F13_4   0           0    0   0   0          0          0          0   0
F14     0           0    0   0   0          0          0          0   0
F14_1   0           0    0   0   0          0          0          0   0
F14_2   0           0    0   0   0          0          0          0   0
F14_3   0           0    0   0   0          0          0          0   0
F14_4   0           0    0   0   0          0          0          0   0
F15     0           0    0   0   0          0          0          0   0
F15_1   0           0    0   0   0          0          0          0   0
F15_2   0           0    0   0   0          0          0          0   0
F15_3   0           0    0   0   0          0          0          0   0
F15_4   0           0    0   0   0          0          0          0   0
N0      0           0    0   0   0          0          0          0   0.999999
Nσ      0           0    0   0   0          0          0          0   0

# $5 = F14_3
# $6 = F14_4
# $8 = F15_1
# $9 = F15_2
# $10 = F15_3
# $11 = F15_4
:          F13_4    F14 F14_1 F14_2  $5  $6 F15  $8  $9 $10 $11  N0      Nσ :=
C1      0             0    0     0    0   0   0   0   0   0   0   0   0
C10     0             0    0     0    0   0   0   0   0   0   0   0   0
C2      0             0    0     0    0   0   0   0   0   0   0   0   1
C3      0             0    0     0    0   0   0   0   0   0   0   0   1
C4      0             0    0     0    0   0   0   0   0   0   0   0   0.999999
C5      0             0    0     0    0   0   0   0   0   0   0   0   0
C6      0             0    0     0    0   0   0   0   0   0   0   0   0
C7      0             0    0     0    0   0   0   0   0   0   1   0   0
C8      0             0    0     0    0   0   0   0   0   0   0   0   1
C9      0             0    0     0    0   0   0   0   0   0   0   0   0
F11     0             0    0     0    0   0   0   0   0   0   0   0   0
F11_1   0             0    0     0    0   0   0   0   0   0   0   0   0
F11_2   0             0    0     0    0   0   0   0   0   0   0   0   0
F11_3   0             0    0     0    0   0   0   0   0   0   0   0   0
F11_4   0             0    0     0    0   0   0   0   0   0   0   0   0
F12     0             0    0     0    0   0   0   0   0   0   0   0   0
F12_1   0             0    0     0    0   0   0   0   0   0   0   0   0
F12_2   0             0    0     0    0   0   0   0   0   0   0   0   0
F12_3   0             0    0     0    0   0   0   0   0   0   0   0   0
F12_4   0             0    0     0    0   0   0   0   0   0   0   0   0
F13     0             0    0     0    0   0   0   0   0   0   0   0   0
F13_1   0.999998      0    0     0    0   0   0   0   0   0   0   0   0
F13_2   0             0    0     0    0   0   0   0   0   0   0   0   0
F13_3   2.25592e-06   0    0     0    0   0   0   0   0   0   0   0   0
F13_4    .            0    0     0    0   0   0   0   0   0   0   0   0
F14     0             .    0     0    0   0   0   0   0   0   0   0   0
F14_1   0             0    .     0    0   0   0   0   0   0   0   0   0
F14_2   0             0    0     .    0   0   0   0   0   0   0   0   0
F14_3   0             0    0     0    .   0   0   0   0   0   0   0   0
F14_4   0             0    0     0    0   .   0   0   0   0   0   0   0
F15     0             0    0     0    0   0   .   0   0   0   0   0   0
F15_1   0             0    0     0    0   0   0   .   0   0   0   0   0
F15_2   0             0    0     0    0   0   0   0   .   0   0   0   0
F15_3   0             0    0     0    0   0   0   0   0   .   0   0   0
F15_4   0             0    0     0    0   0   0   0   0   0   .   0   1
N0      0             0    0     0    0   0   0   0   0   0   0   .   0
Nσ      0             0    0     0    0   0   0   0   0   0   0   0    .
;

xplun [*,*]
# $13 = F11_2
# $14 = F11_3
# $15 = F11_4
# $17 = F12_1
# $18 = F12_2
:      C1 C10  C2  C3  C4  C5  C6  C7  C8  C9 F11 F11_1 $13 $14 $15 F12 $17 $18 :=
C1      .   0   0   0   0   0   0   0   0   0   0    0    0   0   0   0   0   0
C10     0   .   0   0   0   0   0   0   0   0   0    0    0   0   0   0   0   0
C2      0   0   .   0   0   0   0   0   0   0   0    0    0   0   0   0   0   0
C3      0   0   0   .   0   0   0   0   0   0   0    0    0   0   0   0   0   0
C4      0   0   0   0   .   0   0   0   0   0   0    0    0   0   0   0   0   0
C5      0   0   0   0   0   .   0   0   0   0   0    0    0   0   0   0   0   0
C6      0   0   0   0   0   0   .   0   0   0   0    0    0   0   0   0   0   0
C7      0   0   0   0   0   0   0   .   0   0   0    0    0   0   0   0   0   0
C8      0   0   0   0   0   0   0   0   .   0   0    0    0   0   0   0   0   0
C9      0   0   0   0   0   0   0   0   0   .   0    0    0   0   0   0   0   0
F11     0   0   0   0   0   0   0   0   0   0   .    0    0   0   0   0   0   0
F11_1   0   0   0   0   0   0   0   0   0   0   0    .    0   0   0   0   0   0
F11_2   0   0   0   0   0   0   0   0   0   0   0    0    .   0   0   0   0   0
F11_3   0   0   0   0   0   0   0   0   0   0   0    0    0   .   0   0   0   0
F11_4   0   0   0   0   0   0   0   0   0   0   0    0    0   0   .   0   0   0
F12     0   0   0   0   0   0   0   0   0   0   0    0    0   0   0   .   0   0
F12_1   0   0   0   0   0   0   0   0   0   0   0    0    0   0   0   0   .   0
F12_2   0   0   0   0   0   0   0   0   0   0   0    0    0   0   0   0   0   .
F12_3   0   0   0   0   0   0   0   0   0   0   0    0    0   0   0   0   0   0
F12_4   0   0   0   0   0   0   0   0   0   0   0    0    0   0   0   0   0   0
F13     0   0   0   0   0   0   0   0   0   0   0    0    0   0   0   0   0   0
F13_1   0   0   0   0   0   0   0   0   0   0   0    0    0   0   0   0   0   0
F13_2   0   0   0   0   0   0   0   0   0   0   0    0    0   0   0   0   0   0
F13_3   0   0   0   0   0   0   0   0   0   0   0    0    0   0   0   0   0   0
F13_4   0   0   0   0   0   0   0   0   0   0   0    0    0   0   0   0   0   0
F14     0   0   0   0   0   0   0   0   0   0   0    0    0   0   0   0   0   0
F14_1   0   0   0   0   0   0   0   0   0   0   0    0    0   0   0   0   0   0
F14_2   0   0   0   0   0   0   0   0   0   0   0    0    0   0   0   0   0   0
F14_3   0   0   0   0   0   0   0   0   0   0   0    0    0   0   0   0   0   0
F14_4   0   0   0   0   0   0   0   0   0   0   0    0    0   0   0   0   0   0
F15     0   0   0   0   0   0   0   0   0   0   0    0    0   0   0   0   0   0
F15_1   0   0   0   0   0   0   0   0   0   0   0    0    0   0   0   0   0   0
F15_2   0   0   0   0   0   0   0   0   0   0   0    0    0   0   0   0   0   0
F15_3   0   0   0   0   0   0   0   0   0   0   0    0    0   0   0   0   0   0
F15_4   0   0   0   0   0   0   0   0   0   0   0    0    0   0   0   0   0   0

# $5 = F13_2
# $6 = F13_3
# $7 = F13_4
# $9 = F14_1
# $10 = F14_2
# $11 = F14_3
# $12 = F14_4
# $14 = F15_1
# $15 = F15_2
# $16 = F15_3
# $17 = F15_4
:     F12_3 F12_4 F13 F13_1  $5  $6  $7 F14  $9 $10 $11 $12 F15 $14 $15 $16 $17 :=
C1       0     0    0    0    0   0   0   0   0   0   0   0   0   0   0   0   0
C10      0     0    0    0    0   0   0   0   0   0   0   0   0   0   0   0   0
C2       0     0    0    0    0   0   0   0   0   0   0   0   0   0   0   0   0
C3       0     0    0    0    0   0   0   0   0   0   0   0   0   0   0   0   0
C4       0     0    0    0    0   0   0   0   0   0   0   0   0   0   0   0   0
C5       0     0    0    0    0   0   0   0   0   0   0   0   0   0   0   0   0
C6       0     0    0    0    0   0   0   0   0   0   0   0   0   0   0   0   0
C7       0     0    0    0    0   0   0   0   0   0   0   0   0   0   0   0   0
C8       0     0    0    0    0   0   0   0   0   0   0   0   0   0   0   0   0
C9       0     0    0    0    0   0   0   0   0   0   0   0   0   0   0   0   0
F11      0     0    0    0    0   0   0   0   0   0   0   0   0   0   0   0   0
F11_1    0     0    0    0    0   0   0   0   0   0   0   0   0   0   0   0   0
F11_2    0     0    0    0    0   0   0   0   0   0   0   0   0   0   0   0   0
F11_3    0     0    0    0    0   0   0   0   0   0   0   0   0   0   0   0   0
F11_4    0     0    0    0    0   0   0   0   0   0   0   0   0   0   0   0   0
F12      0     0    0    0    0   0   0   0   0   0   0   0   0   0   0   0   0
F12_1    0     0    0    0    0   0   0   0   0   0   0   0   0   0   0   0   0
F12_2    0     0    0    0    0   0   0   0   0   0   0   0   0   0   0   0   0
F12_3    .     0    0    0    0   0   0   0   0   0   0   0   0   0   0   0   0
F12_4    0     .    0    0    0   0   0   0   0   0   0   0   0   0   0   0   0
F13      0     0    .    0    0   0   0   0   0   0   0   0   0   0   0   0   0
F13_1    0     0    0    .    0   0   0   0   0   0   0   0   0   0   0   0   0
F13_2    0     0    0    0    .   0   0   0   0   0   0   0   0   0   0   0   0
F13_3    0     0    0    0    0   .   0   0   0   0   0   0   0   0   0   0   0
F13_4    0     0    0    0    0   0   .   0   0   0   0   0   0   0   0   0   0
F14      0     0    0    0    0   0   0   .   0   0   0   0   0   0   0   0   0
F14_1    0     0    0    0    0   0   0   0   .   0   0   0   0   0   0   0   0
F14_2    0     0    0    0    0   0   0   0   0   .   0   0   0   0   0   0   0
F14_3    0     0    0    0    0   0   0   0   0   0   .   0   0   0   0   0   0
F14_4    0     0    0    0    0   0   0   0   0   0   0   .   0   0   0   0   0
F15      0     0    0    0    0   0   0   0   0   0   0   0   .   0   0   0   0
F15_1    0     0    0    0    0   0   0   0   0   0   0   0   0   .   0   0   0
F15_2    0     0    0    0    0   0   0   0   0   0   0   0   0   0   .   0   0
F15_3    0     0    0    0    0   0   0   0   0   0   0   0   0   0   0   .   0
F15_4    0     0    0    0    0   0   0   0   0   0   0   0   0   0   0   0   .
;

sum{i in F, j in V: i != j} xplun[i,j] = 0

sum{i in Vplun, j in Vplun: i != j} d[i,j]*xplun[i,j] = 0

sum{i in D0, j in Vplun} x[i,j] = 5

sum{i in Vall, j in Vall: i != j} x[i,j]*t[i,j] = 327.481

sum{i in F} c[i]*R[i] = 43.6316

sum{i in F, j in Vplunend: i != j} b[i]*x[i,j] = 0

y [*] :=
   C1 35.8914        F11_3  0             F14_1  0
  C10 29.8086        F11_4  0             F14_2  0
   C2 33.541           F12 46.1971        F14_3  0
   C3 23.1948        F12_1  2.86018e-05   F14_4  0
   C4 31.0644        F12_2  0               F15  0
   C5 48.4645        F12_3  0             F15_1  0
   C6 40.0145        F12_4 17.2284        F15_2  0
   C7 20.5891          F13 30.6133        F15_3  0
   C8 32.8451        F13_1 30.6133        F15_4 11.3696
   C9 19.4645        F13_2  0                N0 60.63
  F11 60.63          F13_3 30.6133           Nσ  0
F11_1 60.63          F13_4 30.6134
F11_2  0               F14 60.63
;

yplun [*] :=
   C1 0      C5 0     F11 0     F12 0     F13 0     F14 0     F15 0
  C10 0      C6 0   F11_1 0   F12_1 0   F13_1 0   F14_1 0   F15_1 0
   C2 0      C7 0   F11_2 0   F12_2 0   F13_2 0   F14_2 0   F15_2 0
   C3 0      C8 0   F11_3 0   F12_3 0   F13_3 0   F14_3 0   F15_3 0
   C4 0      C9 0   F11_4 0   F12_4 0   F13_4 0   F14_4 0   F15_4 0
;

A [*] :=
   C1  494.343      F11  808.292      F13   30.0167     F15  381.093
  C10  733        F11_1  855.29     F13_1   57.7515   F15_1  891.769
   C2  325        F11_2  576.841    F13_2  910.874    F15_2  802.643
   C3  966        F11_3  516.133    F13_3   30.0167   F15_3  830.978
   C4  499        F11_4  719.166    F13_4  142.167    F15_4  891.769
   C5  162          F12  394.741      F14  910.874       N0    0
   C6  480.219    F12_1  340.236    F14_1  679           Nσ 1000
   C7  752.22     F12_2  778.485    F14_2  679
   C8  962        F12_3  818.265    F14_3  679
   C9  201        F12_4  213.236    F14_4  679
;

Aplun [*] :=
   C1 606      C7 974   F11_4   0   F13_1   0   F14_3   0      N0   0
  C10 870      C8 972     F12   0   F13_2   0   F14_4   0      Nσ   0
   C2 335      C9 960   F12_1   0   F13_3   0     F15   0
   C3 976     F11   0   F12_2   0   F13_4   0   F15_1   0
   C4 606   F11_1   0   F12_3   0     F14   0   F15_2   0
   C5 303   F11_2   0   F12_4   0   F14_1   0   F15_3   0
   C6 979   F11_3   0     F13   0   F14_2   0   F15_4   0
;

u [*] :=
   C1  974         F11 1000         F13 1000         F15 1000
  C10  967       F11_1 1000       F13_1   12       F15_1  965
   C2   12       F11_2 1000       F13_2 1000       F15_2 1000
   C3 1000       F11_3 1000       F13_3 1000       F15_3 1000
   C4    3       F11_4    0       F13_4   12       F15_4    0
   C5 1000         F12    3         F14 1000          N0 1000
   C6 1000       F12_1  999.999   F14_1 1000          Nσ    0
   C7  965       F12_2 1000       F14_2 1000
   C8   18       F12_3    3       F14_3 1000
   C9   18       F12_4    3       F14_4 1000
;

w [*] :=
   C1 0      C5 0     F11 0     F12 0     F13 0     F14 0     F15 0      N0 0
  C10 0      C6 0   F11_1 0   F12_1 0   F13_1 0   F14_1 0   F15_1 0      Nσ 0
   C2 0      C7 0   F11_2 0   F12_2 0   F13_2 0   F14_2 0   F15_2 0
   C3 0      C8 0   F11_3 0   F12_3 0   F13_3 0   F14_3 0   F15_3 0
   C4 0      C9 0   F11_4 0   F12_4 0   F13_4 0   F14_4 0   F15_4 0
;

b [*] :=
  F11 0   F11_4 1   F12_3 0   F13_2 0   F14_1 0     F15 0   F15_4 0
F11_1 0     F12 0   F12_4 0   F13_3 0   F14_2 0   F15_1 0
F11_2 0   F12_1 0     F13 0   F13_4 0   F14_3 0   F15_2 0
F11_3 0   F12_2 0   F13_1 0     F14 0   F14_4 0   F15_3 0
;

c [*] :=
  F11 1   F11_4 0   F12_3 1   F13_2 1   F14_1 1     F15 1   F15_4 1
F11_1 1     F12 1   F12_4 1   F13_3 1   F14_2 1   F15_1 1
F11_2 1   F12_1 1     F13 1   F13_4 1   F14_3 1   F15_2 1
F11_3 1   F12_2 1   F13_1 1     F14 1   F14_4 1   F15_3 1
;

R [*] :=
  F11  0         F12_2  0         F13_4  6.92756   F15_1  0
F11_1  0         F12_3  0           F14  0         F15_2  0
F11_2  0         F12_4 28.9686    F14_1  0         F15_3  0
F11_3  0           F13  0         F14_2  0         F15_4  7.7354
F11_4  0         F13_1  0         F14_3  0
  F12  0         F13_2  0         F14_4  0
F12_1  0         F13_3  0           F15  0
;

Y [*] :=
  F11 60.63          F12_4 46.197         F14_3  0
F11_1 60.63            F13 30.6133        F14_4  0
F11_2  0             F13_1 30.6133          F15  0
F11_3  0             F13_2  0             F15_1  0
F11_4 60.63          F13_3 30.6133        F15_2  0
  F12 46.1971        F13_4 37.541         F15_3  0
F12_1  2.86018e-05     F14 60.63          F15_4 19.105
F12_2  0             F14_1  0
F12_3  0             F14_2  0
;

