MIP Gap (%):  61.144284193641326
_solve_elapsed_time = 28801.8

TotalCost = 9836.78

x [*,*]
# $13 = F11_2
# $14 = F11_3
# $15 = F11_4
# $17 = F12_1
# $18 = F12_2
:      C1 C10  C2  C3  C4  C5  C6  C7  C8  C9 F11 F11_1 $13 $14 $15 F12 $17 $18 :=
C1      .   0   0   0   0   0   0   0   0   0   0    0    0   0   0   0   0   0
C10     0   .   0   0   0   1   0   0   0   0   0    0    0   0   0   0   0   0
C2      0   0   .   1   0   0   0   0   0   0   0    0    0   0   0   0   0   0
C3      0   0   0   .   0   0   0   0   0   0   0    0    0   0   0   0   0   0
C4      1   0   0   0   .   0   0   0   0   0   0    0    0   0   0   0   0   0
C5      0   0   0   0   0   .   0   0   0   0   0    0    0   0   0   0   0   0
C6      0   0   0   0   0   0   .   0   0   0   0    0    0   0   0   0   0   0
C7      0   0   0   0   0   0   0   .   0   0   0    0    0   0   0   0   0   0
C8      0   0   0   0   0   0   0   0   .   1   0    0    0   0   0   0   0   0
C9      0   0   0   0   0   0   0   0   0   .   0    0    0   0   0   0   0   0
F11     0   0   0   0   0   0   0   0   0   0   .    0    0   0   0   0   0   0
F11_1   0   0   0   0   0   0   0   0   0   0   0    .    0   0   0   0   0   0
F11_2   0   0   0   0   0   0   0   0   0   0   0    0    .   1   0   0   0   0
F11_3   0   1   0   0   0   0   0   0   0   0   0    0    0   .   0   0   0   0
F11_4   0   0   0   0   0   0   0   0   0   0   0    0    0   0   .   0   0   0
F12     0   0   0   0   0   0   0   0   0   0   0    0    0   0   0   .   0   0
F12_1   0   0   0   0   0   0   0   0   0   0   0    0    0   0   0   0   .   0
F12_2   0   0   0   0   0   0   0   0   0   0   0    0    0   0   0   0   0   .
F12_3   0   0   0   0   0   0   0   0   0   0   0    0    0   0   0   0   0   0
F12_4   0   0   0   0   0   0   0   0   0   0   0    0    0   0   0   0   0   0
F13     0   0   0   0   0   0   0   0   0   0   0    0    0   0   0   0   0   0
F13_1   0   0   0   0   0   0   0   0   0   0   0    0    0   0   0   0   0   0
F13_2   0   0   0   0   0   0   0   0   0   0   0    0    0   0   0   0   0   0
F13_3   0   0   0   0   0   0   0   0   0   0   0    0    0   0   0   0   0   0
F13_4   0   0   0   0   0   0   0   0   0   0   0    0    0   0   0   0   0   0
F14     0   0   0   0   0   0   0   0   0   0   0    0    0   0   0   0   0   0
F14_1   0   0   0   0   0   0   0   0   0   0   0    0    0   0   0   0   0   0
F14_2   0   0   0   0   0   0   0   0   0   0   0    0    0   0   0   0   0   0
F14_3   0   0   0   0   0   0   0   0   0   0   0    0    0   0   0   0   0   0
F14_4   0   0   0   0   0   0   0   1   0   0   0    0    0   0   0   0   0   0
N0      0   0   1   0   1   0   1   0   1   0   0    0    1   0   0   0   0   0
Nσ      0   0   0   0   0   0   0   0   0   0   0    0    0   0   0   0   0   0

# $1 = F12_3
# $2 = F12_4
# $4 = F13_1
# $5 = F13_2
# $6 = F13_3
# $7 = F13_4
# $9 = F14_1
# $10 = F14_2
# $11 = F14_3
# $12 = F14_4
:      $1  $2     F13     $4  $5  $6  $7 F14  $9 $10 $11 $12  N0       Nσ   :=
C1      0   0   0          0   0   0   0   0   0   0   0   0   0   1
C10     0   0   0          0   0   0   0   0   0   0   0   0   0   0
C2      0   0   0          0   0   0   0   0   0   0   0   0   0   0
C3      0   0   0          0   0   0   1   0   0   0   0   0   0   0
C4      0   0   0          0   0   0   0   0   0   0   0   0   0   0
C5      0   0   0          0   0   0   0   0   0   0   0   0   0   1
C6      0   0   0          0   0   0   0   0   0   0   0   1   0   0
C7      0   0   0          0   0   0   0   0   0   0   0   0   0   1
C8      0   0   0          0   0   0   0   0   0   0   0   0   0   0
C9      0   0   0          0   0   0   0   0   0   0   0   0   0   1
F11     0   0   0          0   0   0   0   0   0   0   0   0   0   0
F11_1   0   0   0          0   0   0   0   0   0   0   0   0   0   0
F11_2   0   0   0          0   0   0   0   0   0   0   0   0   0   0
F11_3   0   0   0          0   0   0   0   0   0   0   0   0   0   0
F11_4   0   0   0          0   0   0   0   0   0   0   0   0   0   0
F12     0   0   0          0   0   0   0   0   0   0   0   0   0   0
F12_1   0   0   0          0   0   0   0   0   0   0   0   0   0   0
F12_2   0   0   0          0   0   0   0   0   0   0   0   0   0   0
F12_3   .   0   0          0   0   0   0   0   0   0   0   0   0   0
F12_4   0   .   0          0   0   0   0   0   0   0   0   0   0   0
F13     0   0    .         0   0   0   0   0   0   0   0   0   0   0.999998
F13_1   0   0   0          .   0   0   0   0   0   0   0   0   0   0
F13_2   0   0   0.999998   0   .   0   0   0   0   0   0   0   0   1.57631e-06
F13_3   0   0   0          0   0   .   0   0   0   0   0   0   0   0
F13_4   0   0   0          0   1   0   .   0   0   0   0   0   0   0
F14     0   0   0          0   0   0   0   .   0   0   0   0   0   0
F14_1   0   0   0          0   0   0   0   0   .   0   0   0   0   0
F14_2   0   0   0          0   0   0   0   0   0   .   0   0   0   0
F14_3   0   0   0          0   0   0   0   0   0   0   .   0   0   0
F14_4   0   0   0          0   0   0   0   0   0   0   0   .   0   0
N0      0   0   0          0   0   0   0   0   0   0   0   0   .   0
Nσ      0   0   0          0   0   0   0   0   0   0   0   0   0    .
;

xplun [*,*]
# $13 = F11_2
# $14 = F11_3
# $15 = F11_4
# $17 = F12_1
# $18 = F12_2
:      C1 C10  C2  C3  C4  C5  C6  C7  C8  C9 F11 F11_1 $13 $14 $15 F12 $17 $18 :=
C1      .   0   0   0   0   0   0   0   0   0   0    0    0   0   0   0   0   0
C10     0   .   0   0   0   0   0   0   0   0   0    0    0   0   0   0   0   0
C2      0   0   .   0   0   0   0   0   0   0   0    0    0   0   0   0   0   0
C3      0   0   0   .   0   0   0   0   0   0   0    0    0   0   0   0   0   0
C4      0   0   0   0   .   0   0   0   0   0   0    0    0   0   0   0   0   0
C5      0   0   0   0   0   .   0   0   0   0   0    0    0   0   0   0   0   0
C6      0   0   0   0   0   0   .   0   0   0   0    0    0   0   0   0   0   0
C7      0   0   0   0   0   0   0   .   0   0   0    0    0   0   0   0   0   0
C8      0   0   0   0   0   0   0   0   .   0   0    0    0   0   0   0   0   0
C9      0   0   0   0   0   0   0   0   0   .   0    0    0   0   0   0   0   0
F11     0   0   0   0   0   0   0   0   0   0   .    0    0   0   0   0   0   0
F11_1   0   0   0   0   0   0   0   0   0   0   0    .    0   0   0   0   0   0
F11_2   0   0   0   0   0   0   0   0   0   0   0    0    .   0   0   0   0   0
F11_3   0   0   0   0   0   0   0   0   0   0   0    0    0   .   0   0   0   0
F11_4   0   0   0   0   0   0   0   0   0   0   0    0    0   0   .   0   0   0
F12     0   0   0   0   0   0   0   0   0   0   0    0    0   0   0   .   0   0
F12_1   0   0   0   0   0   0   0   0   0   0   0    0    0   0   0   0   .   0
F12_2   0   0   0   0   0   0   0   0   0   0   0    0    0   0   0   0   0   .
F12_3   0   0   0   0   0   0   0   0   0   0   0    0    0   0   0   0   0   0
F12_4   0   0   0   0   0   0   0   0   0   0   0    0    0   0   0   0   0   0
F13     0   0   0   0   0   0   0   0   0   0   0    0    0   0   0   0   0   0
F13_1   0   0   0   0   0   0   0   0   0   0   0    0    0   0   0   0   0   0
F13_2   0   0   0   0   0   0   0   0   0   0   0    0    0   0   0   0   0   0
F13_3   0   0   0   0   0   0   0   0   0   0   0    0    0   0   0   0   0   0
F13_4   0   0   0   0   0   0   0   0   0   0   0    0    0   0   0   0   0   0
F14     0   0   0   0   0   0   0   0   0   0   0    0    0   0   0   0   0   0
F14_1   0   0   0   0   0   0   0   0   0   0   0    0    0   0   0   0   0   0
F14_2   0   0   0   0   0   0   0   0   0   0   0    0    0   0   0   0   0   0
F14_3   0   0   0   0   0   0   0   0   0   0   0    0    0   0   0   0   0   0
F14_4   0   0   0   0   0   0   0   0   0   0   0    0    0   0   0   0   0   0

:     F12_3 F12_4 F13 F13_1 F13_2 F13_3 F13_4 F14 F14_1 F14_2 F14_3 F14_4    :=
C1       0     0    0    0     0     0     0    0    0     0     0     0
C10      0     0    0    0     0     0     0    0    0     0     0     0
C2       0     0    0    0     0     0     0    0    0     0     0     0
C3       0     0    0    0     0     0     0    0    0     0     0     0
C4       0     0    0    0     0     0     0    0    0     0     0     0
C5       0     0    0    0     0     0     0    0    0     0     0     0
C6       0     0    0    0     0     0     0    0    0     0     0     0
C7       0     0    0    0     0     0     0    0    0     0     0     0
C8       0     0    0    0     0     0     0    0    0     0     0     0
C9       0     0    0    0     0     0     0    0    0     0     0     0
F11      0     0    0    0     0     0     0    0    0     0     0     0
F11_1    0     0    0    0     0     0     0    0    0     0     0     0
F11_2    0     0    0    0     0     0     0    0    0     0     0     0
F11_3    0     0    0    0     0     0     0    0    0     0     0     0
F11_4    0     0    0    0     0     0     0    0    0     0     0     0
F12      0     0    0    0     0     0     0    0    0     0     0     0
F12_1    0     0    0    0     0     0     0    0    0     0     0     0
F12_2    0     0    0    0     0     0     0    0    0     0     0     0
F12_3    .     0    0    0     0     0     0    0    0     0     0     0
F12_4    0     .    0    0     0     0     0    0    0     0     0     0
F13      0     0    .    0     0     0     0    0    0     0     0     0
F13_1    0     0    0    .     0     0     0    0    0     0     0     0
F13_2    0     0    0    0     .     0     0    0    0     0     0     0
F13_3    0     0    0    0     0     .     0    0    0     0     0     0
F13_4    0     0    0    0     0     0     .    0    0     0     0     0
F14      0     0    0    0     0     0     0    .    0     0     0     0
F14_1    0     0    0    0     0     0     0    0    .     0     0     0
F14_2    0     0    0    0     0     0     0    0    0     .     0     0
F14_3    0     0    0    0     0     0     0    0    0     0     .     0
F14_4    0     0    0    0     0     0     0    0    0     0     0     .
;

sum{i in F, j in V: i != j} xplun[i,j] = 0

sum{i in Vplun, j in Vplun: i != j} d[i,j]*xplun[i,j] = 0

sum{i in D0, j in Vplun} x[i,j] = 5

sum{i in Vall, j in Vall: i != j} x[i,j]*t[i,j] = 423.287

sum{i in F} c[i]*R[i] = 46.0391

sum{i in F, j in Vplunend: i != j} b[i]*x[i,j] = 0

y [*] :=
   C1 19.6469      C7 58.5235   F11_4 77.75     F13_1  0        F14_3  0
  C10 40.0278      C8 35.6205     F12  0        F13_2 24.0207   F14_4 35.6905
   C2 50.8242      C9 20        F12_1  0        F13_3  0           N0 77.75
   C3 33.1324     F11 77.75     F12_2  0        F13_4 18.8146      Nσ  0
   C4 39.4963   F11_1  0        F12_3  0          F14  0
   C5 18.0278   F11_2 77.75     F12_4  0        F14_1  0
   C6 62.9852   F11_3 75.369      F13 24.0208   F14_2 77.75
;

yplun [*] :=
   C1 0      C4 0      C8 0   F11_2 0   F12_1 0     F13 0   F13_4 0   F14_3 0
  C10 0      C5 0      C9 0   F11_3 0   F12_2 0   F13_1 0     F14 0   F14_4 0
   C2 0      C6 0     F11 0   F11_4 0   F12_3 0   F13_2 0   F14_1 0
   C3 0      C7 0   F11_1 0     F12 0   F12_4 0   F13_3 0   F14_2 0
;

A [*] :=
   C1 210           C8  89        F12_1 240        F13_4 148.01
  C10  94           C9 121        F12_2 240          F14 240
   C2  96          F11 240        F12_3 240        F14_1 240
   C3 123.692    F11_1 240        F12_4 240        F14_2 176.504
   C4  67        F11_2  58.6588     F13 157.344    F14_3 240
   C5 169        F11_3  58.6588   F13_1 240        F14_4  81.2947
   C6  44        F11_4  73.9907   F13_2 154.101       N0   0
   C7 147.069      F12 240        F13_3 145.055       Nσ 240
;

Aplun [*] :=
   C1 210      C6  54   F11_2   0   F12_3   0   F13_4   0      N0   0
  C10 108      C7 181   F11_3   0   F12_4   0     F14   0      Nσ   0
   C2 136      C8 108   F11_4   0     F13   0   F14_1   0
   C3 144      C9 131     F12   0   F13_1   0   F14_2   0
   C4 108     F11   0   F12_1   0   F13_2   0   F14_3   0
   C5 179   F11_1   0   F12_2   0   F13_3   0   F14_4   0
;

u [*] :=
   C1 183      C6 200   F11_2 186   F12_3 160   F13_4 167      N0 200
  C10 155      C7 186   F11_3 155   F12_4 160     F14 160      Nσ   0
   C2 200      C8 200   F11_4 200     F13   4   F14_1 160
   C3 177      C9 160     F12 160   F13_1 160   F14_2 156
   C4 193     F11 193   F12_1 160   F13_2 167   F14_3 160
   C5 145   F11_1 160   F12_2 160   F13_3 160   F14_4 186
;

w [*] :=
   C1 0      C4 0      C8 0   F11_2 0   F12_1 0     F13 0   F13_4 0   F14_3 0
  C10 0      C5 0      C9 0   F11_3 0   F12_2 0   F13_1 0     F14 0   F14_4 0
   C2 0      C6 0     F11 0   F11_4 0   F12_3 0   F13_2 0   F14_1 0      N0 0
   C3 0      C7 0   F11_1 0     F12 0   F12_4 0   F13_3 0   F14_2 0      Nσ 0
;

b [*] :=
  F11  0
F11_1  0
F11_2  0
F11_3  0
F11_4  0
  F12  0
F12_1  0
F12_2  0
F12_3  0
F12_4  0
  F13  0
F13_1  0
F13_2  0
F13_3  0
F13_4  0
  F14  0
F14_1  0
F14_2  0
F14_3  0
F14_4  0
;

c [*] :=
  F11  1
F11_1  1
F11_2  1
F11_3  1
F11_4  1
  F12  1
F12_1  1
F12_2  1
F12_3  1
F12_4  1
  F13  1
F13_1  1
F13_2  1
F13_3  1
F13_4  1
  F14  1
F14_1  1
F14_2  1
F14_3  1
F14_4  1
;

R [*] :=
  F11   0
F11_1   0
F11_2   0
F11_3   0
F11_4   0
  F12   0
F12_1   0
F12_2   0
F12_3   0
F12_4   0
  F13   0
F13_1   0
F13_2   0
F13_3   0
F13_4   5.20608
  F14   0
F14_1   0
F14_2   0
F14_3   0
F14_4  40.833
;

Y [*] :=
  F11  77.75
F11_1   0
F11_2  77.75
F11_3  75.369
F11_4  77.75
  F12   0
F12_1   0
F12_2   0
F12_3   0
F12_4   0
  F13  24.0208
F13_1   0
F13_2  24.0207
F13_3   0
F13_4  24.0207
  F14   0
F14_1   0
F14_2  77.75
F14_3   0
F14_4  76.5235
;

