MIP Gap (%):  35.58747924211228
_solve_elapsed_time = 28809.6

TotalCost = 11354.3

x [*,*]
# $13 = F11_2
# $14 = F11_3
# $15 = F11_4
# $17 = F12_1
# $18 = F12_2
:      C1 C10  C2  C3  C4  C5  C6  C7  C8  C9 F11 F11_1 $13 $14 $15 F12 $17 $18 :=
C1      .   1   0   0   0   0   0   0   0   0   0    0    0   0   0   0   0   0
C10     0   .   0   0   0   0   1   0   0   0   0    0    0   0   0   0   0   0
C2      0   0   .   0   0   0   0   0   0   0   0    0    0   0   0   0   0   0
C3      0   0   0   .   0   0   0   0   0   0   0    0    0   0   0   1   0   0
C4      0   0   0   0   .   0   0   0   0   0   0    0    0   0   0   0   0   0
C5      0   0   0   0   0   .   0   0   0   0   0    0    0   0   0   0   0   0
C6      0   0   0   0   0   0   .   0   0   0   0    0    0   0   0   0   0   0
C7      0   0   0   0   1   0   0   .   0   0   0    0    0   0   0   0   0   0
C8      0   0   0   0   0   0   0   0   .   0   0    0    0   0   0   0   0   0
C9      0   0   0   0   0   0   0   0   0   .   0    0    0   0   0   0   0   0
F11     0   0   0   0   0   0   0   0   0   0   .    0    0   0   0   0   0   0
F11_1   0   0   0   0   0   0   0   0   0   0   0    .    0   0   0   0   0   0
F11_2   0   0   0   0   0   0   0   0   0   0   0    0    .   0   0   0   0   0
F11_3   0   0   0   0   0   0   0   0   0   0   0    0    0   .   0   0   0   0
F11_4   0   0   0   0   0   0   0   0   0   0   0    0    0   0   .   0   0   0
F12     0   0   0   0   0   0   0   0   0   0   0    0    0   0   0   .   0   1
F12_1   0   0   0   0   0   0   0   0   0   0   0    0    0   0   0   0   .   0
F12_2   0   0   0   0   0   0   0   0   0   0   0    0    0   0   0   0   0   .
F12_3   0   0   0   0   0   0   0   0   0   0   0    0    0   0   0   0   0   0
F12_4   0   0   0   0   0   0   0   0   0   0   0    0    0   0   0   0   0   0
F13     0   0   0   0   0   0   0   0   0   0   0    0    0   0   0   0   0   0
F13_1   0   0   0   0   0   0   0   0   0   0   0    0    0   0   0   0   0   0
F13_2   0   0   0   0   0   0   0   0   0   0   0    0    0   0   0   0   0   0
F13_3   0   0   0   0   0   0   0   0   0   0   0    0    0   0   0   0   0   0
F13_4   0   0   0   0   0   0   0   0   0   0   0    0    0   0   0   0   0   0
F14     0   0   0   0   0   0   0   0   0   1   0    0    0   0   0   0   0   0
F14_1   0   0   0   0   0   0   0   0   0   0   0    0    0   0   0   0   0   0
F14_2   0   0   0   0   0   0   0   0   0   0   0    0    0   0   0   0   0   0
F14_3   0   0   0   0   0   0   0   0   0   0   0    0    0   0   0   0   0   0
F14_4   0   0   0   0   0   0   0   0   0   0   0    0    0   0   0   0   0   0
N0      1   0   1   1   0   1   0   1   1   0   0    0    0   0   0   0   0   0
Nσ      0   0   0   0   0   0   0   0   0   0   0    0    0   0   0   0   0   0

# $1 = F12_3
# $2 = F12_4
# $4 = F13_1
# $5 = F13_2
# $6 = F13_3
# $7 = F13_4
# $9 = F14_1
# $11 = F14_3
# $12 = F14_4
:      $1  $2 F13  $4  $5  $6  $7       F14      $9    F14_2   $11 $12  N0  Nσ :=
C1      0   0   0   0   0   0   0   0             0   0          0   0   0   0
C10     0   0   0   0   0   0   0   0             0   0          0   0   0   0
C2      0   0   0   0   0   0   0   0             0   0          0   0   0   1
C3      0   0   0   0   0   0   0   0             0   0          0   0   0   0
C4      0   0   0   0   0   0   0   0             0   0          0   1   0   0
C5      0   0   0   0   0   0   0   0             0   0          0   0   0   1
C6      0   0   0   0   0   0   0   0             0   0          0   0   0   1
C7      0   0   0   0   0   0   0   0             0   0          0   0   0   0
C8      0   0   0   0   0   0   0   0             0   0          0   0   0   1
C9      0   0   0   0   0   0   0   0             0   0          0   0   0   1
F11     0   0   0   0   0   0   0   0             0   0          0   0   0   0
F11_1   0   0   0   0   0   0   0   0             0   0          0   0   0   0
F11_2   0   0   0   0   0   0   0   0             0   0          0   0   0   0
F11_3   0   0   0   0   0   0   0   0             0   0          0   0   0   0
F11_4   0   0   0   0   0   0   0   0             0   0          0   0   0   0
F12     0   0   0   0   0   0   0   0             0   0          0   0   0   0
F12_1   0   0   0   0   0   0   0   0             0   0          0   0   0   0
F12_2   1   0   0   0   0   0   0   0             0   0          0   0   0   0
F12_3   .   0   0   0   0   0   0   0             0   0          0   0   0   1
F12_4   0   .   0   0   0   0   0   0             0   0          0   0   0   0
F13     0   0   .   0   0   0   0   0             0   0          0   0   0   0
F13_1   0   0   0   .   0   0   0   0             0   0          0   0   0   0
F13_2   0   0   0   0   .   0   0   0             0   0          0   0   0   0
F13_3   0   0   0   0   0   .   0   0             0   0          0   0   0   0
F13_4   0   0   0   0   0   0   .   0             0   0          0   0   0   0
F14     0   0   0   0   0   0   0    .            0   0          0   0   0   0
F14_1   0   0   0   0   0   0   0   0             .   0          0   0   0   0
F14_2   0   0   0   0   0   0   0   0.999998      0    .         0   0   0   0
F14_3   0   0   0   0   0   0   0   0             0   0          .   0   0   0
F14_4   0   0   0   0   0   0   0   2.29775e-06   0   0.999998   0   .   0   0
N0      0   0   0   0   0   0   0   0             0   0          0   0   .   0
Nσ      0   0   0   0   0   0   0   0             0   0          0   0   0   .
;

xplun [*,*]
# $13 = F11_2
# $14 = F11_3
# $15 = F11_4
# $17 = F12_1
# $18 = F12_2
:      C1 C10  C2  C3  C4  C5  C6  C7  C8  C9 F11 F11_1 $13 $14 $15 F12 $17 $18 :=
C1      .   0   0   0   0   0   0   0   0   0   0    0    0   0   0   0   0   0
C10     0   .   0   0   0   0   0   0   0   0   0    0    0   0   0   0   0   0
C2      0   0   .   0   0   0   0   0   0   0   0    0    0   0   0   0   0   0
C3      0   0   0   .   0   0   0   0   0   0   0    0    0   0   0   0   0   0
C4      0   0   0   0   .   0   0   0   0   0   0    0    0   0   0   0   0   0
C5      0   0   0   0   0   .   0   0   0   0   0    0    0   0   0   0   0   0
C6      0   0   0   0   0   0   .   0   0   0   0    0    0   0   0   0   0   0
C7      0   0   0   0   0   0   0   .   0   0   0    0    0   0   0   0   0   0
C8      0   0   0   0   0   0   0   0   .   0   0    0    0   0   0   0   0   0
C9      0   0   0   0   0   0   0   0   0   .   0    0    0   0   0   0   0   0
F11     0   0   0   0   0   0   0   0   0   0   .    0    0   0   0   0   0   0
F11_1   0   0   0   0   0   0   0   0   0   0   0    .    0   0   0   0   0   0
F11_2   0   0   0   0   0   0   0   0   0   0   0    0    .   0   0   0   0   0
F11_3   0   0   0   0   0   0   0   0   0   0   0    0    0   .   0   0   0   0
F11_4   0   0   0   0   0   0   0   0   0   0   0    0    0   0   .   0   0   0
F12     0   0   0   0   0   0   0   0   0   0   0    0    0   0   0   .   0   0
F12_1   0   0   0   0   0   0   0   0   0   0   0    0    0   0   0   0   .   0
F12_2   0   0   0   0   0   0   0   0   0   0   0    0    0   0   0   0   0   .
F12_3   0   0   0   0   0   0   0   0   0   0   0    0    0   0   0   0   0   0
F12_4   0   0   0   0   0   0   0   0   0   0   0    0    0   0   0   0   0   0
F13     0   0   0   0   0   0   0   0   0   0   0    0    0   0   0   0   0   0
F13_1   0   0   0   0   0   0   0   0   0   0   0    0    0   0   0   0   0   0
F13_2   0   0   0   0   0   0   0   0   0   0   0    0    0   0   0   0   0   0
F13_3   0   0   0   0   0   0   0   0   0   0   0    0    0   0   0   0   0   0
F13_4   0   0   0   0   0   0   0   0   0   0   0    0    0   0   0   0   0   0
F14     0   0   0   0   0   0   0   0   0   0   0    0    0   0   0   0   0   0
F14_1   0   0   0   0   0   0   0   0   0   0   0    0    0   0   0   0   0   0
F14_2   0   0   0   0   0   0   0   0   0   0   0    0    0   0   0   0   0   0
F14_3   0   0   0   0   0   0   0   0   0   0   0    0    0   0   0   0   0   0
F14_4   0   0   0   0   0   0   0   0   0   0   0    0    0   0   0   0   0   0

:     F12_3 F12_4 F13 F13_1 F13_2 F13_3 F13_4 F14 F14_1 F14_2 F14_3 F14_4    :=
C1       0     0    0    0     0     0     0    0    0     0     0     0
C10      0     0    0    0     0     0     0    0    0     0     0     0
C2       0     0    0    0     0     0     0    0    0     0     0     0
C3       0     0    0    0     0     0     0    0    0     0     0     0
C4       0     0    0    0     0     0     0    0    0     0     0     0
C5       0     0    0    0     0     0     0    0    0     0     0     0
C6       0     0    0    0     0     0     0    0    0     0     0     0
C7       0     0    0    0     0     0     0    0    0     0     0     0
C8       0     0    0    0     0     0     0    0    0     0     0     0
C9       0     0    0    0     0     0     0    0    0     0     0     0
F11      0     0    0    0     0     0     0    0    0     0     0     0
F11_1    0     0    0    0     0     0     0    0    0     0     0     0
F11_2    0     0    0    0     0     0     0    0    0     0     0     0
F11_3    0     0    0    0     0     0     0    0    0     0     0     0
F11_4    0     0    0    0     0     0     0    0    0     0     0     0
F12      0     0    0    0     0     0     0    0    0     0     0     0
F12_1    0     0    0    0     0     0     0    0    0     0     0     0
F12_2    0     0    0    0     0     0     0    0    0     0     0     0
F12_3    .     0    0    0     0     0     0    0    0     0     0     0
F12_4    0     .    0    0     0     0     0    0    0     0     0     0
F13      0     0    .    0     0     0     0    0    0     0     0     0
F13_1    0     0    0    .     0     0     0    0    0     0     0     0
F13_2    0     0    0    0     .     0     0    0    0     0     0     0
F13_3    0     0    0    0     0     .     0    0    0     0     0     0
F13_4    0     0    0    0     0     0     .    0    0     0     0     0
F14      0     0    0    0     0     0     0    .    0     0     0     0
F14_1    0     0    0    0     0     0     0    0    .     0     0     0
F14_2    0     0    0    0     0     0     0    0    0     .     0     0
F14_3    0     0    0    0     0     0     0    0    0     0     .     0
F14_4    0     0    0    0     0     0     0    0    0     0     0     .
;

sum{i in F, j in V: i != j} xplun[i,j] = 0

sum{i in Vplun, j in Vplun: i != j} d[i,j]*xplun[i,j] = 0

sum{i in D0, j in Vplun} x[i,j] = 6

sum{i in Vall, j in Vall: i != j} x[i,j]*t[i,j] = 499.576

sum{i in F} c[i]*R[i] = 51.5854

sum{i in F, j in Vplunend: i != j} b[i]*x[i,j] = 0

y [*] :=
   C1 58.5146      C7 56.655    F11_4  0        F13_1  0        F14_3  0
  C10 32.4406      C8 35.4683     F12 23.1056   F13_2  0        F14_4  3.6418
   C2 37.7359      C9  7.6158   F12_1 77.75     F13_3  0           N0 77.75
   C3 33.5459     F11  0        F12_2 23.1056   F13_4  0           Nσ  0
   C4 18.6418   F11_1  0        F12_3 23.1056     F14 42.0977
   C5 38.4708   F11_2  0        F12_4  0        F14_1  0
   C6 11.1803   F11_3 77.75       F13  0        F14_2 42.0976
;

yplun [*] :=
   C1 0      C4 0      C8 0   F11_2 0   F12_1 0     F13 0   F13_4 0   F14_3 0
  C10 0      C5 0      C9 0   F11_3 0   F12_2 0   F13_1 0     F14 0   F14_4 0
   C2 0      C6 0     F11 0   F11_4 0   F12_3 0   F13_2 0   F14_1 0
   C3 0      C7 0   F11_1 0     F12 0   F12_4 0   F13_3 0   F14_2 0
;

A [*] :=
   C1  91.2755      C8 144        F12_1 173.207    F13_4 240
  C10 118.74        C9 222        F12_2 188.403      F14 187.518
   C2  49.6734     F11 240        F12_3 188.403    F14_1 190.327
   C3  57        F11_1 122.059    F12_4 240        F14_2 168.006
   C4  98.0132   F11_2 170.167      F13 240        F14_3  92.4576
   C5 142        F11_3 240        F13_1 240        F14_4 123.013
   C6 150        F11_4 240        F13_2  99.2041      N0   0
   C7  50          F12  77.4403   F13_3  99.2041      Nσ 240
;

Aplun [*] :=
   C1 182      C6 160   F11_2   0   F12_3   0   F13_4   0      N0   0
  C10 150      C7 224   F11_3   0   F12_4   0     F14   0      Nσ   0
   C2 224      C8 154   F11_4   0     F13   0   F14_1   0
   C3 224      C9 232     F12   0   F13_1   0   F14_2   0
   C4 224     F11   0   F12_1   0   F13_2   0   F14_3   0
   C5 152   F11_1   0   F12_2   0   F13_3   0   F14_4   0
;

u [*] :=
   C1  58      C6  16   F11_2 200   F12_3   0   F13_4 200      N0 200
  C10  44      C7 200   F11_3   0   F12_4 200     F14 187      Nσ   0
   C2  10      C8 200   F11_4   0     F13 200   F14_1 200
   C3  20      C9 187     F12   0   F13_1   0   F14_2 187
   C4 197     F11   0   F12_1 200   F13_2 200   F14_3 200
   C5 200   F11_1 200   F12_2   0   F13_3 200   F14_4 187
;

w [*] :=
   C1 0      C4 0      C8 0   F11_2 0   F12_1 0     F13 0   F13_4 0   F14_3 0
  C10 0      C5 0      C9 0   F11_3 0   F12_2 0   F13_1 0     F14 0   F14_4 0
   C2 0      C6 0     F11 0   F11_4 0   F12_3 0   F13_2 0   F14_1 0      N0 0
   C3 0      C7 0   F11_1 0     F12 0   F12_4 0   F13_3 0   F14_2 0      Nσ 0
;

b [*] :=
  F11  1
F11_1  0
F11_2  0
F11_3  0
F11_4  0
  F12  0
F12_1  0
F12_2  0
F12_3  0
F12_4  0
  F13  0
F13_1  0
F13_2  0
F13_3  0
F13_4  0
  F14  0
F14_1  0
F14_2  0
F14_3  0
F14_4  0
;

c [*] :=
  F11  0
F11_1  1
F11_2  1
F11_3  1
F11_4  1
  F12  1
F12_1  1
F12_2  1
F12_3  1
F12_4  1
  F13  1
F13_1  1
F13_2  1
F13_3  1
F13_4  1
  F14  1
F14_1  1
F14_2  1
F14_3  1
F14_4  1
;

R [*] :=
  F11   0
F11_1   0
F11_2   0
F11_3   0
F11_4   0
  F12   0
F12_1   0
F12_2   0
F12_3  13.1297
F12_4   0
  F13   0
F13_1   0
F13_2   0
F13_3   0
F13_4   0
  F14   0
F14_1   0
F14_2   0
F14_3   0
F14_4  38.4557
;

Y [*] :=
  F11  77.75
F11_1   0
F11_2   0
F11_3  77.75
F11_4   0
  F12  23.1056
F12_1  77.75
F12_2  23.1056
F12_3  36.2353
F12_4   0
  F13   0
F13_1   0
F13_2   0
F13_3   0
F13_4   0
  F14  42.0977
F14_1   0
F14_2  42.0976
F14_3   0
F14_4  42.0975
;

