MIP Gap (%):  46.42396500892464
_solve_elapsed_time = 28803

TotalCost = 11848

x [*,*]
# $12 = F11_1
# $13 = F11_2
# $14 = F11_3
# $15 = F11_4
:      C1 C10  C2       C3       C4  C5  C6  C7  C8  C9 F11 $12 $13 $14 $15 F12 :=
C1      .   0   0   0             0   0   0   0   0   0   0   0   0   0   0   0
C10     0   .   0   0             1   0   0   0   0   0   0   0   0   0   0   0
C2      0   0   .   0             0   0   0   0   0   0   0   0   0   0   0   0
C3      0   0   0    .            0   0   1   0   0   0   0   0   0   0   0   0
C4      0   0   0   0             .   0   0   0   0   0   0   0   0   0   0   0
C5      0   0   0   0             0   .   0   0   0   0   0   0   0   0   0   0
C6      0   0   0   0             0   0   .   0   0   0   0   0   0   0   0   0
C7      0   0   0   0             0   0   0   .   0   0   0   0   0   0   0   0
C8      0   0   0   0             0   1   0   0   .   0   0   0   0   0   0   0
C9      1   0   0   0             0   0   0   0   0   .   0   0   0   0   0   0
F11     0   0   0   0             0   0   0   0   0   0   .   0   0   0   0   0
F11_1   0   0   0   0             0   0   0   0   0   0   0   .   0   0   0   0
F11_2   0   0   0   0             0   0   0   0   0   0   0   0   .   0   0   0
F11_3   0   0   0   0             0   0   0   0   0   0   0   0   0   .   0   0
F11_4   0   0   0   0             0   0   0   1   0   0   0   0   0   0   .   0
F12     0   0   0   0             0   0   0   0   0   0   0   0   0   0   0   .
F12_1   0   0   0   0             0   0   0   0   0   1   0   0   0   0   0   0
F12_2   0   0   0   0             0   0   0   0   0   0   0   0   0   0   0   0
F12_3   0   0   0   0             0   0   0   0   0   0   0   0   0   0   0   0
F12_4   0   0   0   0             0   0   0   0   0   0   0   0   0   0   0   0
F13     0   0   0   0             0   0   0   0   0   0   0   0   0   0   0   0
F13_1   0   0   0   0             0   0   0   0   0   0   0   0   0   0   0   0
F13_2   0   0   0   0             0   0   0   0   0   0   0   0   0   0   0   0
F13_3   0   0   0   0             0   0   0   0   0   0   0   0   0   0   0   0
F13_4   0   0   0   0             0   0   0   0   0   0   0   0   0   0   0   0
F14     0   0   0   0             0   0   0   0   0   0   0   0   0   0   0   0
F14_1   0   0   0   0             0   0   0   0   0   0   0   0   0   0   0   0
F14_2   0   0   0   0.999995      0   0   0   0   0   0   0   0   0   0   0   0
F14_3   0   0   0   0             0   0   0   0   0   0   0   0   0   0   0   0
F14_4   0   0   0   4.68713e-06   0   0   0   0   0   0   0   0   0   0   0   0
N0      0   1   1   0             0   0   0   0   1   0   0   0   0   0   1   0
Nσ      0   0   0   0             0   0   0   0   0   0   0   0   0   0   0   0

# $1 = F12_1
# $2 = F12_2
# $3 = F12_3
# $4 = F12_4
# $6 = F13_1
# $7 = F13_2
# $8 = F13_3
# $9 = F13_4
# $11 = F14_1
# $12 = F14_2
# $13 = F14_3
:      $1  $2  $3  $4 F13  $6  $7  $8  $9 F14 $11 $12 $13      F14_4     N0  Nσ :=
C1      0   0   0   0   0   0   0   0   0   0   0   0   0   0             0   1
C10     0   0   0   0   0   0   0   0   0   0   0   0   0   0             0   0
C2      0   0   0   0   0   0   0   0   0   0   0   0   0   0             0   1
C3      0   0   0   0   0   0   0   0   0   0   0   0   0   0             0   0
C4      0   0   0   0   0   0   0   0   0   0   0   0   0   0             0   1
C5      0   0   0   0   0   0   0   0   0   1   0   0   0   0             0   0
C6      0   0   0   0   0   0   0   0   0   0   0   0   0   0             0   1
C7      1   0   0   0   0   0   0   0   0   0   0   0   0   0             0   0
C8      0   0   0   0   0   0   0   0   0   0   0   0   0   0             0   0
C9      0   0   0   0   0   0   0   0   0   0   0   0   0   0             0   0
F11     0   0   0   0   0   0   0   0   0   0   0   0   0   0             0   0
F11_1   0   0   0   0   0   0   0   0   0   0   0   0   0   0             0   0
F11_2   0   0   0   0   0   0   0   0   0   0   0   0   0   0             0   0
F11_3   0   0   0   0   0   0   0   0   0   0   0   0   0   0             0   0
F11_4   0   0   0   0   0   0   0   0   0   0   0   0   0   0             0   0
F12     0   0   0   0   0   0   0   0   0   0   0   0   0   0             0   0
F12_1   .   0   0   0   0   0   0   0   0   0   0   0   0   0             0   0
F12_2   0   .   0   0   0   0   0   0   0   0   0   0   0   0             0   0
F12_3   0   0   .   0   0   0   0   0   0   0   0   0   0   0             0   0
F12_4   0   0   0   .   0   0   0   0   0   0   0   0   0   0             0   0
F13     0   0   0   0   .   0   0   0   0   0   0   0   0   0             0   0
F13_1   0   0   0   0   0   .   0   0   0   0   0   0   0   0             0   0
F13_2   0   0   0   0   0   0   .   0   0   0   0   0   0   0             0   0
F13_3   0   0   0   0   0   0   0   .   0   0   0   0   0   0             0   0
F13_4   0   0   0   0   0   0   0   0   .   0   0   0   0   0             0   0
F14     0   0   0   0   0   0   0   0   0   .   0   1   0   0             0   0
F14_1   0   0   0   0   0   0   0   0   0   0   .   0   0   0             0   0
F14_2   0   0   0   0   0   0   0   0   0   0   0   .   0   4.68856e-06   0   0
F14_3   0   0   0   0   0   0   0   0   0   0   0   0   .   0             0   0
F14_4   0   0   0   0   0   0   0   0   0   0   0   0   0    .            0   0
N0      0   0   0   0   0   0   0   0   0   0   0   0   0   0             .   0
Nσ      0   0   0   0   0   0   0   0   0   0   0   0   0   0             0   .
;

xplun [*,*]
# $13 = F11_2
# $14 = F11_3
# $15 = F11_4
# $17 = F12_1
# $18 = F12_2
:      C1 C10  C2  C3  C4  C5  C6  C7  C8  C9 F11 F11_1 $13 $14 $15 F12 $17 $18 :=
C1      .   0   0   0   0   0   0   0   0   0   0    0    0   0   0   0   0   0
C10     0   .   0   0   0   0   0   0   0   0   0    0    0   0   0   0   0   0
C2      0   0   .   0   0   0   0   0   0   0   0    0    0   0   0   0   0   0
C3      0   0   0   .   0   0   0   0   0   0   0    0    0   0   0   0   0   0
C4      0   0   0   0   .   0   0   0   0   0   0    0    0   0   0   0   0   0
C5      0   0   0   0   0   .   0   0   0   0   0    0    0   0   0   0   0   0
C6      0   0   0   0   0   0   .   0   0   0   0    0    0   0   0   0   0   0
C7      0   0   0   0   0   0   0   .   0   0   0    0    0   0   0   0   0   0
C8      0   0   0   0   0   0   0   0   .   0   0    0    0   0   0   0   0   0
C9      0   0   0   0   0   0   0   0   0   .   0    0    0   0   0   0   0   0
F11     0   0   0   0   0   0   0   0   0   0   .    0    0   0   0   0   0   0
F11_1   0   0   0   0   0   0   0   0   0   0   0    .    0   0   0   0   0   0
F11_2   0   0   0   0   0   0   0   0   0   0   0    0    .   0   0   0   0   0
F11_3   0   0   0   0   0   0   0   0   0   0   0    0    0   .   0   0   0   0
F11_4   0   0   0   0   0   0   0   0   0   0   0    0    0   0   .   0   0   0
F12     0   0   0   0   0   0   0   0   0   0   0    0    0   0   0   .   0   0
F12_1   0   0   0   0   0   0   0   0   0   0   0    0    0   0   0   0   .   0
F12_2   0   0   0   0   0   0   0   0   0   0   0    0    0   0   0   0   0   .
F12_3   0   0   0   0   0   0   0   0   0   0   0    0    0   0   0   0   0   0
F12_4   0   0   0   0   0   0   0   0   0   0   0    0    0   0   0   0   0   0
F13     0   0   0   0   0   0   0   0   0   0   0    0    0   0   0   0   0   0
F13_1   0   0   0   0   0   0   0   0   0   0   0    0    0   0   0   0   0   0
F13_2   0   0   0   0   0   0   0   0   0   0   0    0    0   0   0   0   0   0
F13_3   0   0   0   0   0   0   0   0   0   0   0    0    0   0   0   0   0   0
F13_4   0   0   0   0   0   0   0   0   0   0   0    0    0   0   0   0   0   0
F14     0   0   0   0   0   0   0   0   0   0   0    0    0   0   0   0   0   0
F14_1   0   0   0   0   0   0   0   0   0   0   0    0    0   0   0   0   0   0
F14_2   0   0   0   0   0   0   0   0   0   0   0    0    0   0   0   0   0   0
F14_3   0   0   0   0   0   0   0   0   0   0   0    0    0   0   0   0   0   0
F14_4   0   0   0   0   0   0   0   0   0   0   0    0    0   0   0   0   0   0

:     F12_3 F12_4 F13 F13_1 F13_2 F13_3 F13_4 F14 F14_1 F14_2 F14_3 F14_4    :=
C1       0     0    0    0     0     0     0    0    0     0     0     0
C10      0     0    0    0     0     0     0    0    0     0     0     0
C2       0     0    0    0     0     0     0    0    0     0     0     0
C3       0     0    0    0     0     0     0    0    0     0     0     0
C4       0     0    0    0     0     0     0    0    0     0     0     0
C5       0     0    0    0     0     0     0    0    0     0     0     0
C6       0     0    0    0     0     0     0    0    0     0     0     0
C7       0     0    0    0     0     0     0    0    0     0     0     0
C8       0     0    0    0     0     0     0    0    0     0     0     0
C9       0     0    0    0     0     0     0    0    0     0     0     0
F11      0     0    0    0     0     0     0    0    0     0     0     0
F11_1    0     0    0    0     0     0     0    0    0     0     0     0
F11_2    0     0    0    0     0     0     0    0    0     0     0     0
F11_3    0     0    0    0     0     0     0    0    0     0     0     0
F11_4    0     0    0    0     0     0     0    0    0     0     0     0
F12      0     0    0    0     0     0     0    0    0     0     0     0
F12_1    0     0    0    0     0     0     0    0    0     0     0     0
F12_2    0     0    0    0     0     0     0    0    0     0     0     0
F12_3    .     0    0    0     0     0     0    0    0     0     0     0
F12_4    0     .    0    0     0     0     0    0    0     0     0     0
F13      0     0    .    0     0     0     0    0    0     0     0     0
F13_1    0     0    0    .     0     0     0    0    0     0     0     0
F13_2    0     0    0    0     .     0     0    0    0     0     0     0
F13_3    0     0    0    0     0     .     0    0    0     0     0     0
F13_4    0     0    0    0     0     0     .    0    0     0     0     0
F14      0     0    0    0     0     0     0    .    0     0     0     0
F14_1    0     0    0    0     0     0     0    0    .     0     0     0
F14_2    0     0    0    0     0     0     0    0    0     .     0     0
F14_3    0     0    0    0     0     0     0    0    0     0     .     0
F14_4    0     0    0    0     0     0     0    0    0     0     0     .
;

sum{i in F, j in V: i != j} xplun[i,j] = 0

sum{i in Vplun, j in Vplun: i != j} d[i,j]*xplun[i,j] = 0

sum{i in D0, j in Vplun} x[i,j] = 4

sum{i in Vall, j in Vall: i != j} x[i,j]*t[i,j] = 372.672

sum{i in F} c[i]*R[i] = 73.2125

sum{i in F, j in Vplunend: i != j} b[i]*x[i,j] = 0

y [*] :=
   C1 15.5242        F11_1  0             F13_2  0
  C10 34.4997        F11_2  0             F13_3  0
   C2 38.0789        F11_3  0             F13_4  0
   C3 61.4877        F11_4 77.75            F14 23.3836
   C4 19.2354          F12  0             F14_1 77.75
   C5 37.8058        F12_1  7.2123        F14_2 65.9596
   C6 47.1699        F12_2  0             F14_3 77.75
   C7 27.4608        F12_3  0             F14_4  0.000309733
   C8 62.9852        F12_4  0                N0 77.75
   C9 21.8488          F13 77.75             Nσ  0
  F11  0             F13_1  0
;

yplun [*] :=
   C1 0      C4 0      C8 0   F11_2 0   F12_1 0     F13 0   F13_4 0   F14_3 0
  C10 0      C5 0      C9 0   F11_3 0   F12_2 0   F13_1 0     F14 0   F14_4 0
   C2 0      C6 0     F11 0   F11_4 0   F12_3 0   F13_2 0   F14_1 0
   C3 0      C7 0   F11_1 0     F12 0   F12_4 0   F13_3 0   F14_2 0
;

A [*] :=
   C1 805.325       C8  14.7648   F12_1 682.032    F13_4   0
  C10 393           C9 789        F12_2 898.078      F14 228.422
   C2 531          F11 960        F12_3 960        F14_1   0
   C3 449        F11_1 960        F12_4 869.032    F14_2 278.236
   C4 930        F11_2 960          F13 413.402    F14_3 870.682
   C5 204        F11_3 960        F13_1 960        F14_4 332.798
   C6 842        F11_4   0        F13_2 869.032       N0   0
   C7 530          F12 960        F13_3 869.032       Nσ 960
;

Aplun [*] :=
   C1 872      C6 902   F11_2   0   F12_3   0   F13_4   0      N0   0
  C10 512      C7 548   F11_3   0   F12_4   0     F14   0      Nσ   0
   C2 746      C8 504   F11_4   0     F13   0   F14_1   0
   C3 548      C9 928     F12   0   F13_1   0   F14_2   0
   C4 930     F11   0   F12_1   0   F13_2   0   F14_3   0
   C5 274   F11_1   0   F12_2   0   F13_3   0   F14_4   0
;

u [*] :=
   C1   26          C8   62       F12_1   29       F13_4 1000
  C10 1000          C9   29       F12_2 1000         F14   33
   C2   20         F11    0       F12_3 1000       F14_1    0
   C3   33       F11_1 1000       F12_4 1000       F14_2   33
   C4  980       F11_2    0         F13 1000       F14_3    0
   C5   53       F11_3    0       F13_1 1000       F14_4  999.995
   C6   20       F11_4   49       F13_2 1000          N0 1000
   C7   49         F12 1000       F13_3 1000          Nσ    0
;

w [*] :=
   C1 0      C4 0      C8 0   F11_2 0   F12_1 0     F13 0   F13_4 0   F14_3 0
  C10 0      C5 0      C9 0   F11_3 0   F12_2 0   F13_1 0     F14 0   F14_4 0
   C2 0      C6 0     F11 0   F11_4 0   F12_3 0   F13_2 0   F14_1 0      N0 0
   C3 0      C7 0   F11_1 0     F12 0   F12_4 0   F13_3 0   F14_2 0      Nσ 0
;

b [*] :=
  F11  0
F11_1  0
F11_2  0
F11_3  0
F11_4  0
  F12  0
F12_1  0
F12_2  0
F12_3  0
F12_4  0
  F13  0
F13_1  0
F13_2  0
F13_3  0
F13_4  0
  F14  0
F14_1  0
F14_2  0
F14_3  0
F14_4  0
;

c [*] :=
  F11  1
F11_1  1
F11_2  1
F11_3  1
F11_4  1
  F12  1
F12_1  1
F12_2  1
F12_3  1
F12_4  1
  F13  1
F13_1  1
F13_2  1
F13_3  1
F13_4  1
  F14  1
F14_1  1
F14_2  1
F14_3  1
F14_4  1
;

R [*] :=
  F11   0
F11_1   0
F11_2   0
F11_3   0
F11_4   0
  F12   0
F12_1  30.6365
F12_2   0
F12_3   0
F12_4   0
  F13   0
F13_1   0
F13_2   0
F13_3   0
F13_4   0
  F14  42.576
F14_1   0
F14_2   0
F14_3   0
F14_4   0
;

Y [*] :=
  F11   0
F11_1   0
F11_2   0
F11_3   0
F11_4  77.75
  F12   0
F12_1  37.8488
F12_2   0
F12_3   0
F12_4   0
  F13  77.75
F13_1   0
F13_2   0
F13_3   0
F13_4   0
  F14  65.9596
F14_1  77.75
F14_2  65.9596
F14_3  77.75
F14_4   0.000309733
;

