MIP Gap (%):  43.01241232588724
_solve_elapsed_time = 28804.8

TotalCost = 5123.52

x [*,*]
# $13 = F11_2
# $14 = F11_3
# $15 = F11_4
:      C1 C10  C2  C3  C4  C5  C6  C7  C8  C9 F11 F11_1 $13 $14 $15     F12  :=
C1      .   0   0   0   0   0   0   0   0   0   0    0    0   0   0   0
C10     0   .   0   0   0   0   0   0   0   0   1    0    0   0   0   0
C2      1   0   .   0   0   0   0   0   0   0   0    0    0   0   0   0
C3      0   0   0   .   0   0   0   0   0   1   0    0    0   0   0   0
C4      0   1   0   0   .   0   0   0   0   0   0    0    0   0   0   0
C5      0   0   0   0   0   .   0   1   0   0   0    0    0   0   0   0
C6      0   0   0   0   0   0   .   0   0   0   0    1    0   0   0   0
C7      0   0   0   0   0   0   0   .   0   0   0    0    0   0   1   0
C8      0   0   0   0   0   0   0   0   .   0   0    0    0   0   0   0
C9      0   0   0   0   0   0   0   0   0   .   0    0    0   0   0   0.999999
F11     0   0   0   0   0   0   0   0   0   0   .    0    0   0   0   0
F11_1   0   0   0   0   0   0   0   0   0   0   0    .    0   0   0   0
F11_2   0   0   0   0   0   0   0   0   0   0   0    0    .   0   0   0
F11_3   0   0   0   0   0   0   0   0   0   0   0    0    0   .   0   0
F11_4   0   0   0   0   0   0   0   0   0   0   0    0    0   0   .   0
F12     0   0   0   0   0   0   0   0   0   0   0    0    0   0   0    .
F12_1   0   0   0   0   0   0   0   0   0   0   0    0    0   0   0   0
F12_2   0   0   0   0   0   0   0   0   0   0   0    0    0   0   0   0
F12_3   0   0   0   0   0   0   0   0   0   0   0    0    0   0   0   0
F12_4   0   0   0   0   0   0   1   0   0   0   0    0    0   0   0   0
F13     0   0   0   0   0   0   0   0   0   0   0    0    0   0   0   0
F13_1   0   0   0   0   0   0   0   0   0   0   0    0    0   0   0   0
F13_2   0   0   0   0   0   0   0   0   0   0   0    0    0   0   0   0
F13_3   0   0   0   0   0   0   0   0   0   0   0    0    0   0   0   0
F13_4   0   0   0   0   0   0   0   0   0   0   0    0    0   0   0   0
F14     0   0   0   0   0   0   0   0   0   0   0    0    0   0   0   0
F14_1   0   0   0   0   0   0   0   0   0   0   0    0    0   0   0   0
F14_2   0   0   0   0   0   0   0   0   0   0   0    0    0   0   0   0
F14_3   0   0   0   0   0   0   0   0   0   0   0    0    0   0   0   0
F14_4   0   0   0   0   0   0   0   0   0   0   0    0    0   0   0   0
N0      0   0   1   1   1   1   0   0   1   0   0    0    0   0   0   0
Nσ      0   0   0   0   0   0   0   0   0   0   0    0    0   0   0   0

# $1 = F12_1
# $2 = F12_2
# $4 = F12_4
# $6 = F13_1
# $7 = F13_2
# $8 = F13_3
# $9 = F13_4
# $11 = F14_1
# $12 = F14_2
# $13 = F14_3
# $14 = F14_4
:      $1  $2      F12_3     $4 F13  $6  $7  $8  $9 F14 $11 $12 $13 $14  N0  Nσ :=
C1      0   0   0             0   0   0   0   0   0   0   0   0   0   0   0   1
C10     0   0   0             0   0   0   0   0   0   0   0   0   0   0   0   0
C2      0   0   0             0   0   0   0   0   0   0   0   0   0   0   0   0
C3      0   0   0             0   0   0   0   0   0   0   0   0   0   0   0   0
C4      0   0   0             0   0   0   0   0   0   0   0   0   0   0   0   0
C5      0   0   0             0   0   0   0   0   0   0   0   0   0   0   0   0
C6      0   0   0             0   0   0   0   0   0   0   0   0   0   0   0   0
C7      0   0   0             0   0   0   0   0   0   0   0   0   0   0   0   0
C8      0   0   0             0   0   0   0   0   0   0   0   0   0   0   0   1
C9      0   0   1.09563e-06   0   0   0   0   0   0   0   0   0   0   0   0   0
F11     0   0   0             0   0   0   0   0   0   0   0   0   0   0   0   1
F11_1   0   0   0             0   0   0   0   0   0   0   0   0   0   0   0   1
F11_2   0   0   0             0   0   0   0   0   0   0   0   0   0   0   0   0
F11_3   0   0   0             0   0   0   0   0   0   0   0   0   0   0   0   0
F11_4   0   0   0             0   0   0   0   0   0   0   0   0   0   0   0   1
F12     0   0   0.999999      0   0   0   0   0   0   0   0   0   0   0   0   0
F12_1   .   0   0             0   0   0   0   0   0   0   0   0   0   0   0   0
F12_2   0   .   0             0   0   0   0   0   0   0   0   0   0   0   0   0
F12_3   0   0    .            1   0   0   0   0   0   0   0   0   0   0   0   0
F12_4   0   0   0             .   0   0   0   0   0   0   0   0   0   0   0   0
F13     0   0   0             0   .   0   0   0   0   0   0   0   0   0   0   0
F13_1   0   0   0             0   0   .   0   0   0   0   0   0   0   0   0   0
F13_2   0   0   0             0   0   0   .   0   0   0   0   0   0   0   0   0
F13_3   0   0   0             0   0   0   0   .   0   0   0   0   0   0   0   0
F13_4   0   0   0             0   0   0   0   0   .   0   0   0   0   0   0   0
F14     0   0   0             0   0   0   0   0   0   .   0   0   0   0   0   0
F14_1   0   0   0             0   0   0   0   0   0   0   .   0   0   0   0   0
F14_2   0   0   0             0   0   0   0   0   0   0   0   .   0   0   0   0
F14_3   0   0   0             0   0   0   0   0   0   0   0   0   .   0   0   0
F14_4   0   0   0             0   0   0   0   0   0   0   0   0   0   .   0   0
N0      0   0   0             0   0   0   0   0   0   0   0   0   0   0   .   0
Nσ      0   0   0             0   0   0   0   0   0   0   0   0   0   0   0   .
;

xplun [*,*]
# $13 = F11_2
# $14 = F11_3
# $15 = F11_4
# $17 = F12_1
# $18 = F12_2
:      C1 C10  C2  C3  C4  C5  C6  C7  C8  C9 F11 F11_1 $13 $14 $15 F12 $17 $18 :=
C1      .   0   0   0   0   0   0   0   0   0   0    0    0   0   0   0   0   0
C10     0   .   0   0   0   0   0   0   0   0   0    0    0   0   0   0   0   0
C2      0   0   .   0   0   0   0   0   0   0   0    0    0   0   0   0   0   0
C3      0   0   0   .   0   0   0   0   0   0   0    0    0   0   0   0   0   0
C4      0   0   0   0   .   0   0   0   0   0   0    0    0   0   0   0   0   0
C5      0   0   0   0   0   .   0   0   0   0   0    0    0   0   0   0   0   0
C6      0   0   0   0   0   0   .   0   0   0   0    0    0   0   0   0   0   0
C7      0   0   0   0   0   0   0   .   0   0   0    0    0   0   0   0   0   0
C8      0   0   0   0   0   0   0   0   .   0   0    0    0   0   0   0   0   0
C9      0   0   0   0   0   0   0   0   0   .   0    0    0   0   0   0   0   0
F11     0   0   0   0   0   0   0   0   0   0   .    0    0   0   0   0   0   0
F11_1   0   0   0   0   0   0   0   0   0   0   0    .    0   0   0   0   0   0
F11_2   0   0   0   0   0   0   0   0   0   0   0    0    .   0   0   0   0   0
F11_3   0   0   0   0   0   0   0   0   0   0   0    0    0   .   0   0   0   0
F11_4   0   0   0   0   0   0   0   0   0   0   0    0    0   0   .   0   0   0
F12     0   0   0   0   0   0   0   0   0   0   0    0    0   0   0   .   0   0
F12_1   0   0   0   0   0   0   0   0   0   0   0    0    0   0   0   0   .   0
F12_2   0   0   0   0   0   0   0   0   0   0   0    0    0   0   0   0   0   .
F12_3   0   0   0   0   0   0   0   0   0   0   0    0    0   0   0   0   0   0
F12_4   0   0   0   0   0   0   0   0   0   0   0    0    0   0   0   0   0   0
F13     0   0   0   0   0   0   0   0   0   0   0    0    0   0   0   0   0   0
F13_1   0   0   0   0   0   0   0   0   0   0   0    0    0   0   0   0   0   0
F13_2   0   0   0   0   0   0   0   0   0   0   0    0    0   0   0   0   0   0
F13_3   0   0   0   0   0   0   0   0   0   0   0    0    0   0   0   0   0   0
F13_4   0   0   0   0   0   0   0   0   0   0   0    0    0   0   0   0   0   0
F14     0   0   0   0   0   0   0   0   0   0   0    0    0   0   0   0   0   0
F14_1   0   0   0   0   0   0   0   0   0   0   0    0    0   0   0   0   0   0
F14_2   0   0   0   0   0   0   0   0   0   0   0    0    0   0   0   0   0   0
F14_3   0   0   0   0   0   0   0   0   0   0   0    0    0   0   0   0   0   0
F14_4   0   0   0   0   0   0   0   0   0   0   0    0    0   0   0   0   0   0

:     F12_3 F12_4 F13 F13_1 F13_2 F13_3 F13_4 F14 F14_1 F14_2 F14_3 F14_4    :=
C1       0     0    0    0     0     0     0    0    0     0     0     0
C10      0     0    0    0     0     0     0    0    0     0     0     0
C2       0     0    0    0     0     0     0    0    0     0     0     0
C3       0     0    0    0     0     0     0    0    0     0     0     0
C4       0     0    0    0     0     0     0    0    0     0     0     0
C5       0     0    0    0     0     0     0    0    0     0     0     0
C6       0     0    0    0     0     0     0    0    0     0     0     0
C7       0     0    0    0     0     0     0    0    0     0     0     0
C8       0     0    0    0     0     0     0    0    0     0     0     0
C9       0     0    0    0     0     0     0    0    0     0     0     0
F11      0     0    0    0     0     0     0    0    0     0     0     0
F11_1    0     0    0    0     0     0     0    0    0     0     0     0
F11_2    0     0    0    0     0     0     0    0    0     0     0     0
F11_3    0     0    0    0     0     0     0    0    0     0     0     0
F11_4    0     0    0    0     0     0     0    0    0     0     0     0
F12      0     0    0    0     0     0     0    0    0     0     0     0
F12_1    0     0    0    0     0     0     0    0    0     0     0     0
F12_2    0     0    0    0     0     0     0    0    0     0     0     0
F12_3    .     0    0    0     0     0     0    0    0     0     0     0
F12_4    0     .    0    0     0     0     0    0    0     0     0     0
F13      0     0    .    0     0     0     0    0    0     0     0     0
F13_1    0     0    0    .     0     0     0    0    0     0     0     0
F13_2    0     0    0    0     .     0     0    0    0     0     0     0
F13_3    0     0    0    0     0     .     0    0    0     0     0     0
F13_4    0     0    0    0     0     0     .    0    0     0     0     0
F14      0     0    0    0     0     0     0    .    0     0     0     0
F14_1    0     0    0    0     0     0     0    0    .     0     0     0
F14_2    0     0    0    0     0     0     0    0    0     .     0     0
F14_3    0     0    0    0     0     0     0    0    0     0     .     0
F14_4    0     0    0    0     0     0     0    0    0     0     0     .
;

sum{i in F, j in V: i != j} xplun[i,j] = 0

sum{i in Vplun, j in Vplun: i != j} d[i,j]*xplun[i,j] = 0

sum{i in D0, j in Vplun} x[i,j] = 5

sum{i in Vall, j in Vall: i != j} x[i,j]*t[i,j] = 368.439

sum{i in F} c[i]*R[i] = 4.39131

sum{i in F, j in Vplunend: i != j} b[i]*x[i,j] = 0

y [*] :=
   C1 14.1421      C7 21.095    F11_4  0        F13_1  0        F14_3  0
  C10 38.4708      C8 35          F12 37.2931   F13_2  0        F14_4  0
   C2 36.278       C9 59.3838   F12_1 37.2931   F13_3  0           N0 77.75
   C3 65.7084     F11  0        F12_2 37.2931   F13_4  0           Nσ  0
   C4 59.0621   F11_1  0        F12_3 37.2932     F14  0
   C5 38.5592   F11_2 77.75     F12_4 37.2932   F14_1  0
   C6 38.0789   F11_3  0          F13  0        F14_2  0
;

yplun [*] :=
   C1 0      C4 0      C8 0   F11_2 0   F12_1 0     F13 0   F13_4 0   F14_3 0
  C10 0      C5 0      C9 0   F11_3 0   F12_2 0   F13_1 0     F14 0   F14_4 0
   C2 0      C6 0     F11 0   F11_4 0   F12_3 0   F13_2 0   F14_1 0
   C3 0      C7 0   F11_1 0     F12 0   F12_4 0   F13_3 0   F14_2 0
;

A [*] :=
   C1 187.136      C7 916.011   F11_4 960       F13_1 824.6     F14_3 597.889
  C10 352          C8 375         F12 633.091   F13_2 631.924   F14_4 597.889
   C2 155          C9 601       F12_1 633.091   F13_3 896.524      N0   0
   C3 475         F11 849.37    F12_2 960       F13_4 860.562      Nσ 960
   C4 321.409   F11_1 960       F12_3 633.091     F14   0
   C5 167       F11_2 324.61    F12_4 633.091   F14_1   0
   C6 694       F11_3 947.106     F13 132.32    F14_2   0
;

Aplun [*] :=
   C1 330      C6 704   F11_2   0   F12_3   0   F13_4   0      N0   0
  C10 482      C7 928   F11_3   0   F12_4   0     F14   0      Nσ   0
   C2 165      C8 505   F11_4   0     F13   0   F14_1   0
   C3 485      C9 721     F12   0   F13_1   0   F14_2   0
   C4 390     F11   0   F12_1   0   F13_2   0   F14_3   0
   C5 330   F11_1   0   F12_2   0   F13_3   0   F14_4   0
;

u [*] :=
   C1    9             F11_1    0             F13_2    9
  C10  981             F11_2 1000             F13_3  981
   C2  970             F11_3  994             F13_4  981
   C3 1000             F11_4    0               F14    0
   C4 1000               F12  974             F14_1  974
   C5 1000             F12_1   20             F14_2    0
   C6   20             F12_2    0             F14_3  974
   C7  997             F12_3   20             F14_4    0
   C8 1000             F12_4   20                N0 1000
   C9  990               F13    9                Nσ    0
  F11    4.38537e-05   F13_1  981
;

w [*] :=
   C1 0      C4 0      C8 0   F11_2 0   F12_1 0     F13 0   F13_4 0   F14_3 0
  C10 0      C5 0      C9 0   F11_3 0   F12_2 0   F13_1 0     F14 0   F14_4 0
   C2 0      C6 0     F11 0   F11_4 0   F12_3 0   F13_2 0   F14_1 0      N0 0
   C3 0      C7 0   F11_1 0     F12 0   F12_4 0   F13_3 0   F14_2 0      Nσ 0
;

b [*] :=
  F11  0
F11_1  0
F11_2  0
F11_3  0
F11_4  0
  F12  0
F12_1  0
F12_2  0
F12_3  0
F12_4  0
  F13  0
F13_1  0
F13_2  0
F13_3  0
F13_4  0
  F14  0
F14_1  0
F14_2  0
F14_3  0
F14_4  0
;

c [*] :=
  F11  1
F11_1  1
F11_2  1
F11_3  1
F11_4  1
  F12  1
F12_1  1
F12_2  1
F12_3  1
F12_4  1
  F13  1
F13_1  1
F13_2  1
F13_3  1
F13_4  1
  F14  1
F14_1  1
F14_2  1
F14_3  1
F14_4  1
;

R [*] :=
  F11  0
F11_1  0
F11_2  0
F11_3  0
F11_4  0
  F12  0
F12_1  0
F12_2  0
F12_3  0
F12_4  4.39131
  F13  0
F13_1  0
F13_2  0
F13_3  0
F13_4  0
  F14  0
F14_1  0
F14_2  0
F14_3  0
F14_4  0
;

Y [*] :=
  F11   0
F11_1   0
F11_2  77.75
F11_3   0
F11_4   0
  F12  37.2931
F12_1  37.2931
F12_2  37.2931
F12_3  37.2932
F12_4  41.6845
  F13   0
F13_1   0
F13_2   0
F13_3   0
F13_4   0
  F14   0
F14_1   0
F14_2   0
F14_3   0
F14_4   0
;

