MIP Gap (%):  70.66801082317286
_solve_elapsed_time = 28807

TotalCost = 7261.19

x [*,*]
# $13 = F11_2
# $14 = F11_3
# $15 = F11_4
# $17 = F12_1
# $18 = F12_2
:      C1 C10  C2  C3  C4  C5  C6  C7  C8  C9 F11 F11_1 $13 $14 $15 F12 $17 $18 :=
C1      .   1   0   0   0   0   0   0   0   0   0    0    0   0   0   0   0   0
C10     0   .   0   0   0   1   0   0   0   0   0    0    0   0   0   0   0   0
C2      0   0   .   0   0   0   0   1   0   0   0    0    0   0   0   0   0   0
C3      0   0   0   .   0   0   0   0   0   0   0    0    0   0   0   0   0   0
C4      0   0   0   0   .   0   0   0   1   0   0    0    0   0   0   0   0   0
C5      0   0   0   0   0   .   0   0   0   0   0    0    0   0   0   0   0   0
C6      0   0   0   1   0   0   .   0   0   0   0    0    0   0   0   0   0   0
C7      0   0   0   0   0   0   0   .   0   0   0    0    0   0   0   0   0   0
C8      0   0   0   0   0   0   0   0   .   0   0    0    0   0   0   0   0   0
C9      0   0   0   0   0   0   0   0   0   .   0    0    0   0   0   0   0   0
F11     0   0   0   0   0   0   0   0   0   0   .    0    0   0   0   0   0   0
F11_1   0   0   0   0   0   0   0   0   0   0   0    .    0   0   0   0   0   0
F11_2   0   0   0   0   1   0   0   0   0   0   0    0    .   0   0   0   0   0
F11_3   0   0   0   0   0   0   0   0   0   0   0    0    0   .   0   0   0   0
F11_4   0   0   0   0   0   0   0   0   0   0   0    0    0   0   .   0   0   0
F12     0   0   0   0   0   0   0   0   0   0   0    0    0   0   0   .   0   0
F12_1   0   0   0   0   0   0   0   0   0   0   0    0    0   0   0   0   .   0
F12_2   0   0   0   0   0   0   0   0   0   0   0    0    0   0   0   0   0   .
F12_3   0   0   0   0   0   0   0   0   0   0   0    0    0   0   0   0   0   0
F12_4   0   0   0   0   0   0   0   0   0   0   0    0    0   0   0   0   0   0
F13     0   0   0   0   0   0   0   0   0   0   0    0    0   0   0   0   0   0
F13_1   0   0   0   0   0   0   0   0   0   0   0    0    0   0   0   0   0   0
F13_2   0   0   0   0   0   0   0   0   0   0   0    0    0   0   0   0   0   0
F13_3   0   0   0   0   0   0   0   0   0   0   0    0    0   0   0   0   0   0
F13_4   0   0   0   0   0   0   0   0   0   0   0    0    0   0   0   0   0   0
F14     0   0   0   0   0   0   0   0   0   0   0    0    0   0   0   0   0   0
F14_1   0   0   0   0   0   0   0   0   0   0   0    0    0   0   0   0   0   0
F14_2   0   0   0   0   0   0   0   0   0   1   0    0    0   0   0   0   0   0
F14_3   0   0   0   0   0   0   0   0   0   0   0    0    0   0   0   0   0   0
F14_4   0   0   0   0   0   0   0   0   0   0   0    0    0   0   0   0   0   0
F15     0   0   0   0   0   0   0   0   0   0   0    0    0   0   0   0   0   0
F15_1   0   0   0   0   0   0   0   0   0   0   0    0    0   0   0   0   0   0
F15_2   0   0   0   0   0   0   0   0   0   0   0    0    0   0   0   0   0   0
F15_3   0   0   0   0   0   0   0   0   0   0   0    0    0   0   0   0   0   0
F15_4   0   0   1   0   0   0   0   0   0   0   0    0    0   0   0   0   0   0
N0      1   0   0   0   0   0   1   0   0   0   0    0    1   0   0   0   0   0
Nσ      0   0   0   0   0   0   0   0   0   0   0    0    0   0   0   0   0   0

# $2 = F12_4
# $4 = F13_1
# $5 = F13_2
# $6 = F13_3
# $7 = F13_4
# $9 = F14_1
# $10 = F14_2
# $11 = F14_3
# $12 = F14_4
# $14 = F15_1
# $15 = F15_2
# $16 = F15_3
# $17 = F15_4
:     F12_3  $2 F13  $4  $5  $6  $7 F14  $9 $10 $11 $12 F15 $14 $15 $16 $17  N0 :=
C1       0    0   0   0   0   0   0   0   0   0   0   0   0   0   0   0   0   0
C10      0    0   0   0   0   0   0   0   0   0   0   0   0   0   0   0   0   0
C2       0    0   0   0   0   0   0   0   0   0   0   0   0   0   0   0   0   0
C3       0    0   0   0   0   0   0   0   0   0   0   0   0   0   0   0   0   0
C4       0    0   0   0   0   0   0   0   0   0   0   0   0   0   0   0   0   0
C5       0    0   0   0   0   0   0   0   0   0   0   0   0   0   0   0   0   0
C6       0    0   0   0   0   0   0   0   0   0   0   0   0   0   0   0   0   0
C7       0    0   0   0   0   0   0   0   0   0   0   1   0   0   0   0   0   0
C8       0    0   0   0   0   0   0   0   0   0   0   0   0   0   0   0   0   0
C9       0    0   0   0   0   0   0   0   0   0   0   0   0   0   0   0   0   0
F11      0    0   0   0   0   0   0   0   0   0   0   0   0   0   0   0   0   0
F11_1    0    0   0   0   0   0   0   0   0   0   0   0   0   0   0   0   0   0
F11_2    0    0   0   0   0   0   0   0   0   0   0   0   0   0   0   0   0   0
F11_3    0    0   0   0   0   0   0   0   0   0   0   0   0   0   0   0   0   0
F11_4    0    0   0   0   0   0   0   0   0   0   0   0   0   0   0   0   0   0
F12      0    0   0   0   0   0   0   0   0   0   0   0   0   0   0   0   0   0
F12_1    0    0   0   0   0   0   0   0   0   0   0   0   0   0   0   0   0   0
F12_2    0    0   0   0   0   0   0   0   0   0   0   0   0   0   0   0   0   0
F12_3    .    0   0   0   0   0   0   0   0   0   0   0   0   0   0   0   0   0
F12_4    0    .   0   0   0   0   0   0   0   0   0   0   0   0   0   0   0   0
F13      0    0   .   0   0   0   0   0   0   0   0   0   0   0   0   0   0   0
F13_1    0    0   0   .   0   0   0   0   0   0   0   0   0   0   0   0   0   0
F13_2    0    0   0   0   .   0   0   0   0   0   0   0   0   0   0   0   0   0
F13_3    0    0   0   0   0   .   1   0   0   0   0   0   0   0   0   0   0   0
F13_4    0    0   0   0   0   1   .   0   0   0   0   0   0   0   0   0   0   0
F14      0    0   0   0   0   0   0   .   0   0   0   0   0   0   0   0   0   0
F14_1    0    0   0   0   0   0   0   0   .   0   0   0   0   0   0   0   0   0
F14_2    0    0   0   0   0   0   0   0   0   .   0   0   0   0   0   0   0   0
F14_3    0    0   0   0   0   0   0   0   0   0   .   0   0   0   0   0   0   0
F14_4    0    0   0   0   0   0   0   0   0   1   0   .   0   0   0   0   0   0
F15      0    0   0   0   0   0   0   0   0   0   0   0   .   0   0   1   0   0
F15_1    0    0   0   0   0   0   0   0   0   0   0   0   0   .   0   0   0   0
F15_2    0    0   0   0   0   0   0   0   0   0   0   0   0   0   .   0   0   0
F15_3    0    0   0   0   0   0   0   0   0   0   0   0   0   0   0   .   1   0
F15_4    0    0   0   0   0   0   0   0   0   0   0   0   0   0   0   0   .   0
N0       0    0   0   0   0   0   0   0   0   0   0   0   1   0   0   0   0   .
Nσ       0    0   0   0   0   0   0   0   0   0   0   0   0   0   0   0   0   0

:      Nσ    :=
C1      0
C10     0
C2      0
C3      1
C4      0
C5      1
C6      0
C7      0
C8      1
C9      1
F11     0
F11_1   0
F11_2   0
F11_3   0
F11_4   0
F12     0
F12_1   0
F12_2   0
F12_3   0
F12_4   0
F13     0
F13_1   0
F13_2   0
F13_3   0
F13_4   0
F14     0
F14_1   0
F14_2   0
F14_3   0
F14_4   0
F15     0
F15_1   0
F15_2   0
F15_3   0
F15_4   0
N0      0
;

sum{i in D0, j in Vplun} x[i,j] = 4

sum{i in Vall, j in Vall: i != j} x[i,j]*t[i,j] = 422.055

sum{i in F} z[i]*R[i] = 0

sum{i in F, j in Vplunend: i != j} y[i]*x[i,j] = 2

a [*] :=
   C1   51.6148     F11    0          F13 1236          F15  105.211
  C10  147        F11_1    0        F13_1 1236        F15_1    0
   C2  114.645    F11_2   61.1942   F13_2    0        F15_2 1236
   C3  758.401    F11_3    0        F13_3    0        F15_3  105.211
   C4   92        F11_4 1123.09     F13_4    0        F15_4  105.211
   C5  239          F12    0          F14 1236           N0    0
   C6  647        F12_1    0        F14_1 1236           Nσ 1236
   C7  257        F12_2    0        F14_2  353.325
   C8  261        F12_3 1236        F14_3 1236
   C9  737        F12_4    0        F14_4  353.325
;

u [*] :=
   C1 200      C7  50   F11_4 200   F13_1 170   F14_3 200      N0 200
  C10 180      C8 170     F12   0   F13_2   0   F14_4  10      Nσ   0
   C2  70      C9  10   F12_1   0   F13_3   0     F15  70
   C3 180     F11 160   F12_2   0   F13_4   0   F15_1 200
   C4 200   F11_1   0   F12_3 200     F14   0   F15_2 200
   C5 170   F11_2 200   F12_4   0   F14_1   0   F15_3  70
   C6 200   F11_3   0     F13 170   F14_2  10   F15_4  70
;

v [*] :=
   C1 46.9442      C8 17.1172   F12_1 77.75     F13_4  0        F15_2  0
  C10 41.559       C9 24.3516   F12_2  0          F14  0        F15_3 77.75
   C2 58.6792     F11  0        F12_3 77.75     F14_1  0        F15_4 68.1132
   C3 18.2702   F11_1  0        F12_4  0        F14_2 76.5531      N0 77.75
   C4 40.1389   F11_2 70.9447     F13  0        F14_3 77.75        Nσ  0
   C5 39.559    F11_3 77.75     F13_1 77.75     F14_4  0
   C6 39.6711   F11_4  0        F13_2  0          F15  0
   C7  6.3246     F12  0        F13_3  0        F15_1  0
;

y [*] :=
  F11 0   F11_4 0   F12_3 0   F13_2 0   F14_1 0     F15 1   F15_4 0
F11_1 1     F12 0   F12_4 0   F13_3 0   F14_2 0   F15_1 0
F11_2 0   F12_1 0     F13 0   F13_4 0   F14_3 0   F15_2 0
F11_3 0   F12_2 0   F13_1 0     F14 0   F14_4 1   F15_3 0
;

z [*] :=
  F11 1   F11_4 1   F12_3 1   F13_2 1   F14_1 1     F15 0   F15_4 1
F11_1 0     F12 1   F12_4 1   F13_3 1   F14_2 1   F15_1 1
F11_2 1   F12_1 1     F13 1   F13_4 1   F14_3 1   F15_2 1
F11_3 1   F12_2 1   F13_1 1     F14 1   F14_4 0   F15_3 1
;

R [*] :=
  F11 0   F11_4 0   F12_3 0   F13_2 0   F14_1 0     F15 0   F15_4 0
F11_1 0     F12 0   F12_4 0   F13_3 0   F14_2 0   F15_1 0
F11_2 0   F12_1 0     F13 0   F13_4 0   F14_3 0   F15_2 0
F11_3 0   F12_2 0   F13_1 0     F14 0   F14_4 0   F15_3 0
;

Y [*] :=
  F11  0          F12  0          F13  0          F14  0          F15 77.75
F11_1 77.75     F12_1 77.75     F13_1 77.75     F14_1  0        F15_1  0
F11_2 70.9447   F12_2  0        F13_2  0        F14_2 76.5531   F15_2  0
F11_3 77.75     F12_3 77.75     F13_3  0        F14_3 77.75     F15_3 77.75
F11_4  0        F12_4  0        F13_4  0        F14_4 77.75     F15_4 68.1132
;

