MIP Gap (%):  55.46288696861067
_solve_elapsed_time = 28812.5

TotalCost = 5428.21

x [*,*]
# $13 = F11_2
# $14 = F11_3
# $15 = F11_4
# $17 = F12_1
# $18 = F12_2
:      C1 C10  C2  C3  C4  C5  C6  C7  C8  C9 F11 F11_1 $13 $14 $15 F12 $17 $18 :=
C1      .   0   0   0   0   0   0   0   0   0   0    0    0   0   0   0   0   0
C10     0   .   0   0   0   0   0   1   0   0   0    0    0   0   0   0   0   0
C2      0   0   .   0   0   0   0   0   0   0   0    0    0   0   0   0   0   0
C3      0   0   0   .   0   1   0   0   0   0   0    0    0   0   0   0   0   0
C4      0   0   0   0   .   0   1   0   0   0   0    0    0   0   0   0   0   0
C5      0   0   0   0   0   .   0   0   0   0   0    0    0   0   0   0   0   0
C6      0   0   0   0   0   0   .   0   0   0   0    0    0   0   0   0   0   0
C7      0   0   0   0   0   0   0   .   0   1   0    0    0   0   0   0   0   0
C8      0   0   1   0   0   0   0   0   .   0   0    0    0   0   0   0   0   0
C9      1   0   0   0   0   0   0   0   0   .   0    0    0   0   0   0   0   0
F11     0   0   0   0   0   0   0   0   0   0   .    0    0   0   0   0   0   0
F11_1   0   0   0   0   0   0   0   0   0   0   0    .    0   0   0   0   0   0
F11_2   0   0   0   0   0   0   0   0   0   0   0    0    .   0   0   0   0   0
F11_3   0   0   0   0   0   0   0   0   0   0   0    0    0   .   0   0   0   0
F11_4   0   0   0   0   0   0   0   0   0   0   0    0    0   0   .   0   0   0
F12     0   0   0   0   0   0   0   0   0   0   0    0    0   0   0   .   0   0
F12_1   0   0   0   0   0   0   0   0   0   0   0    0    0   0   0   0   .   0
F12_2   0   0   0   0   0   0   0   0   0   0   0    0    0   0   0   0   0   .
F12_3   0   0   0   0   0   0   0   0   0   0   0    0    0   0   0   0   0   0
F12_4   0   0   0   0   0   0   0   0   0   0   0    0    0   0   0   0   0   0
F13     0   1   0   0   0   0   0   0   0   0   0    0    0   0   0   0   0   0
F13_1   0   0   0   0   0   0   0   0   0   0   0    0    0   0   0   0   0   0
F13_2   0   0   0   0   0   0   0   0   0   0   0    0    0   0   0   0   0   0
F13_3   0   0   0   0   0   0   0   0   0   0   0    0    0   0   0   0   0   0
F13_4   0   0   0   0   0   0   0   0   0   0   0    0    0   0   0   0   0   0
F14     0   0   0   1   0   0   0   0   0   0   0    0    0   0   0   0   0   0
F14_1   0   0   0   0   0   0   0   0   0   0   0    0    0   0   0   0   0   0
F14_2   0   0   0   0   0   0   0   0   0   0   0    0    0   0   0   0   0   0
F14_3   0   0   0   0   0   0   0   0   0   0   0    0    0   0   0   0   0   0
F14_4   0   0   0   0   0   0   0   0   0   0   0    0    0   0   0   0   0   0
N0      0   0   0   0   1   0   0   0   1   0   0    0    0   0   0   0   0   0
Nσ      0   0   0   0   0   0   0   0   0   0   0    0    0   0   0   0   0   0

# $12 = F14_4
:     F12_3 F12_4 F13 F13_1 F13_2 F13_3 F13_4 F14 F14_1 F14_2 F14_3 $12  N0  Nσ :=
C1       0     0    0    0     0     0     0    0    1     0     0    0   0   0
C10      0     0    0    0     0     0     0    0    0     0     0    0   0   0
C2       0     0    0    0     0     0     1    0    0     0     0    0   0   0
C3       0     0    0    0     0     0     0    0    0     0     0    0   0   0
C4       0     0    0    0     0     0     0    0    0     0     0    0   0   0
C5       0     0    0    0     0     0     0    0    0     0     0    0   0   1
C6       0     0    0    0     0     0     0    0    0     0     0    0   0   1
C7       0     0    0    0     0     0     0    0    0     0     0    0   0   0
C8       0     0    0    0     0     0     0    0    0     0     0    0   0   0
C9       0     0    0    0     0     0     0    0    0     0     0    0   0   0
F11      0     0    0    0     0     0     0    0    0     0     0    0   0   0
F11_1    0     0    0    0     0     0     0    0    0     0     0    0   0   0
F11_2    0     0    0    0     0     0     0    0    0     0     0    0   0   0
F11_3    0     0    0    0     0     0     0    0    0     0     0    0   0   0
F11_4    0     0    0    0     0     0     0    0    0     0     0    0   0   0
F12      0     0    0    0     0     0     0    0    0     0     0    0   0   0
F12_1    0     0    0    0     0     0     0    0    0     0     0    0   0   0
F12_2    0     0    0    0     0     0     0    0    0     0     0    0   0   0
F12_3    .     0    0    0     0     0     0    0    0     0     0    0   0   0
F12_4    0     .    0    0     0     0     0    0    0     0     0    0   0   0
F13      0     0    .    0     0     0     0    0    0     0     0    0   0   0
F13_1    0     0    0    .     1     0     0    0    0     0     0    0   0   0
F13_2    0     0    1    0     .     0     0    0    0     0     0    0   0   0
F13_3    0     0    0    1     0     .     0    0    0     0     0    0   0   0
F13_4    0     0    0    0     0     1     .    0    0     0     0    0   0   0
F14      0     0    0    0     0     0     0    .    0     0     0    0   0   0
F14_1    0     0    0    0     0     0     0    0    .     0     1    0   0   0
F14_2    0     0    0    0     0     0     0    1    0     .     0    0   0   0
F14_3    0     0    0    0     0     0     0    0    0     0     .    1   0   0
F14_4    0     0    0    0     0     0     0    0    0     1     0    .   0   0
N0       0     0    0    0     0     0     0    0    0     0     0    0   .   0
Nσ       0     0    0    0     0     0     0    0    0     0     0    0   0   .
;

sum{i in D0, j in Vplun} x[i,j] = 2

sum{i in Vall, j in Vall: i != j} x[i,j]*t[i,j] = 278.758

sum{i in F} z[i]*R[i] = 0

sum{i in F, j in Vplunend: i != j} y[i]*x[i,j] = 2

a [*] :=
   C1  551.99        C8   12.1655   F12_1    0        F13_4  231.16
  C10  238.371       C9  442.141    F12_2    0          F14  666.688
   C2  123.355      F11  290.547    F12_3    0        F14_1  666.688
   C3  797.868    F11_1    0        F12_4 1202.61     F14_2  666.688
   C4  996.197    F11_2    0          F13  231.16     F14_3  666.688
   C5 1002.17     F11_3    0        F13_1  231.16     F14_4  666.688
   C6 1109        F11_4    0        F13_2  231.16        N0    0
   C7  333.756      F12    0        F13_3  231.16        Nσ 1236
;

u [*] :=
   C1  50      C6 190   F11_2 200   F12_3   0   F13_4 120      N0 200
  C10 120      C7 110   F11_3  10   F12_4 200     F14  40      Nσ   0
   C2 180      C8 200   F11_4   0     F13 120   F14_1  40
   C3  40      C9  90     F12   0   F13_1 120   F14_2  40
   C4 200     F11 190   F12_1   0   F13_2 120   F14_3  40
   C5  30   F11_1   0   F12_2   0   F13_3 120   F14_4  40
;

v [*] :=
   C1 26.9195        F11_1  0             F13_2  0
  C10 70.5389        F11_2  0             F13_3 26.5904
   C2 44.3949        F11_3 77.75          F13_4 26.5904
   C3 67.9011        F11_4  0               F14 77.75
   C4 58.859           F12 77.75          F14_1  2.2213
   C5 27.5898        F12_1  0             F14_2 77.75
   C6 36.0555        F12_2 77.75          F14_3  8.86525e-05
   C7 65.1537        F12_3  0             F14_4 77.75
   C8 65.5845        F12_4 77.75             N0 77.75
   C9 46.7689          F13 77.75             Nσ  0
  F11  8.7804        F13_1 26.5904
;

y [*] :=
  F11  0
F11_1  0
F11_2  1
F11_3  0
F11_4  0
  F12  0
F12_1  0
F12_2  0
F12_3  0
F12_4  0
  F13  0
F13_1  0
F13_2  1
F13_3  0
F13_4  0
  F14  0
F14_1  0
F14_2  0
F14_3  0.999999
F14_4  0
;

z [*] :=
  F11  1
F11_1  1
F11_2  0
F11_3  1
F11_4  1
  F12  1
F12_1  1
F12_2  1
F12_3  1
F12_4  1
  F13  1
F13_1  1
F13_2  0
F13_3  1
F13_4  1
  F14  1
F14_1  1
F14_2  1
F14_3  1.14019e-06
F14_4  1
;

R [*] :=
  F11  0
F11_1  0
F11_2  0
F11_3  0
F11_4  0
  F12  0
F12_1  0
F12_2  0
F12_3  0
F12_4  0
  F13  0
F13_1  0
F13_2  0
F13_3  0
F13_4  0
  F14  0
F14_1  0
F14_2  0
F14_3  0
F14_4  0
;

Y [*] :=
  F11   8.7804
F11_1   0
F11_2  77.75
F11_3  77.75
F11_4   0
  F12  77.75
F12_1   0
F12_2  77.75
F12_3   0
F12_4  77.75
  F13  77.75
F13_1  26.5904
F13_2  77.75
F13_3  26.5904
F13_4  26.5904
  F14  77.75
F14_1   2.2213
F14_2  77.75
F14_3  77.75
F14_4  77.75
;

