MIP Gap (%):  58.29157176166522
_solve_elapsed_time = 28803.9

TotalCost = 4461.2

x [*,*]
# $13 = F11_2
# $14 = F11_3
# $15 = F11_4
:      C1 C10  C2  C3  C4      C5     C6  C7  C8  C9 F11 F11_1 $13 $14 $15 F12 :=
C1      .   0   0   0   0   0          0   0   0   0   0    0    0   0   0   0
C10     0   .   0   0   0   0          0   0   0   0   0    0    0   0   0   0
C2      0   1   .   0   0   0          0   0   0   0   0    0    0   0   0   0
C3      1   0   0   .   0   0          0   0   0   0   0    0    0   0   0   0
C4      0   0   0   0   .   0          0   0   1   0   0    0    0   0   0   0
C5      0   0   0   0   0    .         0   0   0   0   0    0    0   0   0   0
C6      0   0   0   0   0   0          .   0   0   0   0    0    0   0   0   0
C7      0   0   1   0   0   0          0   .   0   0   0    0    0   0   0   0
C8      0   0   0   0   0   0          0   0   .   1   0    0    0   0   0   0
C9      0   0   0   0   0   0          1   0   0   .   0    0    0   0   0   0
F11     0   0   0   0   0   0          0   0   0   0   .    0    0   0   0   0
F11_1   0   0   0   0   0   0          0   0   0   0   0    .    0   0   0   0
F11_2   0   0   0   0   0   0          0   0   0   0   0    0    .   0   0   0
F11_3   0   0   0   0   0   0          0   0   0   0   0    0    0   .   0   0
F11_4   0   0   0   1   0   0          0   0   0   0   0    0    0   0   .   0
F12     0   0   0   0   0   0          0   0   0   0   0    0    0   0   0   .
F12_1   0   0   0   0   0   0          0   0   0   0   0    0    0   0   0   0
F12_2   0   0   0   0   0   0          0   0   0   0   0    0    0   0   0   1
F12_3   0   0   0   0   0   0          0   0   0   0   0    0    0   0   0   0
F12_4   0   0   0   0   0   0          0   0   0   0   0    0    0   0   0   0
F13     0   0   0   0   0   0          0   0   0   0   0    0    0   0   0   0
F13_1   0   0   0   0   0   0          0   0   0   0   0    0    0   0   0   0
F13_2   0   0   0   0   0   0          0   0   0   0   0    0    0   0   0   0
F13_3   0   0   0   0   0   0          0   0   0   0   0    0    0   0   0   0
F13_4   0   0   0   0   1   0          0   0   0   0   0    0    0   0   0   0
F14     0   0   0   0   0   0          0   0   0   0   0    0    0   0   0   0
F14_1   0   0   0   0   0   0          0   0   0   0   0    0    0   0   0   0
F14_2   0   0   0   0   0   0          0   0   0   0   0    0    0   0   0   0
F14_3   0   0   0   0   0   0          0   0   0   0   0    0    0   0   0   0
F14_4   0   0   0   0   0   0          0   0   0   0   0    0    0   0   0   0
F15     0   0   0   0   0   0          0   0   0   0   0    0    0   0   0   0
F15_1   0   0   0   0   0   0          0   0   0   0   0    0    0   0   0   0
F15_2   0   0   0   0   0   0          0   0   0   0   0    0    0   0   0   0
F15_3   0   0   0   0   0   0          0   0   0   0   0    0    0   0   0   0
F15_4   0   0   0   0   0   0          0   0   0   0   0    0    0   0   0   0
N0      0   0   0   0   0   0.999999   0   1   0   0   0    0    0   0   1   0
Nσ      0   0   0   0   0   0          0   0   0   0   0    0    0   0   0   0

# $2 = F12_2
# $3 = F12_3
# $4 = F12_4
# $6 = F13_1
# $7 = F13_2
# $8 = F13_3
# $9 = F13_4
# $11 = F14_1
# $12 = F14_2
# $13 = F14_3
# $14 = F14_4
# $16 = F15_1
# $17 = F15_2
# $18 = F15_3
:     F12_1  $2  $3  $4 F13  $6  $7  $8  $9 F14 $11 $12 $13 $14 F15 $16 $17 $18 :=
C1       0    0   0   0   0   0   0   0   0   0   0   0   0   0   0   0   0   0
C10      0    0   0   0   0   0   0   0   1   0   0   0   0   0   0   0   0   0
C2       0    0   0   0   0   0   0   0   0   0   0   0   0   0   0   0   0   0
C3       0    0   0   0   0   0   0   0   0   0   0   0   0   0   0   0   0   0
C4       0    0   0   0   0   0   0   0   0   0   0   0   0   0   0   0   0   0
C5       0    0   0   0   0   0   0   0   0   0   0   0   0   0   0   0   0   0
C6       0    0   0   0   0   0   0   0   0   0   0   0   0   0   0   0   0   0
C7       0    0   0   0   0   0   0   0   0   0   0   0   0   0   0   0   0   0
C8       0    0   0   0   0   0   0   0   0   0   0   0   0   0   0   0   0   0
C9       0    0   0   0   0   0   0   0   0   0   0   0   0   0   0   0   0   0
F11      0    0   0   0   0   0   0   0   0   0   0   0   0   0   0   0   0   0
F11_1    0    0   0   0   0   0   0   0   0   0   0   0   0   0   0   0   0   0
F11_2    0    0   0   0   0   0   0   0   0   0   0   0   0   0   0   0   0   0
F11_3    0    0   0   0   0   0   0   0   0   0   0   0   0   0   0   0   0   0
F11_4    0    0   0   0   0   0   0   0   0   0   0   0   0   0   0   0   0   0
F12      1    0   0   0   0   0   0   0   0   0   0   0   0   0   0   0   0   0
F12_1    .    0   0   1   0   0   0   0   0   0   0   0   0   0   0   0   0   0
F12_2    0    .   0   0   0   0   0   0   0   0   0   0   0   0   0   0   0   0
F12_3    0    0   .   0   0   0   0   0   0   0   0   0   0   0   0   0   0   0
F12_4    0    1   0   .   0   0   0   0   0   0   0   0   0   0   0   0   0   0
F13      0    0   0   0   .   0   0   0   0   0   0   0   0   0   0   0   0   0
F13_1    0    0   0   0   0   .   0   0   0   0   0   0   0   0   0   0   0   0
F13_2    0    0   0   0   0   0   .   0   0   0   0   0   0   0   0   0   0   0
F13_3    0    0   0   0   0   0   0   .   0   0   0   0   0   0   0   0   0   0
F13_4    0    0   0   0   0   0   0   0   .   0   0   0   0   0   0   0   0   0
F14      0    0   0   0   0   0   0   0   0   .   0   0   0   0   0   0   0   0
F14_1    0    0   0   0   0   0   0   0   0   0   .   0   0   0   0   0   0   0
F14_2    0    0   0   0   0   0   0   0   0   0   0   .   0   0   0   0   0   0
F14_3    0    0   0   0   0   0   0   0   0   0   0   0   .   0   0   0   0   0
F14_4    0    0   0   0   0   0   0   0   0   0   0   0   0   .   0   0   0   0
F15      0    0   0   0   0   0   0   0   0   0   0   0   0   0   .   0   0   0
F15_1    0    0   0   0   0   0   0   0   0   0   0   0   0   0   0   .   0   0
F15_2    0    0   0   0   0   0   0   0   0   0   0   0   0   0   0   0   .   0
F15_3    0    0   0   0   0   0   0   0   0   0   0   0   0   0   0   0   0   .
F15_4    0    0   0   0   0   0   0   0   0   0   0   0   0   0   0   0   0   0
N0       0    0   0   0   0   0   0   0   0   0   0   0   0   0   0   0   0   0
Nσ       0    0   0   0   0   0   0   0   0   0   0   0   0   0   0   0   0   0

:     F15_4  N0      Nσ       :=
C1       0    0   1
C10      0    0   0
C2       0    0   0
C3       0    0   0
C4       0    0   0
C5       0    0   0.999999
C6       0    0   1
C7       0    0   0
C8       0    0   0
C9       0    0   0
F11      0    0   0
F11_1    0    0   0
F11_2    0    0   0
F11_3    0    0   0
F11_4    0    0   0
F12      0    0   0
F12_1    0    0   0
F12_2    0    0   0
F12_3    0    0   0
F12_4    0    0   0
F13      0    0   0
F13_1    0    0   0
F13_2    0    0   0
F13_3    0    0   0
F13_4    0    0   0
F14      0    0   0
F14_1    0    0   0
F14_2    0    0   0
F14_3    0    0   0
F14_4    0    0   0
F15      0    0   0
F15_1    0    0   0
F15_2    0    0   0
F15_3    0    0   0
F15_4    .    0   0
N0       0    .   0
Nσ       0    0    .
;

sum{i in D0, j in Vplun} x[i,j] = 3

sum{i in Vall, j in Vall: i != j} x[i,j]*t[i,j] = 274.088

sum{i in F} z[i]*R[i] = 0

sum{i in F, j in Vplunend: i != j} y[i]*x[i,j] = 1

a [*] :=
   C1 3186.43      C8 2664      F12_1    0      F13_4 1640.39   F15_2 3390
  C10  657         C9 2950.92   F12_2    0        F14 3390      F15_3 3167.22
   C2  463        F11 3167.22   F12_3 1631.78   F14_1 3390      F15_4    0
   C3 1801      F11_1 3390      F12_4    0      F14_2 3390         N0    0
   C4 2094      F11_2 3390        F13 3390      F14_3 3390         Nσ 3390
   C5 1725      F11_3 1592.43   F13_1 3390      F14_4 3390
   C6 3047      F11_4    0      F13_2 3390        F15    0
   C7  276        F12    0      F13_3 3390      F15_1 3390
;

u [*] :=
   C1  10      C7 700   F11_4 700   F13_1 700   F14_3   0      N0 700
  C10 130      C8  70     F12   0   F13_2 700   F14_4   0      Nσ   0
   C2 690      C9  30   F12_1   0   F13_3 700     F15   0
   C3  30     F11 700   F12_2   0   F13_4 110   F15_1   0
   C4 110   F11_1 700   F12_3   0     F14   0   F15_2 700
   C5  40   F11_2 700   F12_4   0   F14_1   0   F15_3 700
   C6  20   F11_3 700     F13 700   F14_2 700   F15_4   0
;

v [*] :=
   C1 24.1661        F11_3  0             F14_1 77.75
  C10 41.3038        F11_4 74.9121        F14_2  0
   C2 54.9053          F12  0             F14_3 77.75
   C3 43.8638        F12_1  0             F14_4 77.75
   C4 75.5139        F12_2  0               F15  2.15037e-05
   C5 42.6929        F12_3  0             F15_1  0
   C6 24.9478        F12_4  0             F15_2  5.89224e-05
   C7 61.9764          F13  0             F15_3  0
   C8 44.0306        F13_1  0             F15_4 77.75
   C9 31.0306        F13_2  0                N0 77.75
  F11  0             F13_3  0                Nσ  0
F11_1  0             F13_4  0
F11_2  0               F14 77.75
;

y [*] :=
  F11 0   F11_4 0   F12_3 1   F13_2 0   F14_1 0     F15 0   F15_4 0
F11_1 0     F12 0   F12_4 0   F13_3 0   F14_2 0   F15_1 0
F11_2 0   F12_1 0     F13 0   F13_4 1   F14_3 0   F15_2 0
F11_3 0   F12_2 0   F13_1 0     F14 0   F14_4 0   F15_3 0
;

z [*] :=
  F11 1   F11_4 1   F12_3 0   F13_2 1   F14_1 1     F15 1   F15_4 1
F11_1 1     F12 1   F12_4 1   F13_3 1   F14_2 1   F15_1 1
F11_2 1   F12_1 1     F13 1   F13_4 0   F14_3 1   F15_2 1
F11_3 1   F12_2 1   F13_1 1     F14 1   F14_4 1   F15_3 1
;

R [*] :=
  F11 0   F11_4 0   F12_3 0   F13_2 0   F14_1 0     F15 0   F15_4 0
F11_1 0     F12 0   F12_4 0   F13_3 0   F14_2 0   F15_1 0
F11_2 0   F12_1 0     F13 0   F13_4 0   F14_3 0   F15_2 0
F11_3 0   F12_2 0   F13_1 0     F14 0   F14_4 0   F15_3 0
;

Y [*] :=
  F11  0             F12_4  0             F14_3 77.75
F11_1  0               F13  0             F14_4 77.75
F11_2  0             F13_1  0               F15  2.15037e-05
F11_3  0             F13_2  0             F15_1  0
F11_4 74.9121        F13_3  0             F15_2  5.89224e-05
  F12  0             F13_4 77.75          F15_3  0
F12_1  0               F14 77.75          F15_4 77.75
F12_2  0             F14_1 77.75
F12_3 77.75          F14_2  0
;

