MIP Gap (%):  31.31205465451537
_solve_elapsed_time = 28806.7

TotalCost = 4923.45

x [*,*]
# $13 = F11_2
# $14 = F11_3
# $15 = F11_4
# $17 = F12_1
# $18 = F12_2
:      C1 C10  C2  C3  C4  C5  C6  C7  C8  C9 F11 F11_1 $13 $14 $15 F12 $17 $18 :=
C1      .   0   0   0   0   0   0   0   0   0   0    0    0   0   0   0   0   0
C10     0   .   1   0   0   0   0   0   0   0   0    0    0   0   0   0   0   0
C2      1   0   .   0   0   0   0   0   0   0   0    0    0   0   0   0   0   0
C3      0   0   0   .   0   0   0   0   0   0   0    0    0   0   0   0   0   0
C4      0   0   0   1   .   0   0   0   0   0   0    0    0   0   0   0   0   0
C5      0   0   0   0   0   .   0   0   0   0   0    0    0   0   0   1   0   0
C6      0   0   0   0   0   0   .   0   1   0   0    0    0   0   0   0   0   0
C7      0   0   0   0   0   0   0   .   0   0   0    0    0   0   0   0   0   0
C8      0   0   0   0   0   1   0   0   .   0   0    0    0   0   0   0   0   0
C9      0   0   0   0   1   0   0   0   0   .   0    0    0   0   0   0   0   0
F11     0   0   0   0   0   0   0   0   0   0   .    0    0   0   0   0   0   0
F11_1   0   0   0   0   0   0   0   0   0   0   0    .    0   0   0   0   0   0
F11_2   0   0   0   0   0   0   0   0   0   0   0    0    .   0   1   0   0   0
F11_3   0   0   0   0   0   0   0   0   0   0   0    0    1   .   0   0   0   0
F11_4   0   0   0   0   0   0   0   0   0   0   0    0    0   1   .   0   0   0
F12     0   1   0   0   0   0   0   0   0   0   0    0    0   0   0   .   0   0
F12_1   0   0   0   0   0   0   0   0   0   0   0    0    0   0   0   0   .   0
F12_2   0   0   0   0   0   0   0   0   0   0   0    0    0   0   0   0   0   .
F12_3   0   0   0   0   0   0   0   0   0   0   0    0    0   0   0   0   0   0
F12_4   0   0   0   0   0   0   0   0   0   0   0    0    0   0   0   0   0   0
F13     0   0   0   0   0   0   0   0   0   1   0    0    0   0   0   0   0   0
F13_1   0   0   0   0   0   0   0   0   0   0   0    0    0   0   0   0   0   0
F13_2   0   0   0   0   0   0   0   0   0   0   0    0    0   0   0   0   0   0
F13_3   0   0   0   0   0   0   0   0   0   0   0    0    0   0   0   0   0   0
F13_4   0   0   0   0   0   0   0   0   0   0   0    0    0   0   0   0   0   0
N0      0   0   0   0   0   0   1   1   0   0   0    0    0   0   0   0   0   0
Nσ      0   0   0   0   0   0   0   0   0   0   0    0    0   0   0   0   0   0

:     F12_3 F12_4 F13 F13_1 F13_2 F13_3 F13_4  N0  Nσ    :=
C1       0     0    0    0     0     0     0    0   1
C10      0     0    0    0     0     0     0    0   0
C2       0     0    0    0     0     0     0    0   0
C3       0     0    0    0     0     0     0    0   1
C4       0     0    0    0     0     0     0    0   0
C5       0     0    0    0     0     0     0    0   0
C6       0     0    0    0     0     0     0    0   0
C7       0     0    0    0     0     0     1    0   0
C8       0     0    0    0     0     0     0    0   0
C9       0     0    0    0     0     0     0    0   0
F11      0     0    0    0     0     0     0    0   0
F11_1    0     0    0    0     0     0     0    0   0
F11_2    0     0    0    0     0     0     0    0   0
F11_3    0     0    0    0     0     0     0    0   0
F11_4    0     0    0    0     0     0     0    0   0
F12      0     0    0    0     0     0     0    0   0
F12_1    0     0    0    0     0     0     0    0   0
F12_2    0     0    0    0     0     0     0    0   0
F12_3    .     0    0    0     0     0     0    0   0
F12_4    0     .    0    0     0     0     0    0   0
F13      0     0    .    0     0     0     0    0   0
F13_1    0     0    0    .     0     0     0    0   0
F13_2    0     0    1    0     .     0     0    0   0
F13_3    0     0    0    0     0     .     0    0   0
F13_4    0     0    0    0     1     0     .    0   0
N0       0     0    0    0     0     0     0    .   0
Nσ       0     0    0    0     0     0     0    0   .
;

sum{i in D0, j in Vplun} x[i,j] = 2

sum{i in Vall, j in Vall: i != j} x[i,j]*t[i,j] = 228.281

sum{i in F} z[i]*R[i] = 0

sum{i in F, j in Vplunend: i != j} y[i]*x[i,j] = 2

a [*] :=
   C1 3127          C7  828       F11_4    0       F13_1    0
  C10 2456          C8  327         F12  806       F13_2  930.042
   C2 2841          C9 1270       F12_1 3390       F13_3 2240.49
   C3 2720         F11 3390       F12_2    0       F13_4  930.042
   C4 1455       F11_1 3390       F12_3  149.915      N0    0
   C5  708       F11_2    0       F12_4    0          Nσ 3390
   C6   38       F11_3    0         F13  930.042
;

u [*] :=
   C1  20      C5  80     F11 700     F12  70     F13  60      N0 700
  C10  70      C6 700   F11_1   0   F12_1 700   F13_1   0      Nσ   0
   C2  30      C7  70   F11_2   0   F12_2   0   F13_2  60
   C3  10      C8  90   F11_3   0   F12_3   0   F13_3   0
   C4  30      C9  60   F11_4   0   F12_4   0   F13_4  60
;

v [*] :=
   C1 11.6619      C6 36.2258   F11_2  0        F12_3 77.75     F13_4  0
  C10 36.13        C7 61.1971   F11_3  0        F12_4  0           N0 77.75
   C2 23.3238      C8 18.198    F11_4  0          F13 77.75        Nσ  0
   C3 21.3124      C9 56.7262     F12  0        F13_1  0
   C4 51.7262     F11 77.75     F12_1  0        F13_2  0
   C5  8        F11_1 77.75     F12_2 77.75     F13_3 77.75
;

y [*] :=
  F11  0
F11_1  0
F11_2  0
F11_3  0
F11_4  0
  F12  1
F12_1  0
F12_2  0
F12_3  0
F12_4  0
  F13  0
F13_1  0
F13_2  1
F13_3  0
F13_4  0
;

z [*] :=
  F11  1
F11_1  1
F11_2  1
F11_3  1
F11_4  1
  F12  0
F12_1  1
F12_2  1
F12_3  1
F12_4  1
  F13  1
F13_1  1
F13_2  0
F13_3  1
F13_4  1
;

R [*] :=
  F11  0
F11_1  0
F11_2  0
F11_3  0
F11_4  0
  F12  0
F12_1  0
F12_2  0
F12_3  0
F12_4  0
  F13  0
F13_1  0
F13_2  0
F13_3  0
F13_4  0
;

Y [*] :=
  F11  77.75
F11_1  77.75
F11_2   0
F11_3   0
F11_4   0
  F12  77.75
F12_1   0
F12_2  77.75
F12_3  77.75
F12_4   0
  F13  77.75
F13_1   0
F13_2  77.75
F13_3  77.75
F13_4   0
;

