MIP Gap (%):  54.30562197683728
_solve_elapsed_time = 28804.9

TotalCost = 4743.78

x [*,*]
# $12 = F11_1
# $13 = F11_2
# $14 = F11_3
# $15 = F11_4
:      C1 C10  C2  C3  C4  C5  C6  C7  C8  C9 F11 $12 $13 $14 $15      F12   :=
C1      .   0   0   0   0   0   0   0   0   0   0   0   0   0   0   0
C10     0   .   0   0   0   0   0   0   0   0   0   0   0   0   0   0
C2      1   0   .   0   0   0   0   0   0   0   0   0   0   0   0   0
C3      0   0   0   .   0   0   0   1   0   0   0   0   0   0   0   0
C4      0   0   1   0   .   0   0   0   0   0   0   0   0   0   0   0
C5      0   0   0   0   0   .   0   0   0   0   0   0   0   0   1   0
C6      0   0   0   0   0   0   .   0   0   0   0   0   0   0   0   0
C7      0   0   0   0   0   0   0   .   0   0   0   0   0   0   0   0
C8      0   0   0   0   0   0   0   0   .   0   0   0   0   0   0   0
C9      0   1   0   0   0   0   0   0   0   .   0   0   0   0   0   0
F11     0   0   0   0   0   0   0   0   0   0   .   0   1   0   0   0
F11_1   0   0   0   0   0   0   0   0   0   0   0   .   0   0   0   0
F11_2   0   0   0   0   0   0   0   0   0   0   0   0   .   0   0   0
F11_3   0   0   0   0   0   0   0   0   0   0   0   0   0   .   0   0
F11_4   0   0   0   0   0   0   0   0   0   0   1   0   0   0   .   0
F12     0   0   0   0   0   0   0   0   0   0   0   0   0   0   0    .
F12_1   0   0   0   0   0   0   0   0   0   0   0   0   0   0   0   2.0251e-06
F12_2   0   0   0   0   0   0   0   0   0   0   0   0   0   0   0   0
F12_3   0   0   0   0   0   1   0   0   0   0   0   0   0   0   0   0
F12_4   0   0   0   0   0   0   0   0   0   0   0   0   0   0   0   0
F13     0   0   0   0   0   0   0   0   0   0   0   0   0   0   0   0
F13_1   0   0   0   0   0   0   0   0   0   0   0   0   0   0   0   0
F13_2   0   0   0   0   0   0   0   0   0   0   0   0   0   0   0   0
F13_3   0   0   0   0   0   0   0   0   0   0   0   0   0   0   0   0
F13_4   0   0   0   0   0   0   0   0   0   0   0   0   0   0   0   0
F14     0   0   0   0   0   0   0   0   0   0   0   0   0   0   0   0
F14_1   0   0   0   0   0   0   0   0   0   0   0   0   0   0   0   0
F14_2   0   0   0   0   0   0   0   0   0   0   0   0   0   0   0   0
F14_3   0   0   0   0   0   0   0   0   0   0   0   0   0   0   0   0
F14_4   0   0   0   0   0   0   0   0   0   0   0   0   0   0   0   0
N0      0   0   0   1   1   0   1   0   1   1   0   0   0   0   0   0
Nσ      0   0   0   0   0   0   0   0   0   0   0   0   0   0   0   0

# $1 = F12_1
# $6 = F13_1
# $7 = F13_2
# $8 = F13_3
# $9 = F13_4
# $11 = F14_1
:      $1      F12_2         F12_3         F12_4    F13  $6  $7  $8  $9 F14 $11 :=
C1      0   0             0             0             0   0   0   0   0   0   0
C10     0   0             0             0             0   0   0   0   0   0   0
C2      0   0             0             0             0   0   0   0   0   0   0
C3      0   0             0             0             0   0   0   0   0   0   0
C4      0   0             0             0             0   0   0   0   0   0   0
C5      0   0             0             0             0   0   0   0   0   0   0
C6      1   0             0             0             0   0   0   0   0   0   0
C7      0   0             0             0             0   0   0   0   0   0   0
C8      0   0             0             0             0   0   0   0   0   0   0
C9      0   0             0             0             0   0   0   0   0   0   0
F11     0   0             0             0             0   0   0   0   0   0   0
F11_1   0   0             0             0             0   0   0   0   0   0   0
F11_2   0   0             0             0             0   0   0   0   0   0   0
F11_3   0   0             0             0             0   0   0   0   0   0   0
F11_4   0   0             0             0             0   0   0   0   0   0   0
F12     0   0             0             2.02343e-06   0   0   0   0   0   0   0
F12_1   .   0             0.999998      0             0   0   0   0   0   0   0
F12_2   0    .            2.02507e-06   0             0   0   0   0   0   0   0
F12_3   0   0              .            0             0   0   0   0   0   0   0
F12_4   0   2.02173e-06   0              .            0   0   0   0   0   0   0
F13     0   0             0             0             .   0   0   0   0   0   0
F13_1   0   0             0             0             0   .   0   0   0   0   0
F13_2   0   0             0             0             0   0   .   0   0   0   0
F13_3   0   0             0             0             0   0   0   .   0   0   0
F13_4   0   0             0             0             0   0   0   0   .   0   0
F14     0   0             0             0             0   0   0   0   0   .   0
F14_1   0   0             0             0             0   0   0   0   0   0   .
F14_2   0   0             0             0             0   0   0   0   0   0   0
F14_3   0   0             0             0             0   0   0   0   0   0   0
F14_4   0   0             0             0             0   0   0   0   0   0   0
N0      0   0             0             0             0   0   0   0   0   0   0
Nσ      0   0             0             0             0   0   0   0   0   0   0

:     F14_2 F14_3 F14_4  N0  Nσ    :=
C1       0     0     0    0   1
C10      0     0     0    0   1
C2       0     0     0    0   0
C3       0     0     0    0   0
C4       0     0     0    0   0
C5       0     0     0    0   0
C6       0     0     0    0   0
C7       0     0     0    0   1
C8       0     0     0    0   1
C9       0     0     0    0   0
F11      0     0     0    0   0
F11_1    0     0     0    0   0
F11_2    0     0     0    0   1
F11_3    0     0     0    0   0
F11_4    0     0     0    0   0
F12      0     0     0    0   0
F12_1    0     0     0    0   0
F12_2    0     0     0    0   0
F12_3    0     0     0    0   0
F12_4    0     0     0    0   0
F13      0     0     0    0   0
F13_1    0     0     0    0   0
F13_2    0     0     0    0   0
F13_3    0     0     0    0   0
F13_4    0     0     0    0   0
F14      0     0     0    0   0
F14_1    0     0     0    0   0
F14_2    .     0     0    0   0
F14_3    0     .     0    0   0
F14_4    0     0     .    0   0
N0       0     0     0    .   0
Nσ       0     0     0    0   .
;

sum{i in D0, j in Vplun} x[i,j] = 5

sum{i in Vall, j in Vall: i != j} x[i,j]*t[i,j] = 262.639

sum{i in F} z[i]*R[i] = 11.1739

sum{i in F, j in Vplunend: i != j} y[i]*x[i,j] = 0

a [*] :=
   C1  817          C8   31       F12_1  172.44    F13_4 1000
  C10  965          C9  436       F12_2  561.216     F14  795.767
   C2  547         F11 1000       F12_3  605.658   F14_1  751.325
   C3  377       F11_1  488.881   F12_4  516.774   F14_2 1000
   C4  124.066   F11_2 1000         F13 1000       F14_3 1000
   C5  660       F11_3  444.439   F13_1 1000       F14_4 1000
   C6  152       F11_4  704       F13_2  980          N0    0
   C7  511         F12  339.883   F13_3 1000          Nσ 1000
;

u [*] :=
   C1  960      C6 1000   F11_2    0   F12_3  973   F13_4  973      N0 1000
  C10  973      C7  988   F11_3  950   F12_4  973     F14  973      Nσ    0
   C2  973      C8 1000   F11_4  950     F13  973   F14_1  973
   C3 1000      C9 1000     F12  973   F13_1  973   F14_2  973
   C4 1000     F11  950   F12_1  973   F13_2  973   F14_3  973
   C5  973   F11_1  946   F12_2  973   F13_3  973   F14_4  973
;

v [*] :=
   C1 19.6977        F11_1  0             F13_2  0
  C10 24.0416        F11_2  0             F13_3  0
   C2 26.9088        F11_3 60.63          F13_4  0
   C3 37.059         F11_4  0               F14  0
   C4 54.3054          F12  3.90914e-05   F14_1  0
   C5 34             F12_1 32.7255        F14_2  0
   C6 43.1658        F12_2  0.000123085   F14_3  0
   C7 24.3311        F12_3 43.8995        F14_4  0
   C8 22.4722        F12_4 60.6299           N0 60.63
   C9 36.0832          F13  0                Nσ  0
  F11  0             F13_1  0
;

y [*] :=
  F11  0
F11_1  0
F11_2  0
F11_3  0
F11_4  0
  F12  0
F12_1  0
F12_2  0
F12_3  0
F12_4  0
  F13  0
F13_1  0
F13_2  0
F13_3  0
F13_4  0
  F14  0
F14_1  0
F14_2  0
F14_3  0
F14_4  0
;

z [*] :=
  F11  1
F11_1  1
F11_2  1
F11_3  1
F11_4  1
  F12  1
F12_1  1
F12_2  1
F12_3  1
F12_4  1
  F13  1
F13_1  1
F13_2  1
F13_3  1
F13_4  1
  F14  1
F14_1  1
F14_2  1
F14_3  1
F14_4  1
;

R [*] :=
  F11   0
F11_1   0
F11_2   0
F11_3   0
F11_4   0
  F12   0
F12_1  11.1739
F12_2   0
F12_3   0
F12_4   0
  F13   0
F13_1   0
F13_2   0
F13_3   0
F13_4   0
  F14   0
F14_1   0
F14_2   0
F14_3   0
F14_4   0
;

Y [*] :=
  F11   0
F11_1   0
F11_2   0
F11_3  60.63
F11_4   0
  F12   3.90914e-05
F12_1  43.8994
F12_2   0.000123085
F12_3  43.8995
F12_4  60.6299
  F13   0
F13_1   0
F13_2   0
F13_3   0
F13_4   0
  F14   0
F14_1   0
F14_2   0
F14_3   0
F14_4   0
;

