MIP Gap (%):  79.4751216791417
_solve_elapsed_time = 28808.9

TotalCost = 8637.98

x [*,*]
:          C1    C10  C2  C3      C4     C5      C6     C7      C8       :=
C1       .         1   0   0   0          0   0          0   0
C10     0          .   0   0   0          0   0          1   0
C2      0          0   .   0   0          0   0          0   0
C3      0          0   0   .   0          0   0          0   0
C4      0          0   0   0    .         0   0          0   0
C5      0          0   0   0   0          .   0          0   0
C6      0.999999   0   0   0   0          0    .         0   0
C7      0          0   0   0   0          0   0          .   0
C8      0          0   0   0   0          0   0          0    .
C9      0          0   0   0   0          0   0          0   0
F11     0          0   0   0   0          0   0          0   0
F11_1   0          0   0   0   0          0   0          0   0
F11_2   0          0   0   0   0          0   0          0   0
F11_3   0          0   0   0   0          0   0          0   0
F11_4   0          0   0   0   0          0   0          0   0
F12     0          0   0   0   0.999999   0   0          0   0
F12_1   0          0   0   0   0          0   0          0   0
F12_2   0          0   0   0   0          0   0          0   0
F12_3   0          0   0   0   0          0   0          0   0
F12_4   0          0   0   0   0          0   0          0   0
F13     0          0   0   0   0          0   0          0   0
F13_1   0          0   1   0   0          0   0          0   0
F13_2   0          0   0   0   0          0   0          0   0
F13_3   0          0   0   0   0          0   0          0   0
F13_4   0          0   0   0   0          0   0          0   0
F14     0          0   0   0   0          0   0          0   0
F14_1   0          0   0   0   0          0   0          0   0
F14_2   0          0   0   0   0          0   0          0   0
F14_3   0          0   0   0   0          0   0          0   0
F14_4   0          0   0   0   0          0   0          0   0
F15     0          0   0   0   0          0   0          0   0
F15_1   0          0   0   0   0          0   0          0   0
F15_2   0          0   0   0   0          0   0          0   0
F15_3   0          0   0   0   0          0   0          0   0
F15_4   0          0   0   0   0          0   0          0   0
N0      0          0   0   1   0          1   0.999999   0   0.999999
Nσ      0          0   0   0   0          0   0          0   0

# $6 = F11_4
# $10 = F12_3
:          C9    F11 F11_1 F11_2 F11_3  $6     F12       F12_1      F12_2   $10 :=
C1      0          0    0     0     0    0   0          0          0          0
C10     0          0    0     0     0    0   0          0          0          0
C2      0          0    0     0     0    0   0          0          0          0
C3      0          0    0     0     0    0   0          0          0          0
C4      0          0    0     0     0    0   0          0          0          0
C5      0.999999   0    0     0     0    0   0          0          0          0
C6      0          0    0     0     0    0   0          0          0          0
C7      0          0    0     0     0    0   0          0          0          0
C8      0          0    0     0     0    0   0          0          0          0
C9       .         0    0     0     0    0   0          0.999999   0          0
F11     0          .    0     0     0    0   0          0          0          0
F11_1   0          0    .     0     0    0   0          0          0          0
F11_2   0          0    0     .     0    0   0          0          0          0
F11_3   0          0    0     0     .    0   0          0          0          0
F11_4   0          0    0     0     0    .   0          0          0          0
F12     0          0    0     0     0    0    .         0          0          0
F12_1   0          0    0     0     0    0   0           .         0.999999   0
F12_2   0          0    0     0     0    0   0          0           .         0
F12_3   0          0    0     0     0    0   0          0          0          .
F12_4   0          0    0     0     0    0   0.999999   0          0          0
F13     0          0    0     0     0    0   0          0          0          0
F13_1   0          0    0     0     0    0   0          0          0          0
F13_2   0          0    0     0     0    0   0          0          0          0
F13_3   0          0    0     0     0    0   0          0          0          0
F13_4   0          0    0     0     0    0   0          0          0          0
F14     0          0    0     0     0    0   0          0          0          0
F14_1   0          0    0     0     0    0   0          0          0          0
F14_2   0          0    0     0     0    0   0          0          0          0
F14_3   0          0    0     0     0    0   0          0          0          0
F14_4   0          0    0     0     0    0   0          0          0          0
F15     0          0    0     0     0    0   0          0          0          0
F15_1   0          0    0     0     0    0   0          0          0          0
F15_2   0          0    0     0     0    0   0          0          0          0
F15_3   0          0    0     0     0    0   0          0          0          0
F15_4   0          0    0     1     0    0   0          0          0          0
N0      0          0    0     0     0    0   0          0          0          0
Nσ      0          0    0     0     0    0   0          0          0          0

# $5 = F13_3
# $6 = F13_4
# $8 = F14_1
# $9 = F14_2
# $10 = F14_3
# $11 = F14_4
# $13 = F15_1
:        F12_4   F13    F13_1      F13_2    $5  $6 F14  $8  $9 $10 $11 F15 $13 :=
C1      0          0   0          0          0   0   0   0   0   0   0   0   0
C10     0          0   0          0          0   0   0   0   0   0   0   0   0
C2      0          0   0          0          0   0   0   0   0   0   0   0   0
C3      0          0   0          0          0   0   0   0   0   0   0   0   0
C4      0          0   0          0          0   0   0   0   0   0   0   0   0
C5      0          0   0          0          0   0   0   0   0   0   0   0   0
C6      0          0   0          0          0   0   0   0   0   0   0   0   0
C7      0          0   0          0          0   0   0   0   0   0   0   0   0
C8      0          0   0          0          0   0   0   0   0   0   0   0   0
C9      0          0   0          0          0   0   0   0   0   0   0   0   0
F11     0          0   0          0          0   0   0   0   0   0   0   0   0
F11_1   0          0   0          0          0   0   0   0   0   0   0   0   0
F11_2   0          0   0          0          0   0   0   0   0   0   0   0   0
F11_3   0          0   0          0          0   0   0   0   0   0   0   0   0
F11_4   0          0   0          0          0   0   0   0   0   0   0   0   0
F12     0          0   0          0          0   0   0   0   0   0   0   0   0
F12_1   0          0   0          0          0   0   0   0   0   0   0   0   0
F12_2   0.999999   0   0          0          0   0   0   0   0   0   0   0   0
F12_3   0          0   0          0          0   0   0   0   0   0   0   0   0
F12_4    .         0   0          0          0   0   0   0   0   0   0   0   0
F13     0          .   0          0          0   0   0   0   0   0   0   0   0
F13_1   0          0    .         0          0   0   0   0   0   0   0   0   0
F13_2   0          0   0.999999    .         0   0   0   0   0   0   0   0   0
F13_3   0          0   0          0          .   0   0   0   0   0   0   0   0
F13_4   0          0   0          0          0   .   0   0   0   0   0   0   0
F14     0          0   0          0          0   0   .   0   0   0   0   0   0
F14_1   0          0   0          0          0   0   0   .   0   0   0   0   0
F14_2   0          0   0          0          0   0   0   0   .   0   0   0   0
F14_3   0          0   0          0          0   0   0   0   0   .   0   0   0
F14_4   0          0   0          0          0   0   0   0   0   0   .   0   0
F15     0          0   0          0          0   0   0   0   0   0   0   .   0
F15_1   0          0   0          0          0   0   0   0   0   0   0   0   .
F15_2   0          0   0          0          0   0   0   0   0   0   0   0   0
F15_3   0          0   0          0          0   0   0   0   0   0   0   0   0
F15_4   0          0   0          0          0   0   0   0   0   0   0   0   0
N0      0          0   0          0.999999   0   0   0   0   0   0   0   0   0
Nσ      0          0   0          0          0   0   0   0   0   0   0   0   0

:     F15_2 F15_3 F15_4  N0      Nσ       :=
C1       0     0     0    0   0
C10      0     0     0    0   0
C2       0     0     0    0   1
C3       0     0     0    0   1
C4       0     0     0    0   0.999999
C5       0     0     0    0   0
C6       0     0     0    0   0
C7       0     0     1    0   0
C8       0     0     0    0   1
C9       0     0     0    0   0
F11      0     0     0    0   0
F11_1    0     0     0    0   0
F11_2    0     0     0    0   1
F11_3    0     0     0    0   0
F11_4    0     0     0    0   0
F12      0     0     0    0   0
F12_1    0     0     0    0   0
F12_2    0     0     0    0   0
F12_3    0     0     0    0   0
F12_4    0     0     0    0   0
F13      0     0     0    0   0
F13_1    0     0     0    0   0
F13_2    0     0     0    0   0
F13_3    0     0     0    0   0
F13_4    0     0     0    0   0
F14      0     0     0    0   0
F14_1    0     0     0    0   0
F14_2    0     0     0    0   0
F14_3    0     0     0    0   0
F14_4    0     0     0    0   0
F15      0     0     0    0   0
F15_1    0     0     0    0   0
F15_2    .     0     0    0   0
F15_3    0     .     0    0   0
F15_4    0     0     .    0   0
N0       0     0     0    .   0
Nσ       0     0     0    0    .
;

sum{i in D0, j in Vplun} x[i,j] = 5

sum{i in Vall, j in Vall: i != j} x[i,j]*t[i,j] = 327.481

sum{i in F} z[i]*R[i] = 43.6317

sum{i in F, j in Vplunend: i != j} y[i]*x[i,j] = 0

a [*] :=
   C1  511         F11  988.847     F13 1000         F15  980.895
  C10  733       F11_1  999.785   F13_1  310.816   F15_1  513.331
   C2  325       F11_2 1000       F13_2  310.816   F15_2  780.661
   C3  966       F11_3  841.93    F13_3  570.526   F15_3  513.331
   C4  499       F11_4 1000       F13_4  659.652   F15_4  771.439
   C5  162         F12  483.867     F14 1000          N0    0
   C6  496.877   F12_1  213.236   F14_1 1000          Nσ 1000
   C7  752.22    F12_2  284.399   F14_2 1000
   C8  218.437   F12_3  513.331   F14_3 1000
   C9  201       F12_4  284.399   F14_4 1000
;

u [*] :=
   C1  974      C7  965   F11_4 1000   F13_1 1000   F14_3 1000      N0 1000
  C10  967      C8 1000     F12  979   F13_2 1000   F14_4 1000      Nσ    0
   C2 1000      C9  994   F12_1  979   F13_3 1000     F15  952
   C3  952     F11  945   F12_2  979   F13_4 1000   F15_1 1000
   C4  979   F11_1  945   F12_3 1000     F14 1000   F15_2 1000
   C5 1000   F11_2  945   F12_4  979   F14_1 1000   F15_3 1000
   C6 1000   F11_3 1000     F13 1000   F14_2 1000   F15_4  952
;

v [*] :=
   C1 35.8914      F11 60.63        F13  0           F15  0
  C10 29.8086    F11_1 60.63      F13_1 30.6133    F15_1 60.63
   C2 33.541     F11_2  0         F13_2 30.6133    F15_2  0
   C3 23.1948    F11_3  0         F13_3  0         F15_3  0
   C4 31.0644    F11_4  0         F13_4  0         F15_4 11.3696
   C5 48.4645      F12 46.1971      F14  0            N0 60.63
   C6 40.0145    F12_1 17.2284    F14_1  5.54762      Nσ  0
   C7 20.5891    F12_2 46.1971    F14_2  5.54762
   C8 27.7849    F12_3  0         F14_3  5.54762
   C9 19.4645    F12_4 46.1971    F14_4  5.54762
;

y [*] :=
  F11 0   F11_4 0   F12_3 0   F13_2 0   F14_1 0     F15 0   F15_4 0
F11_1 0     F12 0   F12_4 0   F13_3 0   F14_2 0   F15_1 0
F11_2 0   F12_1 0     F13 0   F13_4 0   F14_3 0   F15_2 0
F11_3 0   F12_2 0   F13_1 0     F14 0   F14_4 0   F15_3 0
;

z [*] :=
  F11 1   F11_4 1   F12_3 1   F13_2 1   F14_1 1     F15 1   F15_4 1
F11_1 1     F12 1   F12_4 1   F13_3 1   F14_2 1   F15_1 1
F11_2 1   F12_1 1     F13 1   F13_4 1   F14_3 1   F15_2 1
F11_3 1   F12_2 1   F13_1 1     F14 1   F14_4 1   F15_3 1
;

R [*] :=
  F11  0          F12  0          F13  0          F14  0          F15  0
F11_1  0        F12_1 28.9686   F13_1  6.9277   F14_1  0        F15_1  0
F11_2  0        F12_2  0        F13_2  0        F14_2  0        F15_2  0
F11_3  0        F12_3  0        F13_3  0        F14_3  0        F15_3  0
F11_4  0        F12_4  0        F13_4  0        F14_4  0        F15_4  7.7354
;

Y [*] :=
  F11 60.63      F12_2 46.1971    F13_4  0         F15_1 60.63
F11_1 60.63      F12_3  0           F14  0         F15_2  0
F11_2  0         F12_4 46.1971    F14_1  5.54762   F15_3  0
F11_3  0           F13  0         F14_2  5.54762   F15_4 19.105
F11_4  0         F13_1 37.541     F14_3  5.54762
  F12 46.1971    F13_2 30.6133    F14_4  5.54762
F12_1 46.197     F13_3  0           F15  0
;

