MIP Gap (%):  36.05571761979745
_solve_elapsed_time = 28804.3

TotalCost = 11354.3

x [*,*]
# $14 = F11_3
# $15 = F11_4
:      C1 C10  C2       C3       C4  C5  C6  C7  C8  C9 F11 F11_1 F11_2 $14 $15 :=
C1      .   1   0   0             0   0   0   0   0   0   0    0     0    0   0
C10     0   .   0   0             0   0   1   0   0   0   0    0     0    0   0
C2      0   0   .   0             0   0   0   0   0   0   0    0     0    0   0
C3      0   0   0    .            0   0   0   0   0   0   0    0     0    0   0
C4      0   0   0   0             .   0   0   0   0   0   0    0     0    0   0
C5      0   0   0   0             0   .   0   0   0   0   0    0     0    0   0
C6      0   0   0   0             0   0   .   0   0   0   0    1     0    0   0
C7      0   0   0   0             1   0   0   .   0   0   0    0     0    0   0
C8      0   0   0   0             0   0   0   0   .   0   0    0     0    0   0
C9      0   0   0   0             0   0   0   0   0   .   0    0     0    0   0
F11     0   0   0   0             0   0   0   0   0   0   .    0     0    0   0
F11_1   0   0   0   0             0   0   0   0   0   0   0    .     1    0   0
F11_2   0   0   0   0             0   0   0   0   0   0   0    0     .    0   0
F11_3   0   0   0   0             0   0   0   0   0   0   0    0     0    .   0
F11_4   0   0   0   0             0   0   0   0   0   0   0    0     0    0   .
F12     0   0   0   2.70822e-06   0   0   0   0   0   0   0    0     0    0   0
F12_1   0   0   0   0             0   0   0   0   0   0   0    0     0    0   0
F12_2   0   0   0   0             0   0   0   0   0   0   0    0     0    0   0
F12_3   0   0   0   0             0   0   0   0   0   0   0    0     0    0   0
F12_4   0   0   0   0.999997      0   0   0   0   0   0   0    0     0    0   0
F13     0   0   0   0             0   0   0   0   0   0   0    0     0    0   0
F13_1   0   0   0   0             0   0   0   0   0   0   0    0     0    0   0
F13_2   0   0   0   0             0   0   0   0   0   0   0    0     0    0   0
F13_3   0   0   0   0             0   0   0   0   0   0   0    0     0    0   0
F13_4   0   0   0   0             0   0   0   0   0   0   0    0     0    0   0
F14     0   0   0   0             0   0   0   0   0   0   0    0     0    0   0
F14_1   0   0   0   0             0   0   0   0   0   0   0    0     0    0   0
F14_2   0   0   0   0             0   0   0   0   0   0   0    0     0    0   0
F14_3   0   0   0   0             0   0   0   0   0   1   0    0     0    0   0
F14_4   0   0   0   0             0   0   0   0   0   0   0    0     0    0   0
N0      1   0   1   0             0   1   0   1   1   0   0    0     0    0   0
Nσ      0   0   0   0             0   0   0   0   0   0   0    0     0    0   0

# $2 = F12_1
# $3 = F12_2
# $4 = F12_3
# $7 = F13_1
# $8 = F13_2
# $9 = F13_3
# $10 = F13_4
# $12 = F14_1
# $13 = F14_2
# $14 = F14_3
:           F12      $2  $3  $4    F12_4   F13  $7  $8  $9 $10 F14 $12 $13 $14 :=
C1      0             0   0   0   0          0   0   0   0   0   0   0   0   0
C10     0             0   0   0   0          0   0   0   0   0   0   0   0   0
C2      0             0   0   0   0          0   0   0   0   0   0   0   0   0
C3      0             0   0   0   0          0   0   0   0   0   0   0   0   0
C4      0             0   0   0   0          0   0   0   0   0   1   0   0   0
C5      0             0   0   0   0          0   0   0   0   0   0   0   0   0
C6      0             0   0   0   0          0   0   0   0   0   0   0   0   0
C7      0             0   0   0   0          0   0   0   0   0   0   0   0   0
C8      0             0   0   0   0          0   0   0   0   0   0   0   0   0
C9      0             0   0   0   0          0   0   0   0   0   0   0   0   0
F11     0             0   0   0   0          0   0   0   0   0   0   0   0   0
F11_1   0             0   0   0   0          0   0   0   0   0   0   0   0   0
F11_2   0             0   0   0   0          0   0   0   0   0   0   0   0   0
F11_3   0             0   0   0   0          0   0   0   0   0   0   0   0   0
F11_4   0             0   0   0   0          0   0   0   0   0   0   0   0   0
F12      .            0   0   0   0          0   0   0   0   0   0   0   0   0
F12_1   0             .   0   0   0          0   0   0   0   0   0   0   0   0
F12_2   2.70772e-06   0   .   0   0.999997   0   0   0   0   0   0   0   0   0
F12_3   0             0   0   .   0          0   0   0   0   0   0   0   0   0
F12_4   0             0   0   0    .         0   0   0   0   0   0   0   0   0
F13     0             0   0   0   0          .   0   0   0   0   0   0   0   0
F13_1   0             0   0   0   0          0   .   0   0   0   0   0   0   0
F13_2   0             0   0   0   0          0   0   .   0   0   0   0   0   0
F13_3   0             0   0   0   0          0   0   0   .   0   0   0   0   0
F13_4   0             0   0   0   0          0   0   0   0   .   0   0   0   0
F14     0             0   0   0   0          0   0   0   0   0   .   0   1   0
F14_1   0             0   0   0   0          0   0   0   0   0   0   .   0   0
F14_2   0             0   0   0   0          0   0   0   0   0   0   0   .   1
F14_3   0             0   0   0   0          0   0   0   0   0   0   0   0   .
F14_4   0             0   0   0   0          0   0   0   0   0   0   0   0   0
N0      0             0   1   0   0          0   0   0   0   0   0   0   0   0
Nσ      0             0   0   0   0          0   0   0   0   0   0   0   0   0

:     F14_4  N0  Nσ    :=
C1       0    0   0
C10      0    0   0
C2       0    0   1
C3       0    0   1
C4       0    0   0
C5       0    0   1
C6       0    0   0
C7       0    0   0
C8       0    0   1
C9       0    0   1
F11      0    0   0
F11_1    0    0   0
F11_2    0    0   1
F11_3    0    0   0
F11_4    0    0   0
F12      0    0   0
F12_1    0    0   0
F12_2    0    0   0
F12_3    0    0   0
F12_4    0    0   0
F13      0    0   0
F13_1    0    0   0
F13_2    0    0   0
F13_3    0    0   0
F13_4    0    0   0
F14      0    0   0
F14_1    0    0   0
F14_2    0    0   0
F14_3    0    0   0
F14_4    .    0   0
N0       0    .   0
Nσ       0    0   .
;

sum{i in D0, j in Vplun} x[i,j] = 6

sum{i in Vall, j in Vall: i != j} x[i,j]*t[i,j] = 499.576

sum{i in F} z[i]*R[i] = 51.5855

sum{i in F, j in Vplunend: i != j} y[i]*x[i,j] = 0

a [*] :=
   C1  91.2755      C8 144        F12_1 117.098    F13_4 240
  C10 118.74        C9 222        F12_2  36.2353     F14 123.013
   C2 192          F11 240        F12_3 205.44     F14_1 240
   C3 185        F11_1 240        F12_4 159.198    F14_2 127.507
   C4  98.0132   F11_2 240          F13 240        F14_3 127.507
   C5 142        F11_3 240        F13_1 109.138    F14_4 186.987
   C6 150        F11_4 120.3      F13_2 240           N0   0
   C7  50          F12 123.493    F13_3   0           Nσ 240
;

u [*] :=
   C1 200      C6 158   F11_2 142   F12_3 200   F13_4   0      N0 200
  C10 186      C7  26   F11_3 200   F12_4 200     F14  13      Nσ   0
   C2 200      C8 200   F11_4 200     F13 200   F14_1  13
   C3 200      C9  13     F12 200   F13_1   0   F14_2  13
   C4  23     F11 200   F12_1 200   F13_2 200   F14_3  13
   C5  30   F11_1 142   F12_2 200   F13_3 200   F14_4 200
;

v [*] :=
   C1 58.5146        F11_1  8.6098        F13_2  0
  C10 41.0504        F11_2  0             F13_3  0
   C2 40.0141        F11_3  0             F13_4 77.75
   C3 44.2041        F11_4  0               F14  3.6418
   C4 18.6418          F12  0.000148235   F14_1  0
   C5 38.4708        F12_1  0             F14_2  7.48304
   C6 19.7901        F12_2 41.5147        F14_3  7.48304
   C7 56.655         F12_3  0             F14_4  0
   C8 35.4683        F12_4 41.5148           N0 77.75
   C9  7.6158          F13  0                Nσ  0
  F11  0             F13_1  0
;

y [*] :=
  F11  0
F11_1  0
F11_2  0
F11_3  0
F11_4  0
  F12  0
F12_1  0
F12_2  0
F12_3  0
F12_4  0
  F13  0
F13_1  0
F13_2  0
F13_3  0
F13_4  0
  F14  0
F14_1  0
F14_2  0
F14_3  0
F14_4  0
;

z [*] :=
  F11  1
F11_1  1
F11_2  1
F11_3  1
F11_4  1
  F12  1
F12_1  1
F12_2  1
F12_3  1
F12_4  1
  F13  1
F13_1  1
F13_2  1
F13_3  1
F13_4  1
  F14  1
F14_1  1
F14_2  1
F14_3  1
F14_4  1
;

R [*] :=
  F11   0
F11_1   0
F11_2   0
F11_3   0
F11_4   0
  F12   0
F12_1   0
F12_2   0
F12_3   0
F12_4  13.1296
  F13   0
F13_1   0
F13_2   0
F13_3   0
F13_4   0
  F14   3.84124
F14_1   0
F14_2   0
F14_3  34.6147
F14_4   0
;

Y [*] :=
  F11   0
F11_1   8.6098
F11_2   0
F11_3   0
F11_4   0
  F12   0.000148235
F12_1   0
F12_2  41.5147
F12_3   0
F12_4  54.6444
  F13   0
F13_1   0
F13_2   0
F13_3   0
F13_4  77.75
  F14   7.48304
F14_1   0
F14_2   7.48304
F14_3  42.0977
F14_4   0
;

