MIP Gap (%):  62.13062543613829
_solve_elapsed_time = 28808.9

TotalCost = 9836.78

x [*,*]
# $12 = F11_1
# $13 = F11_2
:      C1     C10         C2     C3  C4  C5  C6      C7     C8  C9 F11 $12 $13 :=
C1      .   0          0          0   0   0   0   0          0   0   0   0   0
C10     0    .         0          0   0   1   0   0          0   0   0   0   0
C2      0   0           .         1   0   0   0   0          0   0   0   0   0
C3      0   0          0          .   0   0   0   0          0   0   0   0   0
C4      1   0          0          0   .   0   0   0          0   0   0   0   0
C5      0   0          0          0   0   .   0   0          0   0   0   0   0
C6      0   0          0          0   0   0   .   0          0   0   0   0   0
C7      0   0          0          0   0   0   0    .         0   0   0   0   0
C8      0   0          0          0   0   0   0   0          .   1   0   0   0
C9      0   0          0          0   0   0   0   0          0   .   0   0   0
F11     0   0          0          0   0   0   0   0          0   0   .   0   0
F11_1   0   0          0          0   0   0   0   0          0   0   0   .   0
F11_2   0   0          0          0   0   0   0   0          0   0   0   0   .
F11_3   0   0          0          0   0   0   0   0          0   0   0   0   0
F11_4   0   0          0          0   0   0   0   0          0   0   0   0   0
F12     0   0          0          0   0   0   0   0          0   0   0   0   0
F12_1   0   0          0          0   0   0   0   0          0   0   0   0   0
F12_2   0   0          0          0   0   0   0   0          0   0   0   0   0
F12_3   0   0          0          0   0   0   0   0          0   0   0   0   0
F12_4   0   0          0          0   0   0   0   0          0   0   0   0   0
F13     0   0          0          0   0   0   0   0          0   0   0   0   0
F13_1   0   0          0          0   0   0   0   0          0   0   0   0   0
F13_2   0   0          0          0   0   0   0   0          0   0   0   0   0
F13_3   0   0          0          0   0   0   0   0          0   0   0   0   0
F13_4   0   0          0          0   0   0   0   0          0   0   0   0   0
F14     0   0          0          0   0   0   0   0.999999   0   0   0   0   0
F14_1   0   0          0          0   0   0   0   0          0   0   0   0   0
F14_2   0   0          0          0   0   0   0   0          0   0   0   0   0
F14_3   0   0          0          0   0   0   0   0          0   0   0   0   0
F14_4   0   0          0          0   0   0   0   0          0   0   0   0   0
N0      0   0.999999   0.999999   0   1   0   1   0          1   0   0   0   0
Nσ      0   0          0          0   0   0   0   0          0   0   0   0   0

# $2 = F11_4
# $4 = F12_1
# $5 = F12_2
# $6 = F12_3
# $7 = F12_4
# $9 = F13_1
# $10 = F13_2
# $11 = F13_3
# $12 = F13_4
# $14 = F14_1
# $15 = F14_2
# $16 = F14_3
:     F11_3  $2 F12  $4  $5  $6  $7 F13  $9 $10 $11 $12     F14    $14 $15 $16 :=
C1       0    0   0   0   0   0   0   0   0   0   0   0   0          0   0   0
C10      0    0   0   0   0   0   0   0   0   0   0   0   0          0   0   0
C2       0    0   0   0   0   0   0   0   0   0   0   0   0          0   0   0
C3       0    0   0   0   0   0   0   0   1   0   0   0   0          0   0   0
C4       0    0   0   0   0   0   0   0   0   0   0   0   0          0   0   0
C5       0    0   0   0   0   0   0   0   0   0   0   0   0          0   0   0
C6       0    0   0   0   0   0   0   0   0   0   0   0   0.999999   0   0   0
C7       0    0   0   0   0   0   0   0   0   0   0   0   0          0   0   0
C8       0    0   0   0   0   0   0   0   0   0   0   0   0          0   0   0
C9       0    0   0   0   0   0   0   0   0   0   0   0   0          0   0   0
F11      0    0   0   0   0   0   0   0   0   0   0   0   0          0   0   0
F11_1    0    0   0   0   0   0   0   0   0   0   0   0   0          0   0   0
F11_2    0    0   0   0   0   0   0   0   0   0   0   0   0          0   0   0
F11_3    .    0   0   0   0   0   0   0   0   0   0   0   0          0   0   0
F11_4    0    .   0   0   0   0   0   0   0   0   0   0   0          0   0   0
F12      0    0   .   0   0   0   0   0   0   0   0   0   0          0   0   0
F12_1    0    0   0   .   0   0   0   0   0   0   0   0   0          0   0   0
F12_2    0    0   0   0   .   0   0   0   0   0   0   0   0          0   0   0
F12_3    0    0   0   0   0   .   0   0   0   0   0   0   0          0   0   0
F12_4    0    0   0   0   0   0   .   0   0   0   0   0   0          0   0   0
F13      0    0   0   0   0   0   0   .   0   0   0   0   0          0   0   0
F13_1    0    0   0   0   0   0   0   0   .   0   0   0   0          0   0   0
F13_2    0    0   0   0   0   0   0   0   0   .   0   0   0          0   0   0
F13_3    0    0   0   0   0   0   0   0   0   0   .   0   0          0   0   0
F13_4    0    0   0   0   0   0   0   0   0   0   0   .   0          0   0   0
F14      0    0   0   0   0   0   0   0   0   0   0   0    .         0   0   0
F14_1    0    0   0   0   0   0   0   0   0   0   0   0   0          .   1   0
F14_2    0    0   0   0   0   0   0   0   0   0   0   0   0          0   .   0
F14_3    0    0   0   0   0   0   0   0   0   0   0   0   0          1   0   .
F14_4    0    0   0   0   0   0   0   0   0   0   0   0   0          0   0   1
N0       0    0   0   0   0   0   0   0   0   0   0   0   0          0   0   0
Nσ       0    0   0   0   0   0   0   0   0   0   0   0   0          0   0   0

:     F14_4  N0      Nσ       :=
C1       0    0   1
C10      0    0   0
C2       0    0   0
C3       0    0   0
C4       0    0   0
C5       0    0   1
C6       0    0   0
C7       0    0   0.999999
C8       0    0   0
C9       0    0   1
F11      0    0   0
F11_1    0    0   0
F11_2    0    0   0
F11_3    0    0   0
F11_4    0    0   0
F12      0    0   0
F12_1    0    0   0
F12_2    0    0   0
F12_3    0    0   0
F12_4    0    0   0
F13      0    0   0
F13_1    0    0   0.999999
F13_2    0    0   0
F13_3    0    0   0
F13_4    0    0   0
F14      0    0   0
F14_1    0    0   0
F14_2    1    0   0
F14_3    0    0   0
F14_4    .    0   0
N0       0    .   0
Nσ       0    0    .
;

sum{i in D0, j in Vplun} x[i,j] = 5

sum{i in Vall, j in Vall: i != j} x[i,j]*t[i,j] = 423.287

sum{i in F} z[i]*R[i] = 46.0391

sum{i in F, j in Vplunend: i != j} y[i]*x[i,j] = 0

a [*] :=
   C1 210           C8  84.8601   F12_1 240        F13_4  12.6476
  C10  94           C9 121        F12_2 240          F14  52.0595
   C2  96          F11 240        F12_3 240        F14_1   0
   C3 123.692    F11_1 240        F12_4 240        F14_2   0
   C4  67        F11_2 240          F13  73.7126   F14_3   0
   C5 169        F11_3 240        F13_1 158.318    F14_4   0
   C6  14.7648   F11_4 240        F13_2   0           N0   0
   C7 117.834      F12 240        F13_3 240           Nσ 240
;

u [*] :=
   C1 190      C6 200   F11_2 160   F12_3 200   F13_4 200      N0 200
  C10 186      C7  30   F11_3 160   F12_4 200     F14  30      Nσ   0
   C2 200      C8 200   F11_4 160     F13 177   F14_1   0
   C3 177      C9 160     F12 200   F13_1 153   F14_2   0
   C4 200     F11 160   F12_1 200   F13_2 190   F14_3   0
   C5 176   F11_1 160   F12_2 200   F13_3 200   F14_4   0
;

v [*] :=
   C1 20.1647      C7 58.5235   F11_4  0        F13_1 18.8146   F14_3 77.75
  C10 40.0278      C8 35.6205     F12  0        F13_2 77.75     F14_4 77.75
   C2 50.8242      C9 20        F12_1  0        F13_3  0           N0 77.75
   C3 33.1324     F11  0        F12_2  0        F13_4  0           Nσ  0
   C4 40.0141   F11_1  0        F12_3  0          F14 35.6905
   C5 18.0278   F11_2  0        F12_4  0        F14_1 77.75
   C6 62.9852   F11_3  0          F13 77.75     F14_2 77.75
;

y [*] :=
  F11  0
F11_1  0
F11_2  0
F11_3  0
F11_4  0
  F12  0
F12_1  0
F12_2  0
F12_3  0
F12_4  0
  F13  0
F13_1  0
F13_2  0
F13_3  0
F13_4  0
  F14  0
F14_1  0
F14_2  0
F14_3  0
F14_4  0
;

z [*] :=
  F11  1
F11_1  1
F11_2  1
F11_3  1
F11_4  1
  F12  1
F12_1  1
F12_2  1
F12_3  1
F12_4  1
  F13  1
F13_1  1
F13_2  1
F13_3  1
F13_4  1
  F14  1
F14_1  1
F14_2  1
F14_3  1
F14_4  1
;

R [*] :=
  F11   0
F11_1   0
F11_2   0
F11_3   0
F11_4   0
  F12   0
F12_1   0
F12_2   0
F12_3   0
F12_4   0
  F13   0
F13_1   5.20618
F13_2   0
F13_3   0
F13_4   0
  F14  40.833
F14_1   0
F14_2   0
F14_3   0
F14_4   0
;

Y [*] :=
  F11   0
F11_1   0
F11_2   0
F11_3   0
F11_4   0
  F12   0
F12_1   0
F12_2   0
F12_3   0
F12_4   0
  F13  77.75
F13_1  24.0208
F13_2  77.75
F13_3   0
F13_4   0
  F14  76.5235
F14_1  77.75
F14_2  77.75
F14_3  77.75
F14_4  77.75
;

