MIP Gap (%):  76.83841781172043
_solve_elapsed_time = 28804.8

TotalCost = 11848

x [*,*]
# $12 = F11_1
# $13 = F11_2
# $14 = F11_3
# $15 = F11_4
:      C1 C10  C2       C3       C4  C5  C6  C7  C8  C9 F11 $12 $13 $14 $15 F12 :=
C1      .   0   0   0             0   0   0   0   0   0   0   0   0   0   0   0
C10     0   .   0   0             1   0   0   0   0   0   0   0   0   0   0   0
C2      0   0   .   0             0   0   0   0   0   0   0   0   0   0   0   0
C3      0   0   0    .            0   0   1   0   0   0   0   0   0   0   0   0
C4      0   0   0   0             .   0   0   0   0   0   0   0   0   0   0   0
C5      0   0   0   0             0   .   0   0   0   0   0   0   0   0   0   0
C6      0   0   0   0             0   0   .   0   0   0   0   0   0   0   0   0
C7      0   0   0   0             0   0   0   .   0   0   0   0   0   0   0   1
C8      0   0   0   0             0   1   0   0   .   0   0   0   0   0   0   0
C9      1   0   0   0             0   0   0   0   0   .   0   0   0   0   0   0
F11     0   0   0   0             0   0   0   0   0   0   .   1   0   0   0   0
F11_1   0   0   0   0             0   0   0   0   0   0   0   .   0   1   0   0
F11_2   0   1   0   0             0   0   0   0   0   0   0   0   .   0   0   0
F11_3   0   0   0   0             0   0   0   0   0   0   0   0   0   .   1   0
F11_4   0   0   0   0             0   0   0   0   0   0   1   0   0   0   .   0
F12     0   0   0   0             0   0   0   0   0   0   0   0   0   0   0   .
F12_1   0   0   0   0             0   0   0   0   0   0   0   0   0   0   0   0
F12_2   0   0   0   0             0   0   0   0   0   0   0   0   0   0   0   0
F12_3   0   0   0   0             0   0   0   0   0   0   0   0   0   0   0   0
F12_4   0   0   0   0             0   0   0   0   0   1   0   0   0   0   0   0
F13     0   0   0   0             0   0   0   0   0   0   0   0   0   0   0   0
F13_1   0   0   0   0             0   0   0   0   0   0   0   0   0   0   0   0
F13_2   0   0   0   0             0   0   0   0   0   0   0   0   0   0   0   0
F13_3   0   0   0   0             0   0   0   0   0   0   0   0   0   0   0   0
F13_4   0   0   0   0             0   0   0   0   0   0   0   0   0   0   0   0
F14     0   0   0   0             0   0   0   0   0   0   0   0   0   0   0   0
F14_1   0   0   0   0             0   0   0   0   0   0   0   0   0   0   0   0
F14_2   0   0   0   1.31263e-06   0   0   0   0   0   0   0   0   0   0   0   0
F14_3   0   0   0   0.999999      0   0   0   0   0   0   0   0   0   0   0   0
F14_4   0   0   0   0             0   0   0   0   0   0   0   0   0   0   0   0
N0      0   0   1   0             0   0   0   1   1   0   0   0   1   0   0   0
Nσ      0   0   0   0             0   0   0   0   0   0   0   0   0   0   0   0

# $2 = F12_2
# $3 = F12_3
# $4 = F12_4
# $6 = F13_1
# $7 = F13_2
# $8 = F13_3
# $9 = F13_4
# $11 = F14_1
# $12 = F14_2
# $14 = F14_4
:     F12_1  $2  $3  $4 F13  $6  $7  $8  $9 F14 $11 $12    F14_3   $14  N0  Nσ :=
C1       0    0   0   0   0   0   0   0   0   0   0   0   0          0   0   1
C10      0    0   0   0   0   0   0   0   0   0   0   0   0          0   0   0
C2       0    0   0   0   0   0   0   0   0   0   0   0   0          0   0   1
C3       0    0   0   0   0   0   0   0   0   0   0   0   0          0   0   0
C4       0    0   0   0   0   0   0   0   0   0   0   0   0          0   0   1
C5       0    0   0   0   0   0   0   0   0   0   0   1   0          0   0   0
C6       0    0   0   0   0   0   0   0   0   0   0   0   0          0   0   1
C7       0    0   0   0   0   0   0   0   0   0   0   0   0          0   0   0
C8       0    0   0   0   0   0   0   0   0   0   0   0   0          0   0   0
C9       0    0   0   0   0   0   0   0   0   0   0   0   0          0   0   0
F11      0    0   0   0   0   0   0   0   0   0   0   0   0          0   0   0
F11_1    0    0   0   0   0   0   0   0   0   0   0   0   0          0   0   0
F11_2    0    0   0   0   0   0   0   0   0   0   0   0   0          0   0   0
F11_3    0    0   0   0   0   0   0   0   0   0   0   0   0          0   0   0
F11_4    0    0   0   0   0   0   0   0   0   0   0   0   0          0   0   0
F12      0    0   1   0   0   0   0   0   0   0   0   0   0          0   0   0
F12_1    .    0   0   0   0   0   0   0   0   0   0   0   0          0   0   0
F12_2    0    .   0   0   0   0   0   0   0   0   0   0   0          0   0   0
F12_3    0    0   .   1   0   0   0   0   0   0   0   0   0          0   0   0
F12_4    0    0   0   .   0   0   0   0   0   0   0   0   0          0   0   0
F13      0    0   0   0   .   0   0   1   0   0   0   0   0          0   0   0
F13_1    0    0   0   0   1   .   0   0   0   0   0   0   0          0   0   0
F13_2    0    0   0   0   0   1   .   0   0   0   0   0   0          0   0   0
F13_3    0    0   0   0   0   0   0   .   1   0   0   0   0          0   0   0
F13_4    0    0   0   0   0   0   1   0   .   0   0   0   0          0   0   0
F14      0    0   0   0   0   0   0   0   0   .   0   0   0          0   0   0
F14_1    0    0   0   0   0   0   0   0   0   0   .   0   0          0   0   0
F14_2    0    0   0   0   0   0   0   0   0   0   0   .   0.999999   0   0   0
F14_3    0    0   0   0   0   0   0   0   0   0   0   0    .         0   0   0
F14_4    0    0   0   0   0   0   0   0   0   0   0   0   0          .   0   0
N0       0    0   0   0   0   0   0   0   0   0   0   0   0          0   .   0
Nσ       0    0   0   0   0   0   0   0   0   0   0   0   0          0   0   .
;

sum{i in D0, j in Vplun} x[i,j] = 4

sum{i in Vall, j in Vall: i != j} x[i,j]*t[i,j] = 372.672

sum{i in F} z[i]*R[i] = 73.2125

sum{i in F, j in Vplunend: i != j} y[i]*x[i,j] = 1.31925e-06

a [*] :=
   C1 805.325      C7 530       F11_4 417.373   F13_1 960       F14_3 444.528
  C10 502          C8 168.821     F12 560.249   F13_2 960       F14_4 444.528
   C2 736          C9 789       F12_1 560.249   F13_3 960          N0   0
   C3 449         F11 417.373   F12_2 952.093   F13_4 960          Nσ 960
   C4 870       F11_1 417.373   F12_3 690.002     F14 960
   C5 204       F11_2 312.545   F12_4 690.002   F14_1 874.447
   C6 845.765   F11_3 417.373     F13 960       F14_2 284.9
;

u [*] :=
   C1   26      C6   20   F11_2   23   F12_3   29   F13_4    0      N0 1000
  C10   23      C7   49   F11_3    0   F12_4   29     F14 1000      Nσ    0
   C2   20      C8   62   F11_4    0     F13    0   F14_1 1000
   C3   33      C9   29     F12   29   F13_1    0   F14_2   33
   C4    3     F11    0   F12_1 1000   F13_2    0   F14_3   33
   C5   53   F11_1    0   F12_2 1000   F13_3    0   F14_4   33
;

v [*] :=
   C1 15.5242      C7 27.4608   F11_4 77.75     F13_1 77.75     F14_3 65.9597
  C10 34.4997      C8 62.9852     F12  7.2123   F13_2 77.75     F14_4 65.9598
   C2 38.0789      C9 21.8488   F12_1  0        F13_3 77.75        N0 77.75
   C3 61.4877     F11 77.75     F12_2 77.75     F13_4 77.75        Nσ  0
   C4 19.2354   F11_1 77.75     F12_3  7.2123     F14  0
   C5 37.8058   F11_2 77.75     F12_4  7.2123   F14_1  0
   C6 47.1699   F11_3 77.75       F13 77.75     F14_2 23.3836
;

y [*] :=
  F11  0
F11_1  0
F11_2  0
F11_3  0
F11_4  0
  F12  0
F12_1  0
F12_2  0
F12_3  0
F12_4  0
  F13  0
F13_1  0
F13_2  0
F13_3  0
F13_4  0
  F14  0
F14_1  0
F14_2  0
F14_3  1.31926e-06
F14_4  0
;

z [*] :=
  F11  1
F11_1  1
F11_2  1
F11_3  1
F11_4  1
  F12  1
F12_1  1
F12_2  1
F12_3  1
F12_4  1
  F13  1
F13_1  1
F13_2  1
F13_3  1
F13_4  1
  F14  1
F14_1  1
F14_2  1
F14_3  0.999999
F14_4  1
;

R [*] :=
  F11   0
F11_1   0
F11_2   0
F11_3   0
F11_4   0
  F12   0
F12_1   0
F12_2   0
F12_3   0
F12_4  30.6365
  F13   0
F13_1   0
F13_2   0
F13_3   0
F13_4   0
  F14   0
F14_1   0
F14_2  42.576
F14_3   0
F14_4   0
;

Y [*] :=
  F11  77.75
F11_1  77.75
F11_2  77.75
F11_3  77.75
F11_4  77.75
  F12   7.2123
F12_1   0
F12_2  77.75
F12_3   7.2123
F12_4  37.8488
  F13  77.75
F13_1  77.75
F13_2  77.75
F13_3  77.75
F13_4  77.75
  F14   0
F14_1   0
F14_2  65.9596
F14_3  65.9598
F14_4  65.9598
;

