MIP Gap (%):  45.5499931689282
_solve_elapsed_time = 28811.5

TotalCost = 5123.52

x [*,*]
:      C1 C10  C2  C3  C4  C5  C6  C7  C8  C9 F11 F11_1 F11_2 F11_3 F11_4 F12 :=
C1      .   0   0   0   0   0   0   0   0   0   0    0     0     0     0    0
C10     0   .   0   0   0   0   0   0   0   0   0    0     0     0     0    0
C2      1   0   .   0   0   0   0   0   0   0   0    0     0     0     0    0
C3      0   0   0   .   0   0   0   0   0   1   0    0     0     0     0    0
C4      0   1   0   0   .   0   0   0   0   0   0    0     0     0     0    0
C5      0   0   0   0   0   .   0   1   0   0   0    0     0     0     0    0
C6      0   0   0   0   0   0   .   0   0   0   0    0     0     0     0    0
C7      0   0   0   0   0   0   0   .   0   0   0    0     0     0     0    0
C8      0   0   0   0   0   0   0   0   .   0   0    0     1     0     0    0
C9      0   0   0   0   0   0   0   0   0   .   0    0     0     0     0    1
F11     0   0   0   0   0   0   0   0   1   0   .    0     0     0     0    0
F11_1   0   0   0   0   0   0   0   0   0   0   0    .     0     0     0    0
F11_2   0   0   0   0   0   0   0   0   0   0   0    1     .     0     0    0
F11_3   0   0   0   0   0   0   0   0   0   0   1    0     0     .     0    0
F11_4   0   0   0   0   0   0   0   0   0   0   0    0     0     0     .    0
F12     0   0   0   0   0   0   0   0   0   0   0    0     0     0     0    .
F12_1   0   0   0   0   0   0   0   0   0   0   0    0     0     0     0    0
F12_2   0   0   0   0   0   0   0   0   0   0   0    0     0     0     0    0
F12_3   0   0   0   0   0   0   0   0   0   0   0    0     0     0     0    0
F12_4   0   0   0   0   0   0   1   0   0   0   0    0     0     0     0    0
F13     0   0   0   0   0   0   0   0   0   0   0    0     0     0     0    0
F13_1   0   0   0   0   0   0   0   0   0   0   0    0     0     0     0    0
F13_2   0   0   0   0   0   0   0   0   0   0   0    0     0     0     0    0
F13_3   0   0   0   0   0   0   0   0   0   0   0    0     0     0     0    0
F13_4   0   0   0   0   0   0   0   0   0   0   0    0     0     0     0    0
F14     0   0   0   0   0   0   0   0   0   0   0    0     0     0     0    0
F14_1   0   0   0   0   0   0   0   0   0   0   0    0     0     0     0    0
F14_2   0   0   0   0   0   0   0   0   0   0   0    0     0     0     0    0
F14_3   0   0   0   0   0   0   0   0   0   0   0    0     0     0     0    0
F14_4   0   0   0   0   0   0   0   0   0   0   0    0     0     0     0    0
N0      0   0   1   1   1   1   0   0   0   0   0    0     0     1     0    0
Nσ      0   0   0   0   0   0   0   0   0   0   0    0     0     0     0    0

# $3 = F12_3
# $6 = F13_1
# $7 = F13_2
# $8 = F13_3
# $9 = F13_4
# $11 = F14_1
# $12 = F14_2
# $13 = F14_3
# $14 = F14_4
:        F12_1   F12_2  $3     F12_4   F13  $6  $7  $8  $9 F14 $11 $12 $13 $14 :=
C1      0           0    0   0           0   0   0   0   0   0   0   0   0   0
C10     0           0    0   0           0   0   0   0   0   0   0   0   0   0
C2      0           0    0   0           0   0   0   0   0   0   0   0   0   0
C3      0           0    0   0           0   0   0   0   0   0   0   0   0   0
C4      0           0    0   0           0   0   0   0   0   0   0   0   0   0
C5      0           0    0   0           0   0   0   0   0   0   0   0   0   0
C6      0           0    0   0           0   0   0   0   0   0   0   0   0   0
C7      0           0    0   0           0   0   0   0   0   0   0   0   0   0
C8      0           0    0   0           0   0   0   0   0   0   0   0   0   0
C9      0           0    0   0           0   0   0   0   0   0   0   0   0   0
F11     0           0    0   0           0   0   0   0   0   0   0   0   0   0
F11_1   0           0    0   0           0   0   0   0   0   0   0   0   0   0
F11_2   0           0    0   0           0   0   0   0   0   0   0   0   0   0
F11_3   0           0    0   0           0   0   0   0   0   0   0   0   0   0
F11_4   0           0    0   0           0   0   0   0   0   0   0   0   0   0
F12     0           0    1   0           0   0   0   0   0   0   0   0   0   0
F12_1    .          0    0   0.999999    0   0   0   0   0   0   0   0   0   0
F12_2   0           .    0   0           0   0   0   0   0   0   0   0   0   0
F12_3   0.999999    0    .   9.635e-07   0   0   0   0   0   0   0   0   0   0
F12_4   0           0    0    .          0   0   0   0   0   0   0   0   0   0
F13     0           0    0   0           .   0   0   0   0   0   0   0   0   0
F13_1   0           0    0   0           0   .   0   0   0   0   0   0   0   0
F13_2   0           0    0   0           0   0   .   0   0   0   0   0   0   0
F13_3   0           0    0   0           0   0   0   .   0   0   0   0   0   0
F13_4   0           0    0   0           0   0   0   0   .   0   0   0   0   0
F14     0           0    0   0           0   0   0   0   0   .   0   0   0   0
F14_1   0           0    0   0           0   0   0   0   0   0   .   0   0   0
F14_2   0           0    0   0           0   0   0   0   0   0   0   .   0   0
F14_3   0           0    0   0           0   0   0   0   0   0   0   0   .   0
F14_4   0           0    0   0           0   0   0   0   0   0   0   0   0   .
N0      0           0    0   0           0   0   0   0   0   0   0   0   0   0
Nσ      0           0    0   0           0   0   0   0   0   0   0   0   0   0

:      N0  Nσ    :=
C1      0   1
C10     0   1
C2      0   0
C3      0   0
C4      0   0
C5      0   0
C6      0   1
C7      0   1
C8      0   0
C9      0   0
F11     0   0
F11_1   0   1
F11_2   0   0
F11_3   0   0
F11_4   0   0
F12     0   0
F12_1   0   0
F12_2   0   0
F12_3   0   0
F12_4   0   0
F13     0   0
F13_1   0   0
F13_2   0   0
F13_3   0   0
F13_4   0   0
F14     0   0
F14_1   0   0
F14_2   0   0
F14_3   0   0
F14_4   0   0
N0      .   0
Nσ      0   .
;

sum{i in D0, j in Vplun} x[i,j] = 5

sum{i in Vall, j in Vall: i != j} x[i,j]*t[i,j] = 368.439

sum{i in F} z[i]*R[i] = 4.39121

sum{i in F, j in Vplunend: i != j} y[i]*x[i,j] = 9.72467e-07

a [*] :=
   C1 254.538       C8 495        F12_1 645.703    F13_4 960
  C10 352           C9 601        F12_2   0          F14 309.129
   C2  35.3553     F11 460        F12_3 633.091    F14_1 500
   C3 475        F11_1 629.028    F12_4 650.841    F14_2 500
   C4 283.946    F11_2 540          F13 303.996    F14_3 302.279
   C5 287        F11_3 268.076    F13_1 960        F14_4 305.704
   C6 659.584    F11_4 221.883    F13_2 960           N0   0
   C7 808          F12 633.091    F13_3 400.091       Nσ 960
;

u [*] :=
   C1  990      C6  974   F11_2   20   F12_3  974   F13_4  990      N0 1000
  C10  981      C7  997   F11_3 1000   F12_4  974     F14    0      Nσ    0
   C2 1000      C8 1000   F11_4 1000     F13  981   F14_1 1000
   C3 1000      C9  990     F12  974   F13_1 1000   F14_2 1000
   C4 1000     F11 1000   F12_1  974   F13_2  990   F14_3  981
   C5 1000   F11_1   20   F12_2  994   F13_3  990   F14_4  981
;

v [*] :=
   C1 14.1421      C7 21.095    F11_4  0        F13_1  0        F14_3  0
  C10 38.4708      C8 35          F12 37.2931   F13_2  0        F14_4  0
   C2 36.278       C9 59.3838   F12_1 37.2931   F13_3  0           N0 77.75
   C3 65.7084     F11 70        F12_2 41.6845   F13_4  0           Nσ  0
   C4 59.0621   F11_1  0        F12_3 37.2931     F14  0
   C5 38.5592   F11_2  0        F12_4 37.2933   F14_1  0
   C6 38.0789   F11_3 70          F13  0        F14_2  0
;

y [*] :=
  F11  0
F11_1  0
F11_2  0
F11_3  0
F11_4  0
  F12  0
F12_1  9.72468e-07
F12_2  0
F12_3  0
F12_4  0
  F13  0
F13_1  0
F13_2  0
F13_3  0
F13_4  0
  F14  0
F14_1  0
F14_2  0
F14_3  0
F14_4  0
;

z [*] :=
  F11  1
F11_1  1
F11_2  1
F11_3  1
F11_4  1
  F12  1
F12_1  0.999999
F12_2  1
F12_3  1
F12_4  1
  F13  1
F13_1  1
F13_2  1
F13_3  1
F13_4  1
  F14  1
F14_1  1
F14_2  1
F14_3  1
F14_4  1
;

R [*] :=
  F11  0
F11_1  0
F11_2  0
F11_3  0
F11_4  0
  F12  0
F12_1  0
F12_2  0
F12_3  0
F12_4  4.39121
  F13  0
F13_1  0
F13_2  0
F13_3  0
F13_4  0
  F14  0
F14_1  0
F14_2  0
F14_3  0
F14_4  0
;

Y [*] :=
  F11  70
F11_1   0
F11_2   0
F11_3  70
F11_4   0
  F12  37.2931
F12_1  37.2932
F12_2  41.6845
F12_3  37.2931
F12_4  41.6845
  F13   0
F13_1   0
F13_2   0
F13_3   0
F13_4   0
  F14   0
F14_1   0
F14_2   0
F14_3   0
F14_4   0
;

