MIP Gap (%):  58.4605271742267
_solve_elapsed_time = 28806.5

TotalCost = 6588.26

x [*,*]
# $18 = F16_2
:      C1 C10 C11 C12 C13 C14 C15  C2  C3  C4  C5  C6  C7  C8  C9 F16 F16_1 $18 :=
C1      .   0   0   0   0   0   0   0   0   1   0   0   0   0   0   0    0    0
C10     0   .   0   0   1   0   0   0   0   0   0   0   0   0   0   0    0    0
C11     0   0   .   0   0   1   0   0   0   0   0   0   0   0   0   0    0    0
C12     0   0   0   .   0   0   0   0   0   0   1   0   0   0   0   0    0    0
C13     0   0   0   0   .   0   0   0   0   0   0   0   0   0   0   0    0    0
C14     0   0   0   0   0   .   0   0   0   0   0   0   0   0   0   0    0    0
C15     0   0   0   0   0   0   .   0   0   0   0   0   0   0   0   0    0    0
C2      0   0   0   0   0   0   0   .   0   0   0   0   0   0   0   0    0    0
C3      0   1   0   0   0   0   0   0   .   0   0   0   0   0   0   0    0    0
C4      0   0   0   0   0   0   1   0   0   .   0   0   0   0   0   0    0    0
C5      0   0   0   0   0   0   0   0   0   0   .   0   0   0   0   0    0    0
C6      0   0   1   0   0   0   0   0   0   0   0   .   0   0   0   0    0    0
C7      0   0   0   0   0   0   0   1   0   0   0   0   .   0   0   0    0    0
C8      0   0   0   0   0   0   0   0   0   0   0   0   0   .   1   0    0    0
C9      0   0   0   0   0   0   0   0   0   0   0   0   0   0   .   0    0    1
F16     0   0   0   0   0   0   0   0   0   0   0   0   0   0   0   .    0    0
F16_1   0   0   0   0   0   0   0   0   0   0   0   0   0   0   0   0    .    0
F16_2   0   0   0   0   0   0   0   0   0   0   0   0   0   0   0   0    0    .
F17     0   0   0   0   0   0   0   0   0   0   0   0   0   0   0   0    0    0
F17_1   0   0   0   0   0   0   0   0   0   0   0   0   0   0   0   0    0    0
F17_2   0   0   0   0   0   0   0   0   0   0   0   0   0   0   0   0    0    0
F18     0   0   0   0   0   0   0   0   1   0   0   0   0   0   0   0    0    0
F18_1   0   0   0   0   0   0   0   0   0   0   0   0   0   0   0   0    0    0
F18_2   0   0   0   0   0   0   0   0   0   0   0   0   0   0   0   0    0    0
F19     0   0   0   0   0   0   0   0   0   0   0   0   0   0   0   0    0    0
F19_1   0   0   0   0   0   0   0   0   0   0   0   0   0   0   0   0    0    0
F19_2   0   0   0   0   0   0   0   0   0   0   0   0   0   0   0   0    0    0
F20     0   0   0   0   0   0   0   0   0   0   0   0   0   0   0   0    0    0
F20_1   0   0   0   0   0   0   0   0   0   0   0   0   0   0   0   0    0    0
F20_2   0   0   0   0   0   0   0   0   0   0   0   0   0   0   0   0    0    0
N0      1   0   0   1   0   0   0   0   0   0   0   1   1   1   0   0    0    0
Nσ      0   0   0   0   0   0   0   0   0   0   0   0   0   0   0   0    0    0

:     F17 F17_1 F17_2 F18 F18_1 F18_2 F19 F19_1 F19_2 F20 F20_1 F20_2  N0  Nσ :=
C1      0    0     0    0    0     0    0    0     0    0    0     0    0   0
C10     0    0     0    0    0     0    0    0     0    0    0     0    0   0
C11     0    0     0    0    0     0    0    0     0    0    0     0    0   0
C12     0    0     0    0    0     0    0    0     0    0    0     0    0   0
C13     0    0     0    0    0     0    0    0     0    0    0     0    0   1
C14     0    0     0    1    0     0    0    0     0    0    0     0    0   0
C15     0    0     0    0    0     0    0    0     0    0    0     0    0   1
C2      0    0     0    0    0     0    0    0     0    0    0     0    0   1
C3      0    0     0    0    0     0    0    0     0    0    0     0    0   0
C4      0    0     0    0    0     0    0    0     0    0    0     0    0   0
C5      0    0     0    0    0     0    0    0     0    0    0     0    0   1
C6      0    0     0    0    0     0    0    0     0    0    0     0    0   0
C7      0    0     0    0    0     0    0    0     0    0    0     0    0   0
C8      0    0     0    0    0     0    0    0     0    0    0     0    0   0
C9      0    0     0    0    0     0    0    0     0    0    0     0    0   0
F16     0    0     0    0    0     0    0    0     0    0    0     0    0   0
F16_1   0    0     0    0    0     0    0    0     0    0    0     0    0   0
F16_2   0    0     0    0    0     0    0    0     0    0    0     0    0   1
F17     .    0     0    0    0     0    0    0     0    0    0     0    0   0
F17_1   0    .     0    0    0     0    0    0     0    0    0     0    0   0
F17_2   0    0     .    0    0     0    0    0     0    0    0     0    0   0
F18     0    0     0    .    0     0    0    0     0    0    0     0    0   0
F18_1   0    0     0    0    .     0    0    0     0    0    0     0    0   0
F18_2   0    0     0    0    0     .    0    0     0    0    0     0    0   0
F19     0    0     0    0    0     0    .    0     0    0    0     0    0   0
F19_1   0    0     0    0    0     0    0    .     0    0    0     0    0   0
F19_2   0    0     0    0    0     0    0    0     .    0    0     0    0   0
F20     0    0     0    0    0     0    0    0     0    .    0     0    0   0
F20_1   0    0     0    0    0     0    0    0     0    0    .     1    0   0
F20_2   0    0     0    0    0     0    0    0     0    0    1     .    0   0
N0      0    0     0    0    0     0    0    0     0    0    0     0    .   0
Nσ      0    0     0    0    0     0    0    0     0    0    0     0    0   .
;

xplun [*,*]
# $18 = F16_2
:      C1 C10 C11 C12 C13 C14 C15  C2  C3  C4  C5  C6  C7  C8  C9 F16 F16_1 $18 :=
C1      .   0   0   0   0   0   0   0   0   0   0   0   0   0   0   0    0    0
C10     0   .   0   0   0   0   0   0   0   0   0   0   0   0   0   0    0    0
C11     0   0   .   0   0   0   0   0   0   0   0   0   0   0   0   0    0    0
C12     0   0   0   .   0   0   0   0   0   0   0   0   0   0   0   0    0    0
C13     0   0   0   0   .   0   0   0   0   0   0   0   0   0   0   0    0    0
C14     0   0   0   0   0   .   0   0   0   0   0   0   0   0   0   0    0    0
C15     0   0   0   0   0   0   .   0   0   0   0   0   0   0   0   0    0    0
C2      0   0   0   0   0   0   0   .   0   0   0   0   0   0   0   0    0    0
C3      0   0   0   0   0   0   0   0   .   0   0   0   0   0   0   0    0    0
C4      0   0   0   0   0   0   0   0   0   .   0   0   0   0   0   0    0    0
C5      0   0   0   0   0   0   0   0   0   0   .   0   0   0   0   0    0    0
C6      0   0   0   0   0   0   0   0   0   0   0   .   0   0   0   0    0    0
C7      0   0   0   0   0   0   0   0   0   0   0   0   .   0   0   0    0    0
C8      0   0   0   0   0   0   0   0   0   0   0   0   0   .   0   0    0    0
C9      0   0   0   0   0   0   0   0   0   0   0   0   0   0   .   0    0    0
F16     0   0   0   0   0   0   0   0   0   0   0   0   0   0   0   .    0    0
F16_1   0   0   0   0   0   0   0   0   0   0   0   0   0   0   0   0    .    0
F16_2   0   0   0   0   0   0   0   0   0   0   0   0   0   0   0   0    0    .
F17     0   0   0   0   0   0   0   0   1   0   0   0   0   0   0   0    0    0
F17_1   0   0   0   0   0   0   0   0   0   0   0   0   0   0   0   0    0    0
F17_2   0   0   0   0   0   0   0   0   0   0   0   0   0   0   0   0    0    0
F18     0   0   0   0   0   0   0   0   0   0   0   0   0   0   0   0    0    0
F18_1   0   0   0   0   0   0   0   0   0   0   0   0   0   0   0   0    0    0
F18_2   0   0   0   0   0   0   0   0   0   0   0   0   0   0   0   0    0    0
F19     0   0   0   0   0   0   0   0   0   0   0   0   0   0   0   0    0    0
F19_1   0   0   0   0   0   0   0   0   0   0   0   0   0   0   0   0    0    0
F19_2   0   0   0   0   0   0   0   0   0   0   0   0   0   0   0   0    0    0
F20     0   0   0   0   0   0   0   0   0   0   0   0   0   0   0   0    0    0
F20_1   0   0   0   0   0   0   0   0   0   0   0   0   0   0   0   0    0    0
F20_2   0   0   0   0   0   0   0   0   0   0   0   0   0   0   0   0    0    0

:     F17 F17_1 F17_2 F18 F18_1 F18_2 F19 F19_1 F19_2 F20 F20_1 F20_2    :=
C1      0    0     0    0    0     0    0    0     0    0    0     0
C10     0    0     0    0    0     0    0    0     0    0    0     0
C11     0    0     0    0    0     0    0    0     0    0    0     0
C12     0    0     0    0    0     0    0    0     0    0    0     0
C13     0    0     0    0    0     0    0    0     0    0    0     0
C14     0    0     0    0    0     0    0    0     0    0    0     0
C15     0    0     0    0    0     0    0    0     0    0    0     0
C2      0    0     0    0    0     0    0    0     0    0    0     0
C3      0    0     1    0    0     0    0    0     0    0    0     0
C4      0    0     0    0    0     0    0    0     0    0    0     0
C5      0    0     0    0    0     0    0    0     0    0    0     0
C6      0    0     0    0    0     0    0    0     0    0    0     0
C7      0    0     0    0    0     0    0    0     0    0    0     0
C8      0    0     0    0    0     0    0    0     0    0    0     0
C9      0    0     0    0    0     0    0    0     0    0    0     0
F16     0    0     0    0    0     0    0    0     0    0    0     0
F16_1   0    0     0    0    0     0    0    0     0    0    0     0
F16_2   0    0     0    0    0     0    0    0     0    0    0     0
F17     .    0     0    0    0     0    0    0     0    0    0     0
F17_1   0    .     0    0    0     0    0    0     0    0    0     0
F17_2   0    0     .    0    0     0    0    0     0    0    0     0
F18     0    0     0    .    0     0    0    0     0    0    0     0
F18_1   0    0     0    0    .     0    0    0     0    0    0     0
F18_2   0    0     0    0    0     .    0    0     0    0    0     0
F19     0    0     0    0    0     0    .    0     0    0    0     0
F19_1   0    0     0    0    0     0    0    .     0    0    0     0
F19_2   0    0     0    0    0     0    0    0     .    0    0     0
F20     0    0     0    0    0     0    0    0     0    .    0     0
F20_1   0    0     0    0    0     0    0    0     0    0    .     0
F20_2   0    0     0    0    0     0    0    0     0    0    0     .
;

sum{i in D0, j in Vplunend} x[i,j] = 5

sum{i in F, j in V: i != j} xplun[i,j] = 1

sum{i in Vall, j in Vall: i != j} t[i,j]*x[i,j] = 405.952

sum{i in Vplun, j in Vplun: i != j} t[i,j]*xplun[i,j] = 14.1422

sum{i in F} c[i]*R[i] = 0

sum{i in F, j in Vplunend: i != j} b[i]*x[i,j] + sum{i in Vplun, j in V: i
   != j} xplun[i,j] = 1

y [*] :=
   C1 55.122       C2 20.6155      C9 49.8847     F18 17.1208   F20_1 77.75
  C10 50.6127      C3 57.0158     F16 77.75     F18_1  0        F20_2 77.75
  C11 28.829       C4 35.9126   F16_1  0        F18_2  0           N0 77.75
  C12 43.9099      C5 38.0789   F16_2 27.0812     F19 77.75        Nσ  0
  C13 29.7321      C6 35.829      F17 77.75     F19_1  0
  C14 23.829       C7 39.2166   F17_1  0        F19_2 77.75
  C15 20.6155      C8 56.2093   F17_2  0          F20  0
;

yplun [*] :=
   C1  21.2133      C3   7.0711   F16_1   7.0711     F19  16.0153
  C10 155.5         C4   0        F16_2   7.0711   F19_1   7.0711
  C11   7.0711      C5  21.2133     F17  14.1422   F19_2   7.0711
  C12   7.0711      C6  21.2133   F17_1   0          F20   7.0711
  C13 155.5         C7  21.2133   F17_2   0        F20_1   7.0711
  C14 155.5         C8   7.0711     F18   7.0711   F20_2   7.0711
  C15   7.0711      C9  11.5432   F18_1   7.0711
   C2  21.2133     F16   7.0711   F18_2   7.0711
;

A [*] :=
   C1   22.3607      C3  357.369    F16_1    0          F19 1236
  C10 1005.12        C4  215.703    F16_2 1236        F19_1    0
  C11  127.806       C5  283          F17    0        F19_2 1236
  C12  158           C6   30.8058   F17_1    0          F20 1236
  C13 1116           C7  357        F17_2 1236        F20_1    0
  C14  222.806       C8  359          F18  319.514    F20_2    0
  C15  321           C9  455.325    F18_1    0           N0    0
   C2  504          F16    0        F18_2    0           Nσ 1236
;

Aplun [*] :=
   C1   22.3607      C3  447.369    F16_1    0          F19    0
  C10 1108           C4  215.703    F16_2    0        F19_1    0
  C11  127.806       C5  283          F17    0        F19_2    0
  C12  158           C6   30.8058   F17_1    0          F20    0
  C13 1116           C7  357        F17_2  455        F20_1    0
  C14  222.806       C8  359          F18    0        F20_2    0
  C15  321           C9  455.325    F18_1    0           N0    0
   C2  504          F16    0        F18_2    0           Nσ    0
;

u [*] :=
   C1 200     C15 180      C7  20     F17 200     F19 200      N0 200
  C10 120      C2  10      C8  20   F17_1 200   F19_1   0      Nσ   0
  C11 170      C3 140      C9  10   F17_2   0   F19_2 200
  C12  50      C4 190     F16   0     F18 140     F20   0
  C13  30      C5  10   F16_1 200   F18_1   0   F20_1   0
  C14 150      C6 200   F16_2   0   F18_2 200   F20_2   0
;

w [*] :=
   C1 0     C13 0      C3 1      C7 0   F16_1 0   F17_2 0     F19 0   F20_1 0
  C10 0     C14 0      C4 0      C8 0   F16_2 0     F18 0   F19_1 0   F20_2 0
  C11 0     C15 0      C5 0      C9 0     F17 2   F18_1 0   F19_2 0      N0 0
  C12 0      C2 0      C6 0     F16 0   F17_1 0   F18_2 0     F20 0      Nσ 0
;

b [*] :=
  F16  0
F16_1  0
F16_2  0
  F17  0
F17_1  1
F17_2  0
  F18  0
F18_1  1
F18_2  0
  F19  0
F19_1  0
F19_2  0
  F20  1
F20_1  0
F20_2  0
;

c [*] :=
  F16  1
F16_1  1
F16_2  1
  F17  1
F17_1  0
F17_2  1
  F18  1
F18_1  0
F18_2  1
  F19  1
F19_1  1
F19_2  1
  F20  0
F20_1  1
F20_2  1
;

R [*] :=
  F16  0
F16_1  0
F16_2  0
  F17  0
F17_1  0
F17_2  0
  F18  0
F18_1  0
F18_2  0
  F19  0
F19_1  0
F19_2  0
  F20  0
F20_1  0
F20_2  0
;

Y [*] :=
  F16  77.75
F16_1   0
F16_2  27.0812
  F17  77.75
F17_1  77.75
F17_2   0
  F18  17.1208
F18_1  77.75
F18_2   0
  F19  77.75
F19_1   0
F19_2  77.75
  F20  77.75
F20_1  77.75
F20_2  77.75
;

