MIP Gap (%):  9.763665945090635
_solve_elapsed_time = 28803.4

TotalCost = 4740.36

x [*,*]
# $18 = F16_2
:      C1 C10 C11 C12 C13 C14 C15  C2  C3  C4  C5  C6  C7  C8  C9 F16 F16_1 $18 :=
C1      .   0   0   0   0   0   0   0   0   0   0   0   0   0   1   0    0    0
C10     0   .   1   0   0   0   0   0   0   0   0   0   0   0   0   0    0    0
C11     0   0   .   0   0   0   0   0   0   0   0   0   0   0   0   0    0    0
C12     0   0   0   .   0   0   0   0   0   0   0   0   0   0   0   0    0    0
C13     0   0   0   0   .   1   0   0   0   0   0   0   0   0   0   0    0    0
C14     0   0   0   0   0   .   0   1   0   0   0   0   0   0   0   0    0    0
C15     0   0   0   0   0   0   .   0   0   0   0   0   0   0   0   0    0    0
C2      0   0   0   0   0   0   0   .   1   0   0   0   0   0   0   0    0    0
C3      0   0   0   0   0   0   0   0   .   0   0   0   0   0   0   0    0    0
C4      0   0   0   1   0   0   0   0   0   .   0   0   0   0   0   0    0    0
C5      0   1   0   0   0   0   0   0   0   0   .   0   0   0   0   0    0    0
C6      1   0   0   0   0   0   0   0   0   0   0   .   0   0   0   0    0    0
C7      0   0   0   0   0   0   0   0   0   0   0   1   .   0   0   0    0    0
C8      0   0   0   0   0   0   1   0   0   0   0   0   0   .   0   0    0    0
C9      0   0   0   0   0   0   0   0   0   0   0   0   0   1   .   0    0    0
F16     0   0   0   0   0   0   0   0   0   0   0   0   0   0   0   .    0    1
F16_1   0   0   0   0   0   0   0   0   0   0   0   0   0   0   0   0    .    0
F16_2   0   0   0   0   0   0   0   0   0   0   0   0   0   0   0   0    0    .
F17     0   0   0   0   0   0   0   0   0   0   0   0   0   0   0   0    0    0
F17_1   0   0   0   0   0   0   0   0   0   0   0   0   0   0   0   0    0    0
F17_2   0   0   0   0   0   0   0   0   0   0   0   0   0   0   0   0    0    0
F18     0   0   0   0   0   0   0   0   0   0   0   0   0   0   0   0    0    0
F18_1   0   0   0   0   1   0   0   0   0   0   0   0   0   0   0   0    0    0
F18_2   0   0   0   0   0   0   0   0   0   0   0   0   0   0   0   0    0    0
N0      0   0   0   0   0   0   0   0   0   1   1   0   1   0   0   1    0    0
Nσ      0   0   0   0   0   0   0   0   0   0   0   0   0   0   0   0    0    0

:     F17 F17_1 F17_2 F18 F18_1 F18_2  N0  Nσ    :=
C1      0    0     0    0    0     0    0   0
C10     0    0     0    0    0     0    0   0
C11     0    0     0    0    0     0    0   1
C12     0    0     0    0    0     0    0   1
C13     0    0     0    0    0     0    0   0
C14     0    0     0    0    0     0    0   0
C15     0    0     0    0    0     0    0   1
C2      0    0     0    0    0     0    0   0
C3      0    0     0    0    0     0    0   1
C4      0    0     0    0    0     0    0   0
C5      0    0     0    0    0     0    0   0
C6      0    0     0    0    0     0    0   0
C7      0    0     0    0    0     0    0   0
C8      0    0     0    0    0     0    0   0
C9      0    0     0    0    0     0    0   0
F16     0    0     0    0    0     0    0   0
F16_1   0    0     0    0    0     0    0   0
F16_2   0    0     0    1    0     0    0   0
F17     .    0     0    0    0     0    0   0
F17_1   0    .     1    0    0     0    0   0
F17_2   0    1     .    0    0     0    0   0
F18     0    0     0    .    1     0    0   0
F18_1   0    0     0    0    .     0    0   0
F18_2   0    0     0    0    0     .    0   0
N0      0    0     0    0    0     0    .   0
Nσ      0    0     0    0    0     0    0   .
;

xplun [*,*]
# $18 = F16_2
:      C1 C10 C11 C12 C13 C14 C15  C2  C3  C4  C5  C6  C7  C8  C9 F16 F16_1 $18 :=
C1      .   0   0   0   0   0   0   0   0   0   0   0   0   0   0   0    0    0
C10     0   .   0   0   0   0   0   0   0   0   0   0   0   0   0   0    0    0
C11     0   0   .   0   0   0   0   0   0   0   0   0   0   0   0   0    0    0
C12     0   0   0   .   0   0   0   0   0   0   0   0   0   0   0   0    0    0
C13     0   0   0   0   .   0   0   0   0   0   0   0   0   0   0   0    0    0
C14     0   0   0   0   0   .   0   0   0   0   0   0   0   0   0   0    0    0
C15     0   0   0   0   0   0   .   0   0   0   0   0   0   0   0   0    0    0
C2      0   0   0   0   0   0   0   .   0   0   0   0   0   0   0   0    0    0
C3      0   0   0   0   0   0   0   0   .   0   0   0   0   0   0   0    0    0
C4      0   0   0   0   0   0   0   0   0   .   0   0   0   0   0   0    0    0
C5      0   0   0   0   0   0   0   0   0   0   .   0   0   0   0   0    0    0
C6      0   0   0   0   0   0   0   0   0   0   0   .   0   0   0   0    0    0
C7      0   0   0   0   0   0   0   0   0   0   0   0   .   0   0   0    0    0
C8      0   0   0   0   0   0   0   0   0   0   0   0   0   .   0   0    0    0
C9      0   0   0   0   0   0   0   0   0   0   0   0   0   0   .   0    0    0
F16     0   0   0   0   0   0   0   0   0   0   0   0   0   0   0   .    0    0
F16_1   0   0   0   0   0   0   0   0   0   0   0   0   0   0   0   0    .    0
F16_2   0   0   0   0   0   0   0   0   0   0   0   0   0   0   0   0    0    .
F17     0   0   0   0   0   0   0   0   0   0   0   0   0   0   0   0    0    0
F17_1   0   0   0   0   0   0   0   0   0   0   0   0   0   0   0   0    0    0
F17_2   0   0   0   0   0   0   0   0   0   0   0   0   0   0   0   0    0    0
F18     0   0   0   0   0   0   0   0   0   0   0   0   0   0   0   0    0    0
F18_1   0   0   0   0   0   0   0   0   0   0   0   0   0   0   0   0    0    0
F18_2   0   0   0   0   0   0   0   0   0   0   0   0   0   0   0   0    0    0

:     F17 F17_1 F17_2 F18 F18_1 F18_2    :=
C1      0    0     0    0    0     0
C10     0    0     0    0    0     0
C11     0    0     0    0    0     0
C12     0    0     0    0    0     0
C13     0    0     0    0    0     0
C14     0    0     0    0    0     0
C15     0    0     0    0    0     0
C2      0    0     0    0    0     0
C3      0    0     0    0    0     0
C4      0    0     0    0    0     0
C5      0    0     0    0    0     0
C6      0    0     0    0    0     0
C7      0    0     0    0    0     0
C8      0    0     0    0    0     0
C9      0    0     0    0    0     0
F16     0    0     0    0    0     0
F16_1   0    0     0    0    0     0
F16_2   0    0     0    0    0     0
F17     .    0     0    0    0     0
F17_1   0    .     0    0    0     0
F17_2   0    0     .    0    0     0
F18     0    0     0    .    0     0
F18_1   0    0     0    0    .     0
F18_2   0    0     0    0    0     .
;

sum{i in D0, j in Vplunend} x[i,j] = 4

sum{i in F, j in V: i != j} xplun[i,j] = 0

sum{i in Vall, j in Vall: i != j} t[i,j]*x[i,j] = 282.004

sum{i in Vplun, j in Vplun: i != j} t[i,j]*xplun[i,j] = 0

sum{i in F} c[i]*R[i] = 0

sum{i in F, j in Vplunend: i != j} b[i]*x[i,j] + sum{i in Vplun, j in V: i
   != j} xplun[i,j] = 1

y [*] :=
   C1 32.0989     C15 18.0278      C7 67.75       F17  0           N0 77.75
  C10 50.7292      C2 25.9663      C8 25.0989   F17_1 77.75        Nσ  0
  C11 45.344       C3 22.3607      C9 30.0989   F17_2 77.75
  C12 18.6815      C4 25.9616     F16 77.75       F18  0
  C13 62.1725      C5 53.7292   F16_1  0        F18_1  0
  C14 32.9663      C6 60.4699   F16_2 77.75     F18_2  0
;

yplun [*] :=
   C1 0     C12 0     C15 0      C4 0      C7 0     F16 0     F17 0     F18 0
  C10 0     C13 0      C2 0      C5 0      C8 0   F16_1 0   F17_1 0   F18_1 0
  C11 0     C14 0      C3 0      C6 0      C9 0   F16_2 0   F17_2 0   F18_2 0
;

A [*] :=
   C1  433          C2  675.394      C9  525         F18  224.917
  C10  716          C3  769         F16  182.858   F18_1  224.917
  C11  811.385      C4  650       F16_1 1236       F18_2 1236
  C12  890          C5  623       F16_2  182.858      N0    0
  C13  237          C6  307.23      F17 1236          Nσ 1236
  C14  356.206      C7   77       F17_1    0
  C15  872          C8  723       F17_2    0
;

Aplun [*] :=
   C1  861     C14 1071      C5 1413     F16  177   F17_2  177      Nσ    0
  C10 1413     C15 1413      C6  667   F16_1  177     F18  177
  C11 1413      C2 1413      C7  177   F16_2  177   F18_1  177
  C12 1413      C3 1413      C8 1413     F17  177   F18_2  177
  C13  327      C4 1229      C9 1231   F17_1  177      N0    0
;

u [*] :=
   C1 180     C14  40      C5 200     F16 200   F17_2 200      Nσ   0
  C10 190     C15 150      C6 190   F16_1 180     F18 200
  C11 180      C2  20      C7 200   F16_2 200   F18_1  60
  C12 170      C3  10      C8 160     F17 180   F18_2 180
  C13  60      C4 180      C9 170   F17_1 200      N0 200
;

w [*] :=
   C1 0     C13 0      C3 0      C7 0   F16_1 0   F17_2 0      N0 0
  C10 0     C14 0      C4 0      C8 0   F16_2 0     F18 0      Nσ 0
  C11 0     C15 0      C5 0      C9 0     F17 0   F18_1 0
  C12 0      C2 0      C6 0     F16 0   F17_1 0   F18_2 0
;

b [*] :=
  F16  0
F16_1  0
F16_2  0
  F17  0
F17_1  0
F17_2  0
  F18  0
F18_1  1
F18_2  0
;

c [*] :=
  F16  1
F16_1  1
F16_2  1
  F17  1
F17_1  1
F17_2  1
  F18  1
F18_1  0
F18_2  1
;

R [*] :=
  F16  0
F16_1  0
F16_2  0
  F17  0
F17_1  0
F17_2  0
  F18  0
F18_1  0
F18_2  0
;

Y [*] :=
  F16  77.75
F16_1   0
F16_2  77.75
  F17   0
F17_1  77.75
F17_2  77.75
  F18   0
F18_1  77.75
F18_2   0
;

