MIP Gap (%):  51.02688235952313
_solve_elapsed_time = 28807.5

TotalCost = 7401.61

x [*,*]
# $18 = F16_2
:      C1 C10 C11 C12 C13 C14 C15  C2  C3  C4  C5  C6  C7  C8  C9 F16 F16_1 $18 :=
C1      .   0   0   0   0   0   0   0   0   0   0   0   0   0   0   0    0    0
C10     0   .   1   0   0   0   0   0   0   0   0   0   0   0   0   0    0    0
C11     0   0   .   0   0   0   0   0   0   0   0   0   0   0   0   0    0    0
C12     0   0   0   .   0   0   0   0   0   0   0   0   0   0   0   0    0    0
C13     0   0   0   0   .   0   0   0   1   0   0   0   0   0   0   0    0    0
C14     1   0   0   0   0   .   0   0   0   0   0   0   0   0   0   0    0    0
C15     0   1   0   0   0   0   .   0   0   0   0   0   0   0   0   0    0    0
C2      0   0   0   0   0   0   0   .   0   0   0   0   0   0   0   0    0    0
C3      0   0   0   0   0   0   0   0   .   1   0   0   0   0   0   0    0    0
C4      0   0   0   0   0   0   0   0   0   .   0   0   0   0   0   0    0    0
C5      0   0   0   0   0   1   0   0   0   0   .   0   0   0   0   0    0    0
C6      0   0   0   0   0   0   0   0   0   0   0   .   1   0   0   0    0    0
C7      0   0   0   0   0   0   0   1   0   0   0   0   .   0   0   0    0    0
C8      0   0   0   0   0   0   0   0   0   0   0   0   0   .   1   0    0    0
C9      0   0   0   0   0   0   0   0   0   0   0   0   0   0   .   0    0    0
F16     0   0   0   0   0   0   0   0   0   0   0   0   0   0   0   .    1    0
F16_1   0   0   0   0   0   0   0   0   0   0   0   0   0   0   0   0    .    1
F16_2   0   0   0   0   0   0   0   0   0   0   0   0   0   0   0   1    0    .
F17     0   0   0   0   0   0   0   0   0   0   0   0   0   0   0   0    0    0
F17_1   0   0   0   0   0   0   1   0   0   0   0   0   0   0   0   0    0    0
F17_2   0   0   0   0   0   0   0   0   0   0   0   0   0   0   0   0    0    0
F18     0   0   0   0   0   0   0   0   0   0   0   0   0   0   0   0    0    0
F18_1   0   0   0   0   0   0   0   0   0   0   0   0   0   0   0   0    0    0
F18_2   0   0   0   0   0   0   0   0   0   0   0   0   0   0   0   0    0    0
F19     0   0   0   0   1   0   0   0   0   0   0   0   0   0   0   0    0    0
F19_1   0   0   0   0   0   0   0   0   0   0   0   0   0   0   0   0    0    0
F19_2   0   0   0   0   0   0   0   0   0   0   0   0   0   0   0   0    0    0
F20     0   0   0   0   0   0   0   0   0   0   0   0   0   0   0   0    0    0
F20_1   0   0   0   0   0   0   0   0   0   0   0   0   0   0   0   0    0    0
F20_2   0   0   0   0   0   0   0   0   0   0   0   0   0   0   0   0    0    0
N0      0   0   0   1   0   0   0   0   0   0   1   1   0   1   0   0    0    0
Nσ      0   0   0   0   0   0   0   0   0   0   0   0   0   0   0   0    0    0

:     F17 F17_1 F17_2 F18 F18_1 F18_2 F19 F19_1 F19_2 F20 F20_1 F20_2  N0  Nσ :=
C1      0    0     0    0    0     0    0    0     0    0    0     0    0   1
C10     0    0     0    0    0     0    0    0     0    0    0     0    0   0
C11     0    0     0    0    0     0    0    0     0    0    0     0    0   1
C12     0    0     0    0    0     0    0    0     0    0    0     0    0   1
C13     0    0     0    0    0     0    0    0     0    0    0     0    0   0
C14     0    0     0    0    0     0    0    0     0    0    0     0    0   0
C15     0    0     0    0    0     0    0    0     0    0    0     0    0   0
C2      0    0     1    0    0     0    0    0     0    0    0     0    0   0
C3      0    0     0    0    0     0    0    0     0    0    0     0    0   0
C4      0    0     0    0    0     0    0    0     0    0    0     0    0   1
C5      0    0     0    0    0     0    0    0     0    0    0     0    0   0
C6      0    0     0    0    0     0    0    0     0    0    0     0    0   0
C7      0    0     0    0    0     0    0    0     0    0    0     0    0   0
C8      0    0     0    0    0     0    0    0     0    0    0     0    0   0
C9      0    0     0    0    0     0    0    0     1    0    0     0    0   0
F16     0    0     0    0    0     0    0    0     0    0    0     0    0   0
F16_1   0    0     0    0    0     0    0    0     0    0    0     0    0   0
F16_2   0    0     0    0    0     0    0    0     0    0    0     0    0   0
F17     .    0     0    0    0     0    0    0     0    0    0     0    0   0
F17_1   0    .     0    0    0     0    0    0     0    0    0     0    0   0
F17_2   0    1     .    0    0     0    0    0     0    0    0     0    0   0
F18     0    0     0    .    0     1    0    0     0    0    0     0    0   0
F18_1   0    0     0    0    .     0    0    0     0    0    0     0    0   0
F18_2   0    0     0    1    0     .    0    0     0    0    0     0    0   0
F19     0    0     0    0    0     0    .    0     0    0    0     0    0   0
F19_1   0    0     0    0    0     0    0    .     0    0    0     0    0   0
F19_2   0    0     0    0    0     0    1    0     .    0    0     0    0   0
F20     0    0     0    0    0     0    0    0     0    .    0     0    0   0
F20_1   0    0     0    0    0     0    0    0     0    0    .     0    0   0
F20_2   0    0     0    0    0     0    0    0     0    0    0     .    0   0
N0      0    0     0    0    0     0    0    0     0    0    0     0    .   0
Nσ      0    0     0    0    0     0    0    0     0    0    0     0    0   .
;

xplun [*,*]
# $18 = F16_2
:      C1 C10 C11 C12 C13 C14 C15  C2  C3  C4  C5  C6  C7  C8  C9 F16 F16_1 $18 :=
C1      .   0   0   0   0   0   0   0   0   0   0   0   0   0   0   0    0    0
C10     0   .   0   0   0   0   0   0   0   0   0   0   0   0   0   0    0    0
C11     0   0   .   0   0   0   0   0   0   0   0   0   0   0   0   0    0    0
C12     0   0   0   .   0   0   0   0   0   0   0   0   0   0   0   0    0    0
C13     0   0   0   0   .   0   0   0   0   0   0   0   0   0   0   0    0    0
C14     0   0   0   0   0   .   0   0   0   0   0   0   0   0   0   0    0    0
C15     0   0   0   0   0   0   .   0   0   0   0   0   0   0   0   0    0    0
C2      0   0   0   0   0   0   0   .   0   0   0   0   0   0   0   0    0    0
C3      0   0   0   0   0   0   0   0   .   0   0   0   0   0   0   0    0    0
C4      0   0   0   0   0   0   0   0   0   .   0   0   0   0   0   0    0    0
C5      0   0   0   0   0   0   0   0   0   0   .   0   0   0   0   0    0    0
C6      0   0   0   0   0   0   0   0   0   0   0   .   0   0   0   0    0    0
C7      0   0   0   0   0   0   0   0   0   0   0   0   .   0   0   0    0    0
C8      0   0   0   0   0   0   0   0   0   0   0   0   0   .   0   0    0    0
C9      0   0   0   0   0   0   0   0   0   0   0   0   0   0   .   0    0    0
F16     0   0   0   0   0   0   0   0   0   0   0   0   0   0   0   .    0    0
F16_1   0   0   0   0   0   0   0   0   0   0   0   0   0   0   0   0    .    0
F16_2   0   0   0   0   0   0   0   0   0   0   0   0   0   0   0   0    0    .
F17     0   0   0   0   0   0   0   0   0   0   0   0   0   0   0   0    0    0
F17_1   0   0   0   0   0   0   0   0   0   0   0   0   0   0   0   0    0    0
F17_2   0   0   0   0   0   0   0   0   0   0   0   0   0   0   0   0    0    0
F18     0   0   0   0   0   0   0   0   0   0   0   0   0   0   0   0    0    0
F18_1   0   0   0   0   0   0   0   0   0   0   0   0   0   0   0   0    0    0
F18_2   0   0   0   0   0   0   0   0   0   0   0   0   0   0   0   0    0    0
F19     0   0   0   0   0   0   0   0   0   0   0   0   0   0   0   0    0    0
F19_1   0   0   0   0   0   0   0   0   0   0   0   0   0   0   0   0    0    0
F19_2   0   0   0   0   0   0   0   0   0   0   0   0   0   0   0   0    0    0
F20     0   0   0   0   0   0   0   0   0   0   0   0   0   0   0   0    0    0
F20_1   0   0   0   0   0   0   1   0   0   0   0   0   0   0   0   0    0    0
F20_2   0   0   0   0   0   0   0   0   0   0   0   0   0   0   0   0    0    0

:     F17 F17_1 F17_2 F18 F18_1 F18_2 F19 F19_1 F19_2 F20 F20_1 F20_2    :=
C1      0    0     0    0    0     0    0    0     0    0    0     0
C10     0    0     0    0    0     0    0    0     0    0    0     0
C11     0    0     0    0    0     0    0    0     0    0    0     0
C12     0    0     0    0    0     0    0    0     0    0    0     0
C13     0    0     0    0    0     0    0    0     0    0    0     0
C14     0    0     0    0    0     0    0    0     0    0    0     0
C15     0    0     0    0    0     0    0    0     0    1    0     0
C2      0    0     0    0    0     0    0    0     0    0    0     0
C3      0    0     0    0    0     0    0    0     0    0    0     0
C4      0    0     0    0    0     0    0    0     0    0    0     0
C5      0    0     0    0    0     0    0    0     0    0    0     0
C6      0    0     0    0    0     0    0    0     0    0    0     0
C7      0    0     0    0    0     0    0    0     0    0    0     0
C8      0    0     0    0    0     0    0    0     0    0    0     0
C9      0    0     0    0    0     0    0    0     0    0    0     0
F16     0    0     0    0    0     0    0    0     0    0    0     0
F16_1   0    0     0    0    0     0    0    0     0    0    0     0
F16_2   0    0     0    0    0     0    0    0     0    0    0     0
F17     .    0     0    0    0     0    0    0     0    0    0     0
F17_1   0    .     0    0    0     0    0    0     0    0    0     0
F17_2   0    0     .    0    0     0    0    0     0    0    0     0
F18     0    0     0    .    0     0    0    0     0    0    0     0
F18_1   0    0     0    0    .     0    0    0     0    0    0     0
F18_2   0    0     0    0    0     .    0    0     0    0    0     0
F19     0    0     0    0    0     0    .    0     0    0    0     0
F19_1   0    0     0    0    0     0    0    .     0    0    0     0
F19_2   0    0     0    0    0     0    0    0     .    0    0     0
F20     0    0     0    0    0     0    0    0     0    .    0     0
F20_1   0    0     0    0    0     0    0    0     0    0    .     0
F20_2   0    0     0    0    0     0    0    0     0    0    0     .
;

sum{i in D0, j in Vplunend} x[i,j] = 4

sum{i in F, j in V: i != j} xplun[i,j] = 1

sum{i in Vall, j in Vall: i != j} t[i,j]*x[i,j] = 381.541

sum{i in Vplun, j in Vplun: i != j} t[i,j]*xplun[i,j] = 27.8568

sum{i in F} c[i]*R[i] = 0

sum{i in F, j in Vplunend: i != j} b[i]*x[i,j] + sum{i in Vplun, j in V: i
   != j} xplun[i,j] = 2

y [*] :=
   C1 34.1406      C2 12.0656      C9 26.6079     F18 77.75     F20_1 77.75
  C10 56.5801      C3 22.2871     F16  0        F18_1  0        F20_2  0
  C11 24.3311      C4 18.6815   F16_1  0        F18_2 77.75        N0 77.75
  C12 60.2597      C5 60.6328   F16_2  0          F19 46.2813      Nσ  0
  C13 31.7211      C6 44.209      F17  0        F19_1  0
  C14 43.9895      C7 31.1706   F17_1  5.6162   F19_2  0
  C15 61.9653      C8 63.6079   F17_2  8.46       F20  0
;

yplun [*] :=
   C1  13.0384      C3 155.5      F16_1   0          F19   0
  C10  95.3962      C4 155.5      F16_2   0        F19_1   0
  C11  13.0384      C5  13.9284     F17   0        F19_2   0
  C12  13.0384      C6 155.5      F17_1   0          F20   0
  C13  13.9284      C7   0        F17_2   0        F20_1 114.71
  C14  13.9284      C8  13.9284     F18   0        F20_2   0
  C15 100.781       C9  13.0384   F18_1   0
   C2  13.0384     F16   0        F18_2   0
;

A [*] :=
   C1 2311         C2 1643.63      C9 1442        F18 3390      F20_1 3390
  C10 2414         C3 2664.39     F16 3390      F18_1 3390      F20_2 3390
  C11 3257         C4 2758      F16_1 3390      F18_2 3390         N0    0
  C12 2791         C5  369      F16_2 3390        F19 1553.02      Nσ 3390
  C13 2360         C6  567        F17 1914.69   F19_1    0
  C14 1803         C7 1534.52   F17_1 2269.6    F19_2 1553.02
  C15 2291         C8  185      F17_2 1737.23     F20 3390
;

Aplun [*] :=
   C1 3480         C2 3354         C9 2821.15     F18  300      F20_1  300
  C10 3690         C3 3690        F16  300      F18_1  300      F20_2  300
  C11 3383.09      C4 2758      F16_1  300      F18_2  300         N0    0
  C12 3690         C5  668      F16_2  300        F19  300         Nσ    0
  C13 3377.15      C6 1064        F17  300      F19_1  300
  C14 3103.13      C7 3360      F17_1  300      F19_2  300
  C15 2381         C8  300      F17_2  300        F20 2395
;

u [*] :=
   C1  20     C15  40      C7  70     F17  40     F19  30      N0 700
  C10  30      C2  60      C8 700   F17_1  40   F19_1   0      Nσ   0
  C11  20      C3  20      C9 650   F17_2  40   F19_2  30
  C12 700      C4  10     F16   0     F18   0     F20   0
  C13  30      C5  40   F16_1   0   F18_1   0   F20_1   0
  C14  30      C6  80   F16_2   0   F18_2   0   F20_2   0
;

w [*] :=
   C1 0     C13 0      C3 0      C7 0   F16_1 0   F17_2 0     F19 0   F20_1 5
  C10 0     C14 0      C4 0      C8 0   F16_2 0     F18 0   F19_1 0   F20_2 0
  C11 0     C15 4      C5 0      C9 0     F17 0   F18_1 0   F19_2 0      N0 0
  C12 0      C2 0      C6 0     F16 0   F17_1 0   F18_2 0     F20 0      Nσ 0
;

b [*] :=
  F16  0
F16_1  0
F16_2  0
  F17  0
F17_1  0
F17_2  0
  F18  0
F18_1  1
F18_2  0
  F19  0
F19_1  1
F19_2  1
  F20  0
F20_1  0
F20_2  0
;

c [*] :=
  F16  1
F16_1  1
F16_2  1
  F17  1
F17_1  1
F17_2  1
  F18  1
F18_1  0
F18_2  1
  F19  1
F19_1  0
F19_2  0
  F20  1
F20_1  1
F20_2  1
;

R [*] :=
  F16  0
F16_1  0
F16_2  0
  F17  0
F17_1  0
F17_2  0
  F18  0
F18_1  0
F18_2  0
  F19  0
F19_1  0
F19_2  0
  F20  0
F20_1  0
F20_2  0
;

Y [*] :=
  F16   0
F16_1   0
F16_2   0
  F17   0
F17_1   5.6162
F17_2   8.46
  F18  77.75
F18_1  77.75
F18_2  77.75
  F19  46.2813
F19_1  77.75
F19_2  77.75
  F20   0
F20_1  77.75
F20_2   0
;

