MIP Gap (%):  40.843575234090615
_solve_elapsed_time = 28805.9

TotalCost = 5919.86

x [*,*]
# $18 = F16_2
:      C1 C10 C11 C12 C13 C14 C15  C2  C3  C4  C5  C6  C7  C8  C9 F16 F16_1 $18 :=
C1      .   0   0   0   0   0   0   0   0   0   0   0   1   0   0   0    0    0
C10     1   .   0   0   0   0   0   0   0   0   0   0   0   0   0   0    0    0
C11     0   0   .   0   1   0   0   0   0   0   0   0   0   0   0   0    0    0
C12     0   0   0   .   0   0   0   0   0   0   1   0   0   0   0   0    0    0
C13     0   0   0   0   .   0   0   0   0   0   0   0   0   0   0   1    0    0
C14     0   0   0   1   0   .   0   0   0   0   0   0   0   0   0   0    0    0
C15     0   0   0   0   0   0   .   0   0   0   0   1   0   0   0   0    0    0
C2      0   1   0   0   0   0   0   .   0   0   0   0   0   0   0   0    0    0
C3      0   0   0   0   0   0   1   0   .   0   0   0   0   0   0   0    0    0
C4      0   0   0   0   0   0   0   0   1   .   0   0   0   0   0   0    0    0
C5      0   0   0   0   0   0   0   0   0   0   .   0   0   0   0   0    0    0
C6      0   0   0   0   0   0   0   0   0   0   0   .   0   1   0   0    0    0
C7      0   0   0   0   0   0   0   0   0   0   0   0   .   0   0   0    0    0
C8      0   0   0   0   0   1   0   0   0   0   0   0   0   .   0   0    0    0
C9      0   0   1   0   0   0   0   0   0   0   0   0   0   0   .   0    0    0
F16     0   0   0   0   0   0   0   0   0   0   0   0   0   0   0   .    0    0
F16_1   0   0   0   0   0   0   0   0   0   0   0   0   0   0   0   0    .    0
F16_2   0   0   0   0   0   0   0   1   0   0   0   0   0   0   0   0    0    .
F17     0   0   0   0   0   0   0   0   0   0   0   0   0   0   0   0    0    0
F17_1   0   0   0   0   0   0   0   0   0   0   0   0   0   0   0   0    0    0
F17_2   0   0   0   0   0   0   0   0   0   0   0   0   0   0   0   0    0    0
F18     0   0   0   0   0   0   0   0   0   0   0   0   0   0   1   0    0    0
F18_1   0   0   0   0   0   0   0   0   0   0   0   0   0   0   0   0    0    0
F18_2   0   0   0   0   0   0   0   0   0   0   0   0   0   0   0   0    0    0
F19     0   0   0   0   0   0   0   0   0   0   0   0   0   0   0   0    0    0
F19_1   0   0   0   0   0   0   0   0   0   0   0   0   0   0   0   0    0    0
F19_2   0   0   0   0   0   0   0   0   0   0   0   0   0   0   0   0    0    0
N0      0   0   0   0   0   0   0   0   0   1   0   0   0   0   0   0    0    1
Nσ      0   0   0   0   0   0   0   0   0   0   0   0   0   0   0   0    0    0

:     F17 F17_1 F17_2 F18 F18_1 F18_2 F19 F19_1 F19_2  N0  Nσ    :=
C1      0    0     0    0    0     0    0    0     0    0   0
C10     0    0     0    0    0     0    0    0     0    0   0
C11     0    0     0    0    0     0    0    0     0    0   0
C12     0    0     0    0    0     0    0    0     0    0   0
C13     0    0     0    0    0     0    0    0     0    0   0
C14     0    0     0    0    0     0    0    0     0    0   0
C15     0    0     0    0    0     0    0    0     0    0   0
C2      0    0     0    0    0     0    0    0     0    0   0
C3      0    0     0    0    0     0    0    0     0    0   0
C4      0    0     0    0    0     0    0    0     0    0   0
C5      0    0     0    0    0     0    0    0     0    0   1
C6      0    0     0    0    0     0    0    0     0    0   0
C7      0    0     0    0    0     1    0    0     0    0   0
C8      0    0     0    0    0     0    0    0     0    0   0
C9      0    0     0    0    0     0    0    0     0    0   0
F16     0    0     0    0    0     0    0    0     0    0   1
F16_1   0    0     0    0    0     0    0    0     0    0   0
F16_2   0    0     0    0    0     0    0    0     0    0   0
F17     .    0     0    0    0     0    0    0     0    0   0
F17_1   0    .     0    0    0     0    0    0     0    0   0
F17_2   0    0     .    0    0     0    0    0     0    0   0
F18     0    0     0    .    0     0    0    0     0    0   0
F18_1   0    0     0    0    .     0    0    0     0    0   0
F18_2   0    0     0    1    0     .    0    0     0    0   0
F19     0    0     0    0    0     0    .    0     1    0   0
F19_1   0    0     0    0    0     0    0    .     0    0   0
F19_2   0    0     0    0    0     0    1    0     .    0   0
N0      0    0     0    0    0     0    0    0     0    .   0
Nσ      0    0     0    0    0     0    0    0     0    0   .
;

xplun [*,*]
# $18 = F16_2
:      C1 C10 C11 C12 C13 C14 C15  C2  C3  C4  C5  C6  C7  C8  C9 F16 F16_1 $18 :=
C1      .   0   0   0   0   0   0   0   0   0   0   0   0   0   0   0    0    0
C10     0   .   0   0   0   0   0   0   0   0   0   0   0   0   0   0    0    0
C11     0   0   .   0   0   0   0   0   0   0   0   0   0   0   0   0    0    0
C12     0   0   0   .   0   0   0   0   0   0   0   0   0   0   0   0    0    0
C13     0   0   0   0   .   0   0   0   0   0   0   0   0   0   0   0    0    0
C14     0   0   0   0   0   .   0   0   0   0   0   0   0   0   0   0    0    0
C15     0   0   0   0   0   0   .   0   0   0   0   0   0   0   0   0    0    0
C2      0   0   0   0   0   0   0   .   0   0   0   0   0   0   0   0    0    0
C3      0   0   0   0   0   0   0   0   .   0   0   0   0   0   0   0    0    0
C4      0   0   0   0   0   0   0   0   0   .   0   0   0   0   0   0    0    0
C5      0   0   0   0   0   0   0   0   0   0   .   0   0   0   0   0    0    0
C6      0   0   0   0   0   0   0   0   0   0   0   .   0   0   0   0    0    0
C7      0   0   0   0   0   0   0   0   0   0   0   0   .   0   0   0    0    0
C8      0   0   0   0   0   0   0   0   0   0   0   0   0   .   0   0    0    0
C9      0   0   0   0   0   0   0   0   0   0   0   0   0   0   .   0    0    0
F16     0   0   0   0   0   0   0   0   0   0   0   0   0   0   0   .    0    0
F16_1   0   0   0   0   0   0   0   0   0   0   0   0   0   0   0   0    .    0
F16_2   0   0   0   0   0   0   0   0   0   0   0   0   0   0   0   0    0    .
F17     0   0   0   0   0   0   0   0   0   0   0   0   0   0   0   0    0    0
F17_1   0   0   0   0   0   1   0   0   0   0   0   0   0   0   0   0    0    0
F17_2   0   0   0   0   0   0   0   0   0   0   0   0   0   0   0   0    0    0
F18     0   0   0   0   0   0   0   0   0   0   0   0   0   0   0   0    0    0
F18_1   0   0   0   0   0   0   0   0   0   0   0   0   0   0   0   0    0    0
F18_2   0   0   0   0   0   0   0   0   0   0   0   0   0   0   0   0    0    0
F19     0   0   0   0   0   0   0   0   0   0   0   0   0   0   0   0    0    0
F19_1   0   0   0   0   0   0   0   0   0   0   0   0   0   0   0   0    0    0
F19_2   0   0   0   0   0   0   0   0   0   0   0   0   0   0   0   0    0    0

:     F17 F17_1 F17_2 F18 F18_1 F18_2 F19 F19_1 F19_2    :=
C1      0    0     0    0    0     0    0    0     0
C10     0    0     0    0    0     0    0    0     0
C11     0    0     0    0    0     0    0    0     0
C12     0    0     0    0    0     0    0    0     0
C13     0    0     0    0    0     0    0    0     0
C14     0    0     1    0    0     0    0    0     0
C15     0    0     0    0    0     0    0    0     0
C2      0    0     0    0    0     0    0    0     0
C3      0    0     0    0    0     0    0    0     0
C4      0    0     0    0    0     0    0    0     0
C5      0    0     0    0    0     0    0    0     0
C6      0    0     0    0    0     0    0    0     0
C7      0    0     0    0    0     0    0    0     0
C8      0    0     0    0    0     0    0    0     0
C9      0    0     0    0    0     0    0    0     0
F16     0    0     0    0    0     0    0    0     0
F16_1   0    0     0    0    0     0    0    0     0
F16_2   0    0     0    0    0     0    0    0     0
F17     .    0     0    0    0     0    0    0     0
F17_1   0    .     0    0    0     0    0    0     0
F17_2   0    0     .    0    0     0    0    0     0
F18     0    0     0    .    0     0    0    0     0
F18_1   0    0     0    0    .     0    0    0     0
F18_2   0    0     0    0    0     .    0    0     0
F19     0    0     0    0    0     0    .    0     0
F19_1   0    0     0    0    0     0    0    .     0
F19_2   0    0     0    0    0     0    0    0     .
;

sum{i in D0, j in Vplunend} x[i,j] = 2

sum{i in F, j in V: i != j} xplun[i,j] = 1

sum{i in Vall, j in Vall: i != j} t[i,j]*x[i,j] = 279.589

sum{i in Vplun, j in Vplun: i != j} t[i,j]*xplun[i,j] = 21.6334

sum{i in F} c[i]*R[i] = 0

sum{i in F, j in Vplunend: i != j} b[i]*x[i,j] + sum{i in Vplun, j in V: i
   != j} xplun[i,j] = 2

y [*] :=
   C1 61.316      C15 40.5374      C7 40.1028     F17 77.75       F19 77.75
  C10 64.9216      C2 67.75        C8 17.1505   F17_1 77.75     F19_1 77.75
  C11 24.5529      C3 45.5374      C9 52.7309   F17_2  0        F19_2 77.75
  C12 56.0784      C4 61.9386     F16  0          F18  0           N0 77.75
  C13 16.5529      C5 51.0784   F16_1 77.75     F18_1  0           Nσ  0
  C14 73.1664      C6 28.3308   F16_2 77.75     F18_2  9.8704
;

yplun [*] :=
   C1 155.5         C2 155.5         C9 155.5        F18 155.5
  C10 155.5         C3 155.5        F16 155.5      F18_1 155.5
  C11 155.5         C4 155.5      F16_1 155.5      F18_2 155.5
  C12 155.5         C5 155.5      F16_2 155.5        F19 155.5
  C13 155.5         C6 155.5        F17 155.5      F19_1 155.5
  C14  10.8167      C7   0        F17_1 155.5      F19_2 155.5
  C15 155.5         C8 155.5      F17_2   0
;

A [*] :=
   C1  655          C3  738       F16_1  458.566     F19 3390
  C10  561.394      C4  254.198   F16_2  458.566   F19_1 3135.8
  C11 2235          C5 2909         F17    0       F19_2 3390
  C12 2174          C6 1306       F17_1    0          N0    0
  C13 2333          C7  766.213   F17_2 1778.61       Nσ 3390
  C14 2043.2        C8 1685         F18 1222.8
  C15 1203.79       C9 2030       F18_1 1541.23
   C2  468.566     F16 3390       F18_2  886.446
;

Aplun [*] :=
   C1  760       C15 2396        C7 1812       F17  750       F19  750
  C10  754        C2  750        C8 4100     F17_1  750     F19_1  750
  C11 4140        C3 2206        C9 3510     F17_2 2145     F19_2  750
  C12 2904        C4  760       F16  750       F18  750        N0    0
  C13 4140        C5 4140     F16_1  750     F18_1  750        Nσ    0
  C14 2133.2      C6 3342     F16_2  750     F18_2  750
;

u [*] :=
   C1  60     C14  50      C5  10     F16   0   F17_2  50   F19_1   0
  C10  80     C15 120      C6 100   F16_1  90     F18  30   F19_2   0
  C11  20      C2  90      C7  50   F16_2 700   F18_1 700      N0 700
  C12  20      C3 140      C8  70     F17   0   F18_2  30      Nσ   0
  C13  10      C4 160      C9  30   F17_1   0     F19   0
;

w [*] :=
   C1 0     C13 0      C3 0      C7 0   F16_1 0   F17_2 0     F19 0      Nσ 0
  C10 0     C14 1      C4 0      C8 0   F16_2 0     F18 0   F19_1 0
  C11 0     C15 0      C5 0      C9 0     F17 0   F18_1 0   F19_2 0
  C12 0      C2 0      C6 0     F16 0   F17_1 2   F18_2 0      N0 0
;

b [*] :=
  F16  0
F16_1  0
F16_2  0
  F17  0
F17_1  0
F17_2  0
  F18  1
F18_1  1
F18_2  0
  F19  0
F19_1  0
F19_2  0
;

c [*] :=
  F16  1
F16_1  1
F16_2  1
  F17  1
F17_1  1
F17_2  1
  F18  0
F18_1  0
F18_2  1
  F19  1
F19_1  1
F19_2  1
;

R [*] :=
  F16  0
F16_1  0
F16_2  0
  F17  0
F17_1  0
F17_2  0
  F18  0
F18_1  0
F18_2  0
  F19  0
F19_1  0
F19_2  0
;

Y [*] :=
  F16   0
F16_1  77.75
F16_2  77.75
  F17  77.75
F17_1  77.75
F17_2   0
  F18  77.75
F18_1  77.75
F18_2   9.8704
  F19  77.75
F19_1  77.75
F19_2  77.75
;

