MIP Gap (%):  76.5234354362547
_solve_elapsed_time = 28814.2

TotalCost = 10903.7

x [*,*]
# $18 = F16_2
:      C1 C10 C11 C12 C13 C14 C15  C2  C3  C4  C5  C6  C7  C8  C9 F16 F16_1 $18 :=
C1      .   0   0   1   0   0   0   0   0   0   0   0   0   0   0   0    0    0
C10     0   .   0   0   0   0   0   0   0   0   0   0   0   0   0   0    0    0
C11     0   1   .   0   0   0   0   0   0   0   0   0   0   0   0   0    0    0
C12     0   0   0   .   0   1   0   0   0   0   0   0   0   0   0   0    0    0
C13     0   0   0   0   .   0   0   0   0   0   1   0   0   0   0   0    0    0
C14     0   0   0   0   0   .   0   0   0   0   0   0   0   0   0   0    0    0
C15     0   0   0   0   0   0   .   0   0   0   0   0   0   0   0   0    0    0
C2      0   0   0   0   0   0   0   .   0   0   0   0   0   0   0   0    0    0
C3      0   0   0   0   0   0   0   0   .   0   0   0   0   0   1   0    0    0
C4      0   0   0   0   0   0   0   0   0   .   0   0   0   0   0   0    0    0
C5      0   0   0   0   0   0   0   0   0   0   .   0   0   1   0   0    0    0
C6      0   0   0   0   0   0   0   0   0   0   0   .   0   0   0   0    0    0
C7      0   0   0   0   0   0   0   0   0   0   0   0   .   0   0   0    0    0
C8      0   0   0   0   0   0   0   0   0   0   0   0   0   .   0   0    0    0
C9      0   0   0   0   0   0   0   0   0   0   0   0   0   0   .   0    0    0
F16     0   0   0   0   0   0   0   0   0   0   0   0   0   0   0   .    0    0
F16_1   0   0   0   0   0   0   0   0   0   0   0   0   0   0   0   0    .    0
F16_2   0   0   0   0   0   0   0   0   0   1   0   0   0   0   0   0    0    .
F17     0   0   0   0   0   0   0   0   0   0   0   0   0   0   0   0    0    0
F17_1   0   0   0   0   0   0   0   0   0   0   0   0   0   0   0   0    0    0
F17_2   0   0   0   0   0   0   0   0   0   0   0   0   0   0   0   0    0    0
F18     0   0   0   0   0   0   0   0   0   0   0   0   0   0   0   0    0    0
F18_1   0   0   0   0   0   0   0   0   0   0   0   0   0   0   0   0    0    0
F18_2   0   0   0   0   0   0   0   0   0   0   0   0   0   0   0   0    0    0
F19     0   0   0   0   0   0   0   1   0   0   0   0   0   0   0   0    0    0
F19_1   0   0   0   0   0   0   0   0   0   0   0   0   0   0   0   0    0    0
F19_2   0   0   0   0   0   0   0   0   0   0   0   0   0   0   0   0    0    0
F20     0   0   0   0   0   0   0   0   0   0   0   0   0   0   0   0    1    0
F20_1   0   0   0   0   0   0   0   0   0   0   0   0   0   0   0   0    0    0
F20_2   0   0   0   0   0   0   0   0   0   0   0   0   0   0   0   0    0    0
F21     1   0   0   0   0   0   0   0   0   0   0   0   0   0   0   0    0    0
F21_1   0   0   0   0   0   0   0   0   0   0   0   0   0   0   0   0    0    0
F21_2   0   0   0   0   0   0   0   0   0   0   0   0   0   0   0   0    0    0
F22     0   0   0   0   0   0   0   0   0   0   0   0   0   0   0   0    0    0
F22_1   0   0   0   0   0   0   0   0   0   0   0   0   0   0   0   0    0    0
F22_2   0   0   0   0   0   0   0   0   0   0   0   0   0   0   0   0    0    0
F23     0   0   0   0   0   0   0   0   0   0   0   0   0   0   0   0    0    0
F23_1   0   0   0   0   0   0   0   0   0   0   0   0   0   0   0   0    0    0
F23_2   0   0   0   0   0   0   0   0   0   0   0   0   0   0   0   0    0    0
N0      0   0   1   0   1   0   1   0   1   0   0   1   1   0   0   0    0    1
Nσ      0   0   0   0   0   0   0   0   0   0   0   0   0   0   0   0    0    0

# $3 = F17_2
# $5 = F18_1
# $6 = F18_2
# $8 = F19_1
# $9 = F19_2
# $11 = F20_1
# $12 = F20_2
# $14 = F21_1
# $15 = F21_2
# $17 = F22_1
# $18 = F22_2
:     F17 F17_1  $3 F18  $5  $6 F19  $8  $9 F20 $11 $12 F21 $14 $15 F22 $17 $18 :=
C1      0    0    0   0   0   0   0   0   0   0   0   0   0   0   0   0   0   0
C10     0    0    0   0   0   0   0   0   0   0   0   0   0   0   0   0   0   0
C11     0    0    0   0   0   0   0   0   0   0   0   0   0   0   0   0   0   0
C12     0    0    0   0   0   0   0   0   0   0   0   0   0   0   0   0   0   0
C13     0    0    0   0   0   0   0   0   0   0   0   0   0   0   0   0   0   0
C14     0    0    0   0   0   0   0   0   0   0   0   0   0   0   0   0   0   0
C15     0    0    0   0   0   0   0   0   0   0   0   0   0   0   0   0   0   0
C2      0    0    0   0   0   0   0   0   0   0   0   0   0   0   0   0   0   0
C3      0    0    0   0   0   0   0   0   0   0   0   0   0   0   0   0   0   0
C4      0    0    0   0   0   0   0   0   0   0   0   0   0   0   0   0   0   0
C5      0    0    0   0   0   0   0   0   0   0   0   0   0   0   0   0   0   0
C6      0    0    0   0   0   0   0   0   0   0   0   0   0   0   1   0   0   0
C7      0    0    0   0   0   0   0   0   0   0   0   0   0   0   0   0   0   0
C8      0    0    0   0   0   0   0   0   0   0   0   0   0   0   0   0   0   0
C9      0    0    0   0   0   0   0   0   0   1   0   0   0   0   0   0   0   0
F16     0    0    0   0   0   0   0   0   0   0   0   0   0   0   0   0   0   0
F16_1   0    0    0   0   0   0   0   0   0   0   0   0   0   0   0   0   0   0
F16_2   0    0    0   0   0   0   0   0   0   0   0   0   0   0   0   0   0   0
F17     .    0    0   0   0   0   0   0   0   0   0   0   0   0   0   0   0   0
F17_1   0    .    0   0   0   0   0   0   0   0   0   0   0   0   0   0   0   0
F17_2   0    0    .   0   0   0   0   0   0   0   0   0   0   0   0   0   0   0
F18     0    0    0   .   0   0   0   0   0   0   0   0   0   0   0   0   0   0
F18_1   0    0    0   0   .   0   0   0   0   0   0   0   0   0   0   0   0   0
F18_2   0    0    0   0   0   .   0   0   0   0   0   0   0   0   0   0   0   0
F19     0    0    0   0   0   0   .   0   0   0   0   0   0   0   0   0   0   0
F19_1   0    0    0   0   0   0   0   .   0   0   0   0   0   0   0   0   0   0
F19_2   0    0    0   0   0   0   0   0   .   0   0   0   0   0   0   0   0   0
F20     0    0    0   0   0   0   0   0   0   .   0   0   0   0   0   0   0   0
F20_1   0    0    0   0   0   0   0   0   0   0   .   0   0   0   0   0   0   0
F20_2   0    0    0   0   0   0   0   0   0   0   0   .   0   0   0   0   0   0
F21     0    0    0   0   0   0   0   0   0   0   0   0   .   0   0   0   0   0
F21_1   0    0    0   0   0   0   0   0   0   0   0   0   0   .   0   0   0   0
F21_2   0    0    0   0   0   0   0   0   0   0   0   0   1   0   .   0   0   0
F22     0    0    0   0   0   0   0   0   0   0   0   0   0   0   0   .   0   0
F22_1   0    0    0   0   0   0   0   0   0   0   0   0   0   0   0   0   .   0
F22_2   0    0    0   0   0   0   0   0   0   0   0   0   0   0   0   0   0   .
F23     0    0    0   0   0   0   0   0   0   0   0   0   0   0   0   0   0   0
F23_1   0    0    0   0   0   0   0   0   0   0   0   0   0   0   0   0   0   0
F23_2   0    0    0   0   0   0   0   0   0   0   0   0   0   0   0   0   0   0
N0      0    0    0   0   0   0   1   0   0   0   0   0   0   0   0   0   0   0
Nσ      0    0    0   0   0   0   0   0   0   0   0   0   0   0   0   0   0   0

:     F23 F23_1 F23_2  N0  Nσ    :=
C1      0    0     0    0   0
C10     0    0     0    0   1
C11     0    0     0    0   0
C12     0    0     0    0   0
C13     0    0     0    0   0
C14     0    0     0    0   1
C15     0    0     0    0   1
C2      0    0     0    0   1
C3      0    0     0    0   0
C4      0    0     0    0   1
C5      0    0     0    0   0
C6      0    0     0    0   0
C7      0    0     0    0   1
C8      0    0     0    0   1
C9      0    0     0    0   0
F16     0    0     0    0   0
F16_1   0    0     0    0   1
F16_2   0    0     0    0   0
F17     0    0     0    0   0
F17_1   0    0     0    0   0
F17_2   0    0     0    0   0
F18     0    0     0    0   0
F18_1   0    0     0    0   0
F18_2   0    0     0    0   0
F19     0    0     0    0   0
F19_1   0    0     0    0   0
F19_2   0    0     0    0   0
F20     0    0     0    0   0
F20_1   0    0     0    0   0
F20_2   0    0     0    0   0
F21     0    0     0    0   0
F21_1   0    0     0    0   0
F21_2   0    0     0    0   0
F22     0    0     0    0   0
F22_1   0    0     0    0   0
F22_2   0    0     0    0   0
F23     .    0     0    0   0
F23_1   0    .     0    0   0
F23_2   0    0     .    0   0
N0      0    0     0    .   0
Nσ      0    0     0    0   .
;

xplun [*,*]
# $18 = F16_2
:      C1 C10 C11 C12 C13 C14 C15  C2  C3  C4  C5  C6  C7  C8  C9 F16 F16_1 $18 :=
C1      .   0   0   0   0   0   0   0   0   0   0   0   0   0   0   0    0    0
C10     0   .   0   0   0   0   0   0   0   0   0   0   0   0   0   0    0    0
C11     0   0   .   0   0   0   0   0   0   0   0   0   0   0   0   0    0    0
C12     0   0   0   .   0   0   0   0   0   0   0   0   0   0   0   0    0    0
C13     0   0   0   0   .   0   0   0   0   0   0   0   0   0   0   0    0    0
C14     0   0   0   0   0   .   0   0   0   0   0   0   0   0   0   0    0    0
C15     0   0   0   0   0   0   .   0   0   0   0   0   0   0   0   0    0    0
C2      0   0   0   0   0   0   0   .   0   0   0   0   0   0   0   0    0    0
C3      0   0   0   0   0   0   0   0   .   0   0   0   0   0   0   0    0    0
C4      0   0   0   0   0   0   0   0   0   .   0   0   0   0   0   0    0    0
C5      0   0   0   0   0   0   0   0   0   0   .   0   0   0   0   0    0    0
C6      0   0   0   0   0   0   0   0   0   0   0   .   0   0   0   0    0    0
C7      0   0   0   0   0   0   0   0   0   0   0   0   .   0   0   0    0    0
C8      0   0   0   0   0   0   0   0   0   0   0   0   0   .   0   0    0    0
C9      0   0   0   0   0   0   0   0   0   0   0   0   0   0   .   0    0    0
F16     0   0   0   0   0   0   0   0   0   0   0   0   0   0   0   .    0    0
F16_1   0   0   0   0   0   0   0   0   0   0   0   0   0   0   0   0    .    0
F16_2   0   0   0   0   0   0   0   0   0   0   0   0   0   0   0   0    0    .
F17     0   0   0   0   0   0   0   0   0   0   0   0   0   0   0   0    0    0
F17_1   0   0   0   0   0   0   0   0   0   0   0   0   0   0   0   0    0    0
F17_2   0   0   0   0   0   0   0   0   0   0   0   0   0   0   0   0    0    0
F18     0   0   0   0   0   0   0   0   0   0   0   0   0   0   0   0    0    0
F18_1   0   0   0   0   0   0   0   0   0   0   0   0   0   0   0   0    0    0
F18_2   0   0   0   0   0   0   0   0   0   0   0   0   0   0   0   0    0    0
F19     0   0   0   0   0   0   0   0   0   0   0   0   0   0   0   0    0    0
F19_1   0   0   0   0   0   0   0   0   0   0   0   0   0   0   0   0    0    0
F19_2   0   0   0   0   0   0   0   0   0   0   0   0   0   0   0   0    0    0
F20     0   0   0   0   0   0   0   0   0   0   0   0   0   0   0   0    0    0
F20_1   0   0   0   0   0   0   0   0   0   0   0   0   0   0   0   0    0    0
F20_2   0   0   0   0   0   0   0   0   0   0   0   0   0   0   0   0    0    0
F21     0   0   0   0   0   0   0   0   0   0   0   0   0   0   0   0    0    0
F21_1   0   0   0   0   0   0   0   0   0   0   0   0   0   0   0   0    0    0
F21_2   0   0   0   0   0   0   0   0   0   0   0   0   0   0   0   0    0    0
F22     0   0   0   0   0   0   0   0   0   0   0   0   0   0   0   0    0    0
F22_1   0   0   0   0   0   0   0   0   0   0   0   0   0   0   0   0    0    0
F22_2   0   0   0   0   0   0   0   0   0   0   0   0   0   0   0   0    0    0
F23     0   0   0   0   0   0   0   0   0   0   0   0   0   0   0   0    0    0
F23_1   0   0   0   0   0   0   0   0   0   0   0   0   0   0   0   0    0    0
F23_2   0   0   0   0   0   0   0   0   0   0   0   0   0   0   0   0    0    0

# $3 = F17_2
# $5 = F18_1
# $6 = F18_2
# $8 = F19_1
# $9 = F19_2
# $11 = F20_1
# $12 = F20_2
# $14 = F21_1
# $15 = F21_2
# $17 = F22_1
# $18 = F22_2
:     F17 F17_1  $3 F18  $5  $6 F19  $8  $9 F20 $11 $12 F21 $14 $15 F22 $17 $18 :=
C1      0    0    0   0   0   0   0   0   0   0   0   0   0   0   0   0   0   0
C10     0    0    0   0   0   0   0   0   0   0   0   0   0   0   0   0   0   0
C11     0    0    0   0   0   0   0   0   0   0   0   0   0   0   0   0   0   0
C12     0    0    0   0   0   0   0   0   0   0   0   0   0   0   0   0   0   0
C13     0    0    0   0   0   0   0   0   0   0   0   0   0   0   0   0   0   0
C14     0    0    0   0   0   0   0   0   0   0   0   0   0   0   0   0   0   0
C15     0    0    0   0   0   0   0   0   0   0   0   0   0   0   0   0   0   0
C2      0    0    0   0   0   0   0   0   0   0   0   0   0   0   0   0   0   0
C3      0    0    0   0   0   0   0   0   0   0   0   0   0   0   0   0   0   0
C4      0    0    0   0   0   0   0   0   0   0   0   0   0   0   0   0   0   0
C5      0    0    0   0   0   0   0   0   0   0   0   0   0   0   0   0   0   0
C6      0    0    0   0   0   0   0   0   0   0   0   0   0   0   0   0   0   0
C7      0    0    0   0   0   0   0   0   0   0   0   0   0   0   0   0   0   0
C8      0    0    0   0   0   0   0   0   0   0   0   0   0   0   0   0   0   0
C9      0    0    0   0   0   0   0   0   0   0   0   0   0   0   0   0   0   0
F16     0    0    0   0   0   0   0   0   0   0   0   0   0   0   0   0   0   0
F16_1   0    0    0   0   0   0   0   0   0   0   0   0   0   0   0   0   0   0
F16_2   0    0    0   0   0   0   0   0   0   0   0   0   0   0   0   0   0   0
F17     .    0    0   0   0   0   0   0   0   0   0   0   0   0   0   0   0   0
F17_1   0    .    0   0   0   0   0   0   0   0   0   0   0   0   0   0   0   0
F17_2   0    0    .   0   0   0   0   0   0   0   0   0   0   0   0   0   0   0
F18     0    0    0   .   0   0   0   0   0   0   0   0   0   0   0   0   0   0
F18_1   0    0    0   0   .   0   0   0   0   0   0   0   0   0   0   0   0   0
F18_2   0    0    0   0   0   .   0   0   0   0   0   0   0   0   0   0   0   0
F19     0    0    0   0   0   0   .   0   0   0   0   0   0   0   0   0   0   0
F19_1   0    0    0   0   0   0   0   .   0   0   0   0   0   0   0   0   0   0
F19_2   0    0    0   0   0   0   0   0   .   0   0   0   0   0   0   0   0   0
F20     0    0    0   0   0   0   0   0   0   .   0   0   0   0   0   0   0   0
F20_1   0    0    0   0   0   0   0   0   0   0   .   0   0   0   0   0   0   0
F20_2   0    0    0   0   0   0   0   0   0   0   0   .   0   0   0   0   0   0
F21     0    0    0   0   0   0   0   0   0   0   0   0   .   0   0   0   0   0
F21_1   0    0    0   0   0   0   0   0   0   0   0   0   0   .   0   0   0   0
F21_2   0    0    0   0   0   0   0   0   0   0   0   0   0   0   .   0   0   0
F22     0    0    0   0   0   0   0   0   0   0   0   0   0   0   0   .   0   0
F22_1   0    0    0   0   0   0   0   0   0   0   0   0   0   0   0   0   .   0
F22_2   0    0    0   0   0   0   0   0   0   0   0   0   0   0   0   0   0   .
F23     0    0    0   0   0   0   0   0   0   0   0   0   0   0   0   0   0   0
F23_1   0    0    0   0   0   0   0   0   0   0   0   0   0   0   0   0   0   0
F23_2   0    0    0   0   0   0   0   0   0   0   0   0   0   0   0   0   0   0

:     F23 F23_1 F23_2    :=
C1      0    0     0
C10     0    0     0
C11     0    0     0
C12     0    0     0
C13     0    0     0
C14     0    0     0
C15     0    0     0
C2      0    0     0
C3      0    0     0
C4      0    0     0
C5      0    0     0
C6      0    0     0
C7      0    0     0
C8      0    0     0
C9      0    0     0
F16     0    0     0
F16_1   0    0     0
F16_2   0    0     0
F17     0    0     0
F17_1   0    0     0
F17_2   0    0     0
F18     0    0     0
F18_1   0    0     0
F18_2   0    0     0
F19     0    0     0
F19_1   0    0     0
F19_2   0    0     0
F20     0    0     0
F20_1   0    0     0
F20_2   0    0     0
F21     0    0     0
F21_1   0    0     0
F21_2   0    0     0
F22     0    0     0
F22_1   0    0     0
F22_2   0    0     0
F23     .    0     0
F23_1   0    .     0
F23_2   0    0     .
;

sum{i in D0, j in Vplunend} x[i,j] = 8

sum{i in F, j in V: i != j} xplun[i,j] = 0

sum{i in Vall, j in Vall: i != j} t[i,j]*x[i,j] = 463.065

sum{i in Vplun, j in Vplun: i != j} t[i,j]*xplun[i,j] = 0

sum{i in F} c[i]*R[i] = 46.7302

sum{i in F, j in Vplunend: i != j} b[i]*x[i,j] + sum{i in Vplun, j in V: i
   != j} xplun[i,j] = 5.30132e-08

y [*] :=
   C1 43.2511           C9 23.4129        F20_1  0
  C10 15.2315          F16  0             F20_2  0
  C11 23.2938        F16_1  0               F21 31.1636
  C12 26.0464        F16_2 60.63          F21_1  1.60063e-06
  C13 44.9825          F17  0             F21_2 31.1636
  C14 14.8661        F17_1  0               F22  0
  C15 39.535         F17_2  0             F22_1  0
   C2 33.541           F18  0             F22_2  0
   C3 31.4752        F18_1  0               F23  0
   C4 18             F18_2  0             F23_1  0
   C5 35.083           F19 30.6133        F23_2  0
   C6 42.8255        F19_1 60.63             N0 60.63
   C7 32.8451        F19_2 60.63             Nσ  0
   C8 27.8029          F20  7.7924
;

yplun [*] :=
   C1 0     C14 0      C5 0     F16 0   F17_2 0   F19_1 0     F21 0   F22_2 0
  C10 0     C15 0      C6 0   F16_1 0     F18 0   F19_2 0   F21_1 0     F23 0
  C11 0      C2 0      C7 0   F16_2 0   F18_1 0     F20 0   F21_2 0   F23_1 0
  C12 0      C3 0      C8 0     F17 0   F18_2 0   F20_1 0     F22 0   F23_2 0
  C13 0      C4 0      C9 0   F17_1 0     F19 0   F20_2 0   F22_1 0
;

A [*] :=
   C1  92.6              C9 157             F20_1 182.214
  C10 204               F16   0             F20_2 182.214
  C11 185.938         F16_1 223.504           F21  39.4664
  C12 183.82          F16_2  71.7789        F21_1   6.20301e-06
  C13  11.3137          F17 140.874         F21_2  39.4664
  C14 205             F17_1  47.3795          F22 230
  C15 192             F17_2 210             F22_1 173.126
   C2  77               F18   0             F22_2 173.126
   C3  42             F18_1 140.874           F23 230
   C4 202             F18_2   0             F23_1 173.126
   C5  31.2132          F19  30.0167        F23_2 173.126
   C6  17.8045        F19_1   0                N0   0
   C7 155.608         F19_2   0                Nσ 230
   C8  48.4933          F20 182.62
;

Aplun [*] :=
   C1 186      C2 154      C9 314     F18  84   F20_1  84   F22_2  84
  C10 214      C3  84     F16  84   F18_1  84   F20_2  84     F23  84
  C11 314      C4 212   F16_1  84   F18_2  84     F21  84   F23_1  84
  C12 204      C5 208   F16_2  84     F19  84   F21_1  84   F23_2  84
  C13 218      C6 212     F17  84   F19_1  84   F21_2  84      N0   0
  C14 215      C7 202   F17_1  84   F19_2  84     F22  84      Nσ   0
  C15 314      C8 202   F17_2  84     F20  84   F22_1  84
;

u [*] :=
   C1  37                C9 184             F20_1 155
  C10 195               F16   0             F20_2   0
  C11 200             F16_1   0               F21  37
  C12  21             F16_2   7             F21_1   1.11414e-06
  C13 200               F17 200             F21_2 172
  C14  20             F17_1 200               F22 200
  C15 200             F17_2 155             F22_1 200
   C2  12               F18 200             F22_2 200
   C3 200             F18_1   0               F23 200
   C4   7             F18_2 200             F23_1 200
   C5 191               F19  12             F23_2 200
   C6 200             F19_1   0                N0 200
   C7 200             F19_2 150                Nσ   0
   C8 186               F20 155
;

w [*] :=
   C1 0     C15 0      C7 0     F17 0     F19 0     F21 0     F23 0
  C10 0      C2 0      C8 0   F17_1 0   F19_1 0   F21_1 0   F23_1 0
  C11 0      C3 0      C9 0   F17_2 0   F19_2 0   F21_2 0   F23_2 0
  C12 0      C4 0     F16 0     F18 0     F20 0     F22 0      N0 0
  C13 0      C5 0   F16_1 0   F18_1 0   F20_1 0   F22_1 0      Nσ 0
  C14 0      C6 0   F16_2 0   F18_2 0   F20_2 0   F22_2 0
;

b [*] :=
  F16 0               F18 0               F20 0               F22 0
F16_1 0             F18_1 0             F20_1 0             F22_1 0
F16_2 0             F18_2 0             F20_2 0             F22_2 0
  F17 0               F19 0               F21 5.30132e-08     F23 0
F17_1 0             F19_1 0             F21_1 0             F23_1 0
F17_2 0             F19_2 0             F21_2 0             F23_2 0
;

c [*] :=
  F16 1     F17 1     F18 1     F19 1     F20 1     F21 1     F22 1     F23 1
F16_1 1   F17_1 1   F18_1 1   F19_1 1   F20_1 1   F21_1 1   F22_1 1   F23_1 1
F16_2 1   F17_2 1   F18_2 1   F19_2 1   F20_2 1   F21_2 1   F22_2 1   F23_2 1
;

R [*] :=
  F16  0        F17_2  0        F19_1  0          F21 26.4053   F22_2  0
F16_1  0          F18  0        F19_2  0        F21_1  0          F23  0
F16_2  0        F18_1  0          F20 13.3972   F21_2  0        F23_1  0
  F17  0        F18_2  0        F20_1  0          F22  0        F23_2  0
F17_1  0          F19  6.9277   F20_2  0        F22_1  0
;

Y [*] :=
  F16  0             F18_2  0             F21_1  1.60063e-06
F16_1  0               F19 37.541         F21_2 31.1636
F16_2 60.63          F19_1 60.63            F22  0
  F17  0             F19_2 60.63          F22_1  0
F17_1  0               F20 21.1896        F22_2  0
F17_2  0             F20_1  0               F23  0
  F18  0             F20_2  0             F23_1  0
F18_1  0               F21 57.5689        F23_2  0
;

