MIP Gap (%):  69.43155445910052
_solve_elapsed_time = 28808.3

TotalCost = 10421.1

x [*,*]
# $18 = F16_2
:      C1 C10 C11 C12 C13 C14 C15  C2  C3  C4  C5  C6  C7  C8  C9 F16 F16_1 $18 :=
C1      .   0   0   0   0   0   0   0   0   0   0   0   1   0   0   0    0    0
C10     0   .   1   0   0   0   0   0   0   0   0   0   0   0   0   0    0    0
C11     0   0   .   0   0   0   0   0   0   0   0   0   0   0   0   0    0    0
C12     0   0   0   .   0   0   0   0   0   0   0   0   0   0   0   0    0    0
C13     0   0   0   0   .   0   0   0   1   0   0   0   0   0   0   0    0    0
C14     0   0   0   0   0   .   0   0   0   0   1   0   0   0   0   0    0    0
C15     0   0   0   0   0   0   .   0   0   0   0   0   0   0   0   0    0    0
C2      0   0   0   0   0   0   0   .   0   0   0   0   0   0   0   0    0    0
C3      0   0   0   0   0   0   0   0   .   0   0   0   0   0   0   0    0    0
C4      0   0   0   0   0   0   0   0   0   .   0   0   0   0   1   0    0    0
C5      0   0   0   0   0   0   0   0   0   0   .   0   0   0   0   0    0    0
C6      0   0   0   0   0   0   0   0   0   0   0   .   0   0   0   0    0    0
C7      0   0   0   0   0   0   0   0   0   0   0   0   .   0   0   0    0    0
C8      0   0   0   0   0   0   1   0   0   0   0   0   0   .   0   0    0    0
C9      0   0   0   0   0   0   0   0   0   0   0   0   0   0   .   0    0    0
F16     0   0   0   0   0   0   0   0   0   0   0   0   0   0   0   .    0    0
F16_1   0   0   0   0   0   0   0   0   0   0   0   0   0   0   0   0    .    0
F16_2   0   0   0   0   0   0   0   0   0   0   0   0   0   0   0   0    0    .
F17     0   0   0   0   0   0   0   0   0   0   0   0   0   0   0   0    0    0
F17_1   0   0   0   0   0   0   0   0   0   0   0   0   0   0   0   0    0    0
F17_2   0   0   0   0   0   0   0   0   0   0   0   0   0   0   0   0    0    0
F18     0   0   0   0   1   0   0   0   0   0   0   0   0   0   0   0    0    0
F18_1   0   0   0   0   0   0   0   0   0   0   0   0   0   0   0   0    0    0
F18_2   0   0   0   0   0   0   0   0   0   0   0   0   0   0   0   0    0    0
F19     0   0   0   0   0   0   0   0   0   0   0   0   0   0   0   0    0    0
F19_1   0   0   0   0   0   0   0   0   0   0   0   0   0   0   0   0    0    0
F19_2   0   0   0   0   0   0   0   0   0   0   0   0   0   0   0   0    0    0
F20     0   0   0   0   0   0   0   0   0   0   0   0   0   0   0   0    0    0
F20_1   1   0   0   0   0   0   0   0   0   0   0   0   0   0   0   0    0    0
F20_2   0   0   0   0   0   0   0   0   0   0   0   0   0   0   0   0    0    0
F21     0   0   0   0   0   0   0   0   0   0   0   0   0   0   0   0    0    0
F21_1   0   0   0   0   0   0   0   0   0   0   0   1   0   0   0   0    0    0
F21_2   0   0   0   0   0   0   0   0   0   0   0   0   0   0   0   0    0    0
N0      0   1   0   1   0   1   0   1   0   1   0   0   0   1   0   0    0    0
Nσ      0   0   0   0   0   0   0   0   0   0   0   0   0   0   0   0    0    0

# $6 = F18_2
# $8 = F19_1
# $9 = F19_2
# $11 = F20_1
# $12 = F20_2
# $14 = F21_1
# $15 = F21_2
:     F17 F17_1 F17_2 F18 F18_1  $6 F19  $8  $9 F20 $11 $12 F21 $14 $15  N0  Nσ :=
C1      0    0     0    0    0    0   0   0   0   0   0   0   0   0   0   0   0
C10     0    0     0    0    0    0   0   0   0   0   0   0   0   0   0   0   0
C11     0    0     0    0    0    0   0   0   0   0   0   0   0   0   0   0   1
C12     0    0     0    0    0    0   0   0   0   0   0   0   0   0   0   0   1
C13     0    0     0    0    0    0   0   0   0   0   0   0   0   0   0   0   0
C14     0    0     0    0    0    0   0   0   0   0   0   0   0   0   0   0   0
C15     0    0     0    0    0    0   1   0   0   0   0   0   0   0   0   0   0
C2      0    0     0    0    0    0   0   0   0   0   0   0   0   0   0   0   1
C3      0    0     0    0    0    0   0   0   0   0   0   0   0   0   0   0   1
C4      0    0     0    0    0    0   0   0   0   0   0   0   0   0   0   0   0
C5      0    0     0    0    0    0   0   0   0   0   0   0   0   0   0   0   1
C6      0    0     0    0    0    0   0   0   0   0   0   0   0   0   0   0   1
C7      0    0     0    0    0    0   0   0   0   0   0   0   0   0   0   0   1
C8      0    0     0    0    0    0   0   0   0   0   0   0   0   0   0   0   0
C9      0    0     0    0    0    0   0   0   0   0   0   0   0   0   0   0   1
F16     0    0     0    0    0    0   0   0   0   0   0   0   0   0   0   0   0
F16_1   0    0     0    0    0    0   0   0   0   0   0   0   0   0   0   0   0
F16_2   0    0     0    0    0    0   0   0   0   0   0   0   0   0   0   0   0
F17     .    0     0    0    0    0   0   0   0   0   0   0   0   0   0   0   0
F17_1   0    .     0    0    0    0   0   0   0   0   0   0   0   0   0   0   0
F17_2   0    0     .    0    0    0   0   0   0   0   0   0   0   0   0   0   0
F18     0    0     0    .    0    0   0   0   0   0   0   0   0   0   0   0   0
F18_1   0    0     0    0    .    0   0   0   0   0   0   0   0   0   0   0   0
F18_2   0    0     0    1    0    .   0   0   0   0   0   0   0   0   0   0   0
F19     0    0     0    0    0    0   .   0   0   0   0   0   0   0   0   0   1
F19_1   0    0     0    0    0    0   0   .   0   0   0   0   0   0   0   0   0
F19_2   0    0     0    0    0    0   0   0   .   0   0   0   0   0   0   0   0
F20     0    0     0    0    0    0   0   0   0   .   0   1   0   0   0   0   0
F20_1   0    0     0    0    0    0   0   0   0   0   .   0   0   0   0   0   0
F20_2   0    0     0    0    0    0   0   0   0   0   1   .   0   0   0   0   0
F21     0    0     0    0    0    0   0   0   0   0   0   0   .   0   1   0   0
F21_1   0    0     0    0    0    0   0   0   0   0   0   0   0   .   0   0   0
F21_2   0    0     0    0    0    0   0   0   0   0   0   0   0   1   .   0   0
N0      0    0     0    0    0    1   0   0   0   1   0   0   1   0   0   .   0
Nσ      0    0     0    0    0    0   0   0   0   0   0   0   0   0   0   0   .
;

xplun [*,*]
# $18 = F16_2
:      C1 C10 C11 C12 C13 C14 C15  C2  C3  C4  C5  C6  C7  C8  C9 F16 F16_1 $18 :=
C1      .   0   0   0   0   0   0   0   0   0   0   0   0   0   0   0    0    0
C10     0   .   0   0   0   0   0   0   0   0   0   0   0   0   0   0    0    0
C11     0   0   .   0   0   0   0   0   0   0   0   0   0   0   0   0    0    0
C12     0   0   0   .   0   0   0   0   0   0   0   0   0   0   0   0    0    0
C13     0   0   0   0   .   0   0   0   0   0   0   0   0   0   0   0    0    0
C14     0   0   0   0   0   .   0   0   0   0   0   0   0   0   0   0    0    0
C15     0   0   0   0   0   0   .   0   0   0   0   0   0   0   0   0    0    0
C2      0   0   0   0   0   0   0   .   0   0   0   0   0   0   0   0    0    0
C3      0   0   0   0   0   0   0   0   .   0   0   0   0   0   0   0    0    0
C4      0   0   0   0   0   0   0   0   0   .   0   0   0   0   0   0    0    0
C5      0   0   0   0   0   0   0   0   0   0   .   0   0   0   0   0    0    0
C6      0   0   0   0   0   0   0   0   0   0   0   .   0   0   0   0    0    0
C7      0   0   0   0   0   0   0   0   0   0   0   0   .   0   0   0    0    0
C8      0   0   0   0   0   0   0   0   0   0   0   0   0   .   0   0    0    0
C9      0   0   0   0   0   0   0   0   0   0   0   0   0   0   .   0    0    0
F16     0   0   0   0   0   0   0   0   0   0   0   0   0   0   0   .    0    0
F16_1   0   0   0   0   0   0   0   0   0   0   0   0   0   0   0   0    .    0
F16_2   0   0   0   0   0   0   0   0   0   0   0   0   0   0   0   0    0    .
F17     0   0   0   0   0   0   0   0   0   0   0   0   0   0   0   0    0    0
F17_1   0   0   0   0   0   0   0   0   0   0   0   0   0   0   0   0    0    0
F17_2   0   0   0   0   0   0   0   0   0   0   0   0   0   0   0   0    0    0
F18     0   0   0   0   0   0   0   0   0   0   0   0   0   0   0   0    0    0
F18_1   0   0   0   0   0   0   0   0   0   0   0   0   0   0   0   0    0    0
F18_2   0   0   0   0   0   0   0   0   0   0   0   0   0   0   0   0    0    0
F19     0   0   0   0   0   0   0   0   0   0   0   0   0   0   0   0    0    0
F19_1   0   0   0   0   0   0   0   0   0   0   0   0   0   0   0   0    0    0
F19_2   0   0   0   0   0   0   0   0   0   0   0   0   0   0   0   0    0    0
F20     0   0   0   0   0   0   0   0   0   0   0   0   0   0   0   0    0    0
F20_1   0   0   0   0   0   0   0   0   0   0   0   0   0   0   0   0    0    0
F20_2   0   0   0   0   0   0   0   0   0   0   0   0   0   0   0   0    0    0
F21     0   0   0   0   0   0   0   0   0   0   0   0   0   0   0   0    0    0
F21_1   0   0   0   0   0   0   0   0   0   0   0   0   0   0   0   0    0    0
F21_2   0   0   0   0   0   0   0   0   0   0   0   0   0   0   0   0    0    0

# $12 = F20_2
# $14 = F21_1
# $15 = F21_2
:     F17 F17_1 F17_2 F18 F18_1 F18_2 F19 F19_1 F19_2 F20 F20_1 $12 F21 $14 $15 :=
C1      0    0     0    0    0     0    0    0     0    0    0    0   0   0   0
C10     0    0     0    0    0     0    0    0     0    0    0    0   0   0   0
C11     0    0     0    0    0     0    0    0     0    0    0    0   0   0   0
C12     0    0     0    0    0     0    0    0     0    0    0    0   0   0   0
C13     0    0     0    0    0     0    0    0     0    0    0    0   0   0   0
C14     0    0     0    0    0     0    0    0     0    0    0    0   0   0   0
C15     0    0     0    0    0     0    0    0     0    0    0    0   0   0   0
C2      0    0     0    0    0     0    0    0     0    0    0    0   0   0   0
C3      0    0     0    0    0     0    0    0     0    0    0    0   0   0   0
C4      0    0     0    0    0     0    0    0     0    0    0    0   0   0   0
C5      0    0     0    0    0     0    0    0     0    0    0    0   0   0   0
C6      0    0     0    0    0     0    0    0     0    0    0    0   0   0   0
C7      0    0     0    0    0     0    0    0     0    0    0    0   0   0   0
C8      0    0     0    0    0     0    0    0     0    0    0    0   0   0   0
C9      0    0     0    0    0     0    0    0     0    0    0    0   0   0   0
F16     0    0     0    0    0     0    0    0     0    0    0    0   0   0   0
F16_1   0    0     0    0    0     0    0    0     0    0    0    0   0   0   0
F16_2   0    0     0    0    0     0    0    0     0    0    0    0   0   0   0
F17     .    0     0    0    0     0    0    0     0    0    0    0   0   0   0
F17_1   0    .     0    0    0     0    0    0     0    0    0    0   0   0   0
F17_2   0    0     .    0    0     0    0    0     0    0    0    0   0   0   0
F18     0    0     0    .    0     0    0    0     0    0    0    0   0   0   0
F18_1   0    0     0    0    .     0    0    0     0    0    0    0   0   0   0
F18_2   0    0     0    0    0     .    0    0     0    0    0    0   0   0   0
F19     0    0     0    0    0     0    .    0     0    0    0    0   0   0   0
F19_1   0    0     0    0    0     0    0    .     0    0    0    0   0   0   0
F19_2   0    0     0    0    0     0    0    0     .    0    0    0   0   0   0
F20     0    0     0    0    0     0    0    0     0    .    0    0   0   0   0
F20_1   0    0     0    0    0     0    0    0     0    0    .    0   0   0   0
F20_2   0    0     0    0    0     0    0    0     0    0    0    .   0   0   0
F21     0    0     0    0    0     0    0    0     0    0    0    0   .   0   0
F21_1   0    0     0    0    0     0    0    0     0    0    0    0   0   .   0
F21_2   0    0     0    0    0     0    0    0     0    0    0    0   0   0   .
;

sum{i in D0, j in Vplunend} x[i,j] = 9

sum{i in F, j in V: i != j} xplun[i,j] = 0

sum{i in Vall, j in Vall: i != j} t[i,j]*x[i,j] = 524.255

sum{i in Vplun, j in Vplun: i != j} t[i,j]*xplun[i,j] = 0

sum{i in F} c[i]*R[i] = 33.7855

sum{i in F, j in Vplunend: i != j} b[i]*x[i,j] + sum{i in Vplun, j in V: i
   != j} xplun[i,j] = 0

y [*] :=
   C1 36.4863      C2 37.4352      C9 39.4645     F18 39.2349   F20_1 40.9584
  C10 54.3054      C3 16.9706     F16 60.63     F18_1 60.63     F20_2 40.9584
  C11 30.7682      C4 48.4645   F16_1  0        F18_2 32.452      F21 27.509
  C12 26.2488      C5 23.0217   F16_2 60.63       F19 12.126    F21_1 27.509
  C13 32.2349      C6 33.541      F17  0        F19_1  0        F21_2 27.509
  C14 32.2412      C7 29.2062   F17_1  0        F19_2  0           N0 60.63
  C15 30.0145      C8 40.0145   F17_2  0          F20 28.381       Nσ  0
;

yplun [*] :=
   C1 0     C14 0      C5 0     F16 0   F17_2 0   F19_1 0     F21 0
  C10 0     C15 0      C6 0   F16_1 0     F18 0   F19_2 0   F21_1 0
  C11 0      C2 0      C7 0   F16_2 0   F18_1 0     F20 0   F21_2 0
  C12 0      C3 0      C8 0     F17 0   F18_2 0   F20_1 0
  C13 0      C4 0      C9 0   F17_1 0     F19 0   F20_2 0
;

A [*] :=
   C1  88           C4  70          F17 140.874      F20  32.249
  C10  49.4628      C5 100.308    F17_1 140.874    F20_1  83.5279
  C11  83           C6 186        F17_2 230        F20_2  50.7377
  C12 113           C7 120          F18  38.1489     F21  33.121
  C13 117           C8  54        F18_1 230        F21_1  33.121
  C14  59           C9 168        F18_2  28.178    F21_2  33.121
  C15 147          F16 116.586      F19 174.888       N0   0
   C2  91        F16_1 230        F19_1 230           Nσ 230
   C3 144        F16_2 230        F19_2 230
;

Aplun [*] :=
   C1 156          C2 222          C9 318         F18  88       F20_1  88
  C10  98          C3 260.079     F16  88       F18_1  88       F20_2  88
  C11 146          C4 120       F16_1  88       F18_2  88         F21  88
  C12 210          C5 202       F16_2  88         F19  88       F21_1  88
  C13 211          C6 294.422     F17  88       F19_1  88       F21_2  88
  C14  98          C7 280       F17_1  88       F19_2  88          N0   0
  C15 318          C8  88       F17_2  88         F20  88          Nσ   0
;

u [*] :=
   C1  35     C15 174      C7   6     F17 200     F19 172     F21 200
  C10 199      C2 200      C8 200   F17_1 200   F19_1 200   F21_1   6
  C11 183      C3 184      C9 194   F17_2 200   F19_2 154   F21_2   6
  C12 180      C4 200     F16 200     F18 200     F20 200      N0 200
  C13 200      C5  41   F16_1 174   F18_1 184   F20_1 186      Nσ   0
  C14 200      C6   6   F16_2 174   F18_2 200   F20_2 200
;

w [*] :=
   C1 0     C14 0      C5 0     F16 0   F17_2 0   F19_1 0     F21 0
  C10 0     C15 0      C6 0   F16_1 0     F18 0   F19_2 0   F21_1 0
  C11 0      C2 0      C7 0   F16_2 0   F18_1 0     F20 0   F21_2 0
  C12 0      C3 0      C8 0     F17 0   F18_2 0   F20_1 0      N0 0
  C13 0      C4 0      C9 0   F17_1 0     F19 0   F20_2 0      Nσ 0
;

b [*] :=
  F16  0
F16_1  0
F16_2  0
  F17  0
F17_1  0
F17_2  0
  F18  0
F18_1  0
F18_2  0
  F19  0
F19_1  0
F19_2  0
  F20  0
F20_1  0
F20_2  0
  F21  0
F21_1  0
F21_2  0
;

c [*] :=
  F16  1
F16_1  1
F16_2  1
  F17  1
F17_1  1
F17_2  1
  F18  1
F18_1  1
F18_2  1
  F19  1
F19_1  1
F19_2  1
  F20  1
F20_1  1
F20_2  1
  F21  1
F21_1  1
F21_2  1
;

R [*] :=
  F16   0
F16_1   0
F16_2   0
  F17   0
F17_1   0
F17_2   0
  F18   0
F18_1   0
F18_2   6.7829
  F19   6.979
F19_1   0
F19_2   0
  F20  12.5774
F20_1   0
F20_2   0
  F21   0
F21_1   7.4462
F21_2   0
;

Y [*] :=
  F16  60.63
F16_1   0
F16_2  60.63
  F17   0
F17_1   0
F17_2   0
  F18  39.2349
F18_1  60.63
F18_2  39.2349
  F19  19.105
F19_1   0
F19_2   0
  F20  40.9584
F20_1  40.9584
F20_2  40.9584
  F21  27.509
F21_1  34.9552
F21_2  27.509
;

