MIP Gap (%):  80.00423586357044
_solve_elapsed_time = 28804.4

TotalCost = 14853.3

x [*,*]
# $18 = F16_2
:      C1 C10 C11 C12 C13 C14 C15  C2  C3  C4  C5  C6  C7  C8  C9 F16 F16_1 $18 :=
C1      .   0   0   0   0   0   0   0   0   0   0   0   0   0   0   0    0    1
C10     0   .   0   1   0   0   0   0   0   0   0   0   0   0   0   0    0    0
C11     0   0   .   0   0   0   0   0   0   0   0   0   0   1   0   0    0    0
C12     0   0   0   .   0   0   0   0   0   0   0   0   0   0   0   0    0    0
C13     0   0   0   0   .   0   0   0   0   0   0   0   0   0   1   0    0    0
C14     0   0   0   0   0   .   0   0   1   0   0   0   0   0   0   0    0    0
C15     0   0   0   0   0   0   .   0   0   0   0   0   0   0   0   0    0    0
C2      0   0   0   0   0   0   0   .   0   1   0   0   0   0   0   0    0    0
C3      0   0   0   0   0   0   0   0   .   0   0   0   0   0   0   0    0    0
C4      0   0   1   0   0   0   0   0   0   .   0   0   0   0   0   0    0    0
C5      0   0   0   0   0   0   0   0   0   0   .   0   0   0   0   0    0    0
C6      0   0   0   0   0   0   0   0   0   0   0   .   0   0   0   0    0    0
C7      0   0   0   0   0   0   0   0   0   0   0   0   .   0   0   0    0    0
C8      0   0   0   0   0   0   0   0   0   0   0   0   0   .   0   0    0    0
C9      0   0   0   0   0   0   0   0   0   0   0   0   0   0   .   0    0    0
F16     0   0   0   0   0   0   0   0   0   0   0   0   0   0   0   .    0    0
F16_1   0   0   0   0   0   0   0   0   0   0   0   0   0   0   0   0    .    0
F16_2   0   0   0   0   0   0   0   0   0   0   0   0   0   0   0   0    0    .
F17     0   0   0   0   0   0   0   0   0   0   0   0   0   0   0   0    0    0
F17_1   0   0   0   0   0   0   0   0   0   0   0   0   0   0   0   0    0    0
F17_2   0   0   0   0   0   0   0   0   0   0   0   0   1   0   0   0    0    0
F18     0   0   0   0   0   0   0   0   0   0   0   0   0   0   0   0    0    0
F18_1   0   1   0   0   0   0   0   0   0   0   0   0   0   0   0   0    0    0
F18_2   0   0   0   0   0   0   0   0   0   0   0   0   0   0   0   0    0    0
F19     0   0   0   0   0   0   0   0   0   0   0   0   0   0   0   0    0    0
F19_1   0   0   0   0   0   0   0   1   0   0   0   0   0   0   0   0    0    0
F19_2   0   0   0   0   0   0   0   0   0   0   0   0   0   0   0   0    0    0
F20     0   0   0   0   0   0   0   0   0   0   0   0   0   0   0   0    0    0
F20_1   0   0   0   0   0   0   0   0   0   0   0   0   0   0   0   0    0    0
F20_2   0   0   0   0   0   0   0   0   0   0   0   0   0   0   0   0    0    0
F21     0   0   0   0   0   0   0   0   0   0   1   0   0   0   0   0    0    0
F21_1   0   0   0   0   0   0   0   0   0   0   0   0   0   0   0   0    0    0
F21_2   0   0   0   0   0   0   0   0   0   0   0   0   0   0   0   0    0    0
N0      1   0   0   0   1   1   1   0   0   0   0   1   0   0   0   0    0    0
Nσ      0   0   0   0   0   0   0   0   0   0   0   0   0   0   0   0    0    0

# $6 = F18_2
# $8 = F19_1
# $9 = F19_2
# $11 = F20_1
# $12 = F20_2
# $14 = F21_1
# $15 = F21_2
:     F17 F17_1 F17_2 F18 F18_1  $6 F19  $8  $9 F20 $11 $12 F21 $14 $15  N0  Nσ :=
C1      0    0     0    0    0    0   0   0   0   0   0   0   0   0   0   0   0
C10     0    0     0    0    0    0   0   0   0   0   0   0   0   0   0   0   0
C11     0    0     0    0    0    0   0   0   0   0   0   0   0   0   0   0   0
C12     0    0     0    0    0    0   0   0   0   0   0   0   0   0   0   0   1
C13     0    0     0    0    0    0   0   0   0   0   0   0   0   0   0   0   0
C14     0    0     0    0    0    0   0   0   0   0   0   0   0   0   0   0   0
C15     1    0     0    0    0    0   0   0   0   0   0   0   0   0   0   0   0
C2      0    0     0    0    0    0   0   0   0   0   0   0   0   0   0   0   0
C3      0    0     0    0    0    0   0   0   0   0   0   0   0   1   0   0   0
C4      0    0     0    0    0    0   0   0   0   0   0   0   0   0   0   0   0
C5      0    0     0    0    0    0   0   0   0   0   0   0   0   0   0   0   1
C6      0    0     0    0    0    0   0   0   0   0   0   0   0   0   0   0   1
C7      0    0     0    0    0    0   0   0   0   0   0   0   0   0   0   0   1
C8      0    0     0    0    0    0   0   0   1   0   0   0   0   0   0   0   0
C9      0    0     0    0    0    0   0   0   0   0   0   0   0   0   0   0   1
F16     0    0     0    0    0    0   0   0   0   0   0   0   0   0   0   0   0
F16_1   0    0     0    0    0    0   0   0   0   0   0   0   0   0   0   0   0
F16_2   0    0     0    0    0    0   0   0   0   0   0   0   0   0   0   0   1
F17     .    0     1    0    0    0   0   0   0   0   0   0   0   0   0   0   0
F17_1   0    .     0    0    0    0   0   0   0   0   0   0   0   0   0   0   0
F17_2   0    0     .    0    0    0   0   0   0   0   0   0   0   0   0   0   0
F18     0    0     0    .    1    0   0   0   0   0   0   0   0   0   0   0   0
F18_1   0    0     0    0    .    0   0   0   0   0   0   0   0   0   0   0   0
F18_2   0    0     0    0    0    .   0   0   0   0   0   0   0   0   0   0   0
F19     0    0     0    0    0    0   .   0   0   0   0   0   0   0   0   0   0
F19_1   0    0     0    0    0    0   0   .   0   0   0   0   0   0   0   0   0
F19_2   0    0     0    0    0    0   0   0   .   0   0   0   0   0   0   0   1
F20     0    0     0    0    0    0   0   0   0   .   0   0   0   0   0   0   0
F20_1   0    0     0    0    0    0   0   0   0   0   .   0   0   0   0   0   0
F20_2   0    0     0    0    0    0   0   0   0   0   0   .   0   0   0   0   0
F21     0    0     0    0    0    0   0   0   0   0   0   0   .   0   0   0   0
F21_1   0    0     0    0    0    0   0   0   0   0   0   0   1   .   0   0   0
F21_2   0    0     0    0    0    0   0   0   0   0   0   0   0   0   .   0   0
N0      0    0     0    1    0    0   0   1   0   0   0   0   0   0   0   .   0
Nσ      0    0     0    0    0    0   0   0   0   0   0   0   0   0   0   0   .
;

xplun [*,*]
# $18 = F16_2
:      C1 C10 C11 C12 C13 C14 C15  C2  C3  C4  C5  C6  C7  C8  C9 F16 F16_1 $18 :=
C1      .   0   0   0   0   0   0   0   0   0   0   0   0   0   0   0    0    0
C10     0   .   0   0   0   0   0   0   0   0   0   0   0   0   0   0    0    0
C11     0   0   .   0   0   0   0   0   0   0   0   0   0   0   0   0    0    0
C12     0   0   0   .   0   0   0   0   0   0   0   0   0   0   0   0    0    0
C13     0   0   0   0   .   0   0   0   0   0   0   0   0   0   0   0    0    0
C14     0   0   0   0   0   .   0   0   0   0   0   0   0   0   0   0    0    0
C15     0   0   0   0   0   0   .   0   0   0   0   0   0   0   0   0    0    0
C2      0   0   0   0   0   0   0   .   0   0   0   0   0   0   0   0    0    0
C3      0   0   0   0   0   0   0   0   .   0   0   0   0   0   0   0    0    0
C4      0   0   0   0   0   0   0   0   0   .   0   0   0   0   0   0    0    0
C5      0   0   0   0   0   0   0   0   0   0   .   0   0   0   0   0    0    0
C6      0   0   0   0   0   0   0   0   0   0   0   .   0   0   0   0    0    0
C7      0   0   0   0   0   0   0   0   0   0   0   0   .   0   0   0    0    0
C8      0   0   0   0   0   0   0   0   0   0   0   0   0   .   0   0    0    0
C9      0   0   0   0   0   0   0   0   0   0   0   0   0   0   .   0    0    0
F16     0   0   0   0   0   0   0   0   0   0   0   0   0   0   0   .    0    0
F16_1   0   0   0   0   0   0   0   0   0   0   0   0   0   0   0   0    .    0
F16_2   0   0   0   0   0   0   0   0   0   0   0   0   0   0   0   0    0    .
F17     0   0   0   0   0   0   0   0   0   0   0   0   0   0   0   0    0    0
F17_1   0   0   0   0   0   0   0   0   0   0   0   0   0   0   0   0    0    0
F17_2   0   0   0   0   0   0   0   0   0   0   0   0   0   0   0   0    0    0
F18     0   0   0   0   0   0   0   0   0   0   0   0   0   0   0   0    0    0
F18_1   0   0   0   0   0   0   0   0   0   0   0   0   0   0   0   0    0    0
F18_2   0   0   0   0   0   0   0   0   0   0   0   0   0   0   0   0    0    0
F19     0   0   0   0   0   0   0   0   0   0   0   0   0   0   0   0    0    0
F19_1   0   0   0   0   0   0   0   0   0   0   0   0   0   0   0   0    0    0
F19_2   0   0   0   0   0   0   0   0   0   0   0   0   0   0   0   0    0    0
F20     0   0   0   0   0   0   0   0   0   0   0   0   0   0   0   0    0    0
F20_1   0   0   0   0   0   0   0   0   0   0   0   0   0   0   0   0    0    0
F20_2   0   0   0   0   0   0   0   0   0   0   0   0   0   0   0   0    0    0
F21     0   0   0   0   0   0   0   0   0   0   0   0   0   0   0   0    0    0
F21_1   0   0   0   0   0   0   0   0   0   0   0   0   0   0   0   0    0    0
F21_2   0   0   0   0   0   0   0   0   0   0   0   0   0   0   0   0    0    0

# $12 = F20_2
# $14 = F21_1
# $15 = F21_2
:     F17 F17_1 F17_2 F18 F18_1 F18_2 F19 F19_1 F19_2 F20 F20_1 $12 F21 $14 $15 :=
C1      0    0     0    0    0     0    0    0     0    0    0    0   0   0   0
C10     0    0     0    0    0     0    0    0     0    0    0    0   0   0   0
C11     0    0     0    0    0     0    0    0     0    0    0    0   0   0   0
C12     0    0     0    0    0     0    0    0     0    0    0    0   0   0   0
C13     0    0     0    0    0     0    0    0     0    0    0    0   0   0   0
C14     0    0     0    0    0     0    0    0     0    0    0    0   0   0   0
C15     0    0     0    0    0     0    0    0     0    0    0    0   0   0   0
C2      0    0     0    0    0     0    0    0     0    0    0    0   0   0   0
C3      0    0     0    0    0     0    0    0     0    0    0    0   0   0   0
C4      0    0     0    0    0     0    0    0     0    0    0    0   0   0   0
C5      0    0     0    0    0     0    0    0     0    0    0    0   0   0   0
C6      0    0     0    0    0     0    0    0     0    0    0    0   0   0   0
C7      0    0     0    0    0     0    0    0     0    0    0    0   0   0   0
C8      0    0     0    0    0     0    0    0     0    0    0    0   0   0   0
C9      0    0     0    0    0     0    0    0     0    0    0    0   0   0   0
F16     0    0     0    0    0     0    0    0     0    0    0    0   0   0   0
F16_1   0    0     0    0    0     0    0    0     0    0    0    0   0   0   0
F16_2   0    0     0    0    0     0    0    0     0    0    0    0   0   0   0
F17     .    0     0    0    0     0    0    0     0    0    0    0   0   0   0
F17_1   0    .     0    0    0     0    0    0     0    0    0    0   0   0   0
F17_2   0    0     .    0    0     0    0    0     0    0    0    0   0   0   0
F18     0    0     0    .    0     0    0    0     0    0    0    0   0   0   0
F18_1   0    0     0    0    .     0    0    0     0    0    0    0   0   0   0
F18_2   0    0     0    0    0     .    0    0     0    0    0    0   0   0   0
F19     0    0     0    0    0     0    .    0     0    0    0    0   0   0   0
F19_1   0    0     0    0    0     0    0    .     0    0    0    0   0   0   0
F19_2   0    0     0    0    0     0    0    0     .    0    0    0   0   0   0
F20     0    0     0    0    0     0    0    0     0    .    0    0   0   0   0
F20_1   0    0     0    0    0     0    0    0     0    0    .    0   0   0   0
F20_2   0    0     0    0    0     0    0    0     0    0    0    .   0   0   0
F21     0    0     0    0    0     0    0    0     0    0    0    0   .   0   0
F21_1   0    0     0    0    0     0    0    0     0    0    0    0   0   .   0
F21_2   0    0     0    0    0     0    0    0     0    0    0    0   0   0   .
;

sum{i in D0, j in Vplunend} x[i,j] = 7

sum{i in F, j in V: i != j} xplun[i,j] = 0

sum{i in Vall, j in Vall: i != j} t[i,j]*x[i,j] = 488.16

sum{i in Vplun, j in Vplun: i != j} t[i,j]*xplun[i,j] = 0

sum{i in F} c[i]*R[i] = 85.7174

sum{i in F, j in Vplunend: i != j} b[i]*x[i,j] + sum{i in Vplun, j in V: i
   != j} xplun[i,j] = 3.85978e-07

y [*] :=
   C1 30.7971      C2 40.5373      C9 18.3848     F18 39.4404   F20_1 60.63
  C10 39.5076      C3 24.5563     F16  0        F18_1 53.8254   F20_2 60.63
  C11  9.4721      C4 29.7206   F16_1  0        F18_2  0          F21  7.913
  C12 27.8029      C5 33.541    F16_2  0          F19  0        F21_1  7.913
  C13 25.5959      C6 31.7683     F17 18.545    F19_1 41.525    F21_2  0
  C14 38.1578      C7 21.095    F17_1 60.63     F19_2  0           N0 60.63
  C15 27.089       C8  5        F17_2 31.9117     F20 60.63        Nσ  0
;

yplun [*] :=
   C1 0     C14 0      C5 0     F16 0   F17_2 0   F19_1 0     F21 0
  C10 0     C15 0      C6 0   F16_1 0     F18 0   F19_2 0   F21_1 0
  C11 0      C2 0      C7 0   F16_2 0   F18_1 0     F20 0   F21_2 0
  C12 0      C3 0      C8 0     F17 0   F18_2 0   F20_1 0
  C13 0      C4 0      C9 0   F17_1 0     F19 0   F20_2 0
;

A [*] :=
   C1  388           C4  340.34       F17  224.544      F20 1000
  C10  628           C5  817        F17_1   89.1261   F20_1  418.042
  C11  370.588       C6  396        F17_2  536.438    F20_2 1000
  C12  649.705       C7  968          F18  322.43       F21  494.555
  C13  172           C8  385.06     F18_1  411.556    F21_1  276.04
  C14  182.399       C9  420        F18_2   89.1261   F21_2  218.221
  C15  206          F16  134.237      F19  406.472       N0    0
   C2  281.183    F16_1  223.363    F19_1  251.004       Nσ 1000
   C3  206        F16_2  519.815    F19_2  952.811
;

Aplun [*] :=
   C1  863         C2  583         C9  877        F18  207      F20_1  207
  C10 1032.22      C3  541        F16  207      F18_1  207      F20_2  207
  C11  677         C4  717      F16_1  207      F18_2  207        F21  207
  C12  972         C5 1207      F16_2  207        F19  207      F21_1  207
  C13  207         C6  917        F17  207      F19_1  207      F21_2  207
  C14  977         C7 1207      F17_1  207      F19_2  207         N0    0
  C15  541         C8  976      F17_2  207        F20  207         Nσ    0
;

u [*] :=
   C1  946     C15 1000      C7  988     F17  988     F19  912     F21  946
  C10 1000      C2 1000      C8  953   F17_1 1000   F19_1 1000   F21_1  946
  C11  966      C3  975      C9  995   F17_2  988   F19_2  912   F21_2  912
  C12  999      C4  982     F16  988     F18 1000     F20  912      N0 1000
  C13 1000      C5  912   F16_1  988   F18_1 1000   F20_1  912      Nσ    0
  C14 1000      C6 1000   F16_2  912   F18_2  912   F20_2  912
;

w [*] :=
   C1 0     C14 0      C5 0     F16 0   F17_2 0   F19_1 0     F21 0
  C10 0     C15 0      C6 0   F16_1 0     F18 0   F19_2 0   F21_1 0
  C11 0      C2 0      C7 0   F16_2 0   F18_1 0     F20 0   F21_2 0
  C12 0      C3 0      C8 0     F17 0   F18_2 0   F20_1 0      N0 0
  C13 0      C4 0      C9 0   F17_1 0     F19 0   F20_2 0      Nσ 0
;

b [*] :=
  F16  0
F16_1  0
F16_2  0
  F17  0
F17_1  0
F17_2  0
  F18  0
F18_1  0
F18_2  1
  F19  0
F19_1  0
F19_2  0
  F20  0
F20_1  0
F20_2  0
  F21  3.85978e-07
F21_1  0
F21_2  0
;

c [*] :=
  F16  1
F16_1  1
F16_2  1
  F17  1
F17_1  1
F17_2  1
  F18  1
F18_1  1
F18_2  0
  F19  1
F19_1  1
F19_2  1
  F20  1
F20_1  1
F20_2  1
  F21  1
F21_1  1
F21_2  1
;

R [*] :=
  F16   0
F16_1   0
F16_2   0
  F17  13.3667
F17_1   0
F17_2   0
  F18  14.385
F18_1   0
F18_2   0
  F19   0
F19_1  11.8185
F19_2  19.105
  F20   0
F20_1   0
F20_2   0
  F21  27.0422
F21_1   0
F21_2   0
;

Y [*] :=
  F16   0
F16_1   0
F16_2   0
  F17  31.9117
F17_1  60.63
F17_2  31.9117
  F18  53.8254
F18_1  53.8254
F18_2  60.63
  F19   0
F19_1  53.3435
F19_2  19.105
  F20  60.63
F20_1  60.63
F20_2  60.63
  F21  34.9552
F21_1   7.913
F21_2   0
;

