MIP Gap (%):  77.72048013744066
_solve_elapsed_time = 28804.7

TotalCost = 12360.6

x [*,*]
# $18 = F16_2
:      C1 C10 C11 C12 C13 C14 C15  C2  C3  C4  C5  C6  C7  C8  C9 F16 F16_1 $18 :=
C1      .   0   0   0   0   0   0   0   0   0   1   0   0   0   0   0    0    0
C10     0   .   0   0   0   0   0   1   0   0   0   0   0   0   0   0    0    0
C11     0   0   .   0   0   0   0   0   0   0   0   0   0   0   0   0    0    0
C12     0   0   0   .   0   0   0   0   0   0   0   0   0   0   0   0    0    0
C13     0   0   0   0   .   0   0   0   0   0   0   0   0   0   0   0    0    0
C14     0   0   0   0   0   .   0   0   0   0   0   0   0   0   0   0    0    0
C15     0   0   0   1   0   0   .   0   0   0   0   0   0   0   0   0    0    0
C2      0   0   0   0   0   0   0   .   0   0   0   0   0   0   0   0    0    0
C3      0   0   0   0   0   0   1   0   .   0   0   0   0   0   0   0    0    0
C4      0   0   0   0   0   0   0   0   0   .   0   0   1   0   0   0    0    0
C5      0   0   0   0   0   0   0   0   0   0   .   0   0   0   0   0    0    0
C6      0   0   0   0   0   0   0   0   0   0   0   .   0   0   0   0    0    0
C7      0   0   0   0   0   0   0   0   0   0   0   0   .   1   0   0    0    0
C8      0   0   0   0   0   0   0   0   0   0   0   1   0   .   0   0    0    0
C9      0   0   0   0   0   0   0   0   0   0   0   0   0   0   .   0    0    0
F16     0   0   0   0   0   0   0   0   0   0   0   0   0   0   0   .    0    0
F16_1   0   0   0   0   0   0   0   0   0   0   0   0   0   0   0   0    .    1
F16_2   0   1   0   0   0   0   0   0   0   0   0   0   0   0   0   0    0    .
F17     0   0   0   0   0   0   0   0   0   0   0   0   0   0   0   0    0    0
F17_1   0   0   0   0   0   0   0   0   0   0   0   0   0   0   0   0    0    0
F17_2   0   0   0   0   0   0   0   0   0   0   0   0   0   0   0   0    0    0
F18     0   0   0   0   0   0   0   0   0   0   0   0   0   0   0   0    0    0
F18_1   0   0   0   0   0   0   0   0   0   0   0   0   0   0   0   0    0    0
F18_2   0   0   0   0   0   0   0   0   1   0   0   0   0   0   0   0    0    0
F19     0   0   0   0   0   0   0   0   0   0   0   0   0   0   0   0    0    0
F19_1   1   0   0   0   0   0   0   0   0   0   0   0   0   0   0   0    0    0
F19_2   0   0   0   0   0   0   0   0   0   0   0   0   0   0   0   0    0    0
F20     0   0   0   0   0   0   0   0   0   0   0   0   0   0   0   0    0    0
F20_1   0   0   0   0   0   0   0   0   0   0   0   0   0   0   0   0    0    0
F20_2   0   0   0   0   0   0   0   0   0   0   0   0   0   0   0   0    0    0
N0      0   0   1   0   1   1   0   0   0   1   0   0   0   0   1   0    1    0
Nσ      0   0   0   0   0   0   0   0   0   0   0   0   0   0   0   0    0    0

:     F17 F17_1 F17_2 F18 F18_1 F18_2 F19 F19_1 F19_2 F20 F20_1 F20_2  N0  Nσ :=
C1      0    0     0    0    0     0    0    0     0    0    0     0    0   0
C10     0    0     0    0    0     0    0    0     0    0    0     0    0   0
C11     0    0     0    0    0     0    0    0     0    0    0     0    0   1
C12     0    0     0    0    0     0    0    0     0    0    0     0    0   1
C13     0    0     0    0    0     0    0    0     0    0    0     0    0   1
C14     0    0     0    0    0     0    0    0     1    0    0     0    0   0
C15     0    0     0    0    0     0    0    0     0    0    0     0    0   0
C2      0    0     0    0    0     0    0    0     0    0    0     0    0   1
C3      0    0     0    0    0     0    0    0     0    0    0     0    0   0
C4      0    0     0    0    0     0    0    0     0    0    0     0    0   0
C5      0    0     0    0    0     0    0    0     0    0    0     0    0   1
C6      0    0     0    0    0     0    0    0     0    0    0     0    0   1
C7      0    0     0    0    0     0    0    0     0    0    0     0    0   0
C8      0    0     0    0    0     0    0    0     0    0    0     0    0   0
C9      0    0     0    1    0     0    0    0     0    0    0     0    0   0
F16     0    0     0    0    0     0    0    0     0    0    0     0    0   0
F16_1   0    0     0    0    0     0    0    0     0    0    0     0    0   0
F16_2   0    0     0    0    0     0    0    0     0    0    0     0    0   0
F17     .    0     0    0    0     0    0    0     0    0    0     0    0   0
F17_1   0    .     0    0    0     0    0    0     0    0    0     0    0   0
F17_2   0    0     .    0    0     0    0    0     0    0    0     0    0   0
F18     0    0     0    .    0     1    0    0     0    0    0     0    0   0
F18_1   0    0     0    0    .     0    0    0     0    0    0     0    0   0
F18_2   0    0     0    0    0     .    0    0     0    0    0     0    0   0
F19     0    0     0    0    0     0    .    0     0    0    0     0    0   0
F19_1   0    0     0    0    0     0    0    .     0    0    0     0    0   0
F19_2   0    0     0    0    0     0    0    1     .    0    0     0    0   0
F20     0    0     0    0    0     0    0    0     0    .    0     0    0   0
F20_1   0    0     0    0    0     0    0    0     0    0    .     0    0   0
F20_2   0    0     0    0    0     0    0    0     0    0    0     .    0   0
N0      0    0     0    0    0     0    0    0     0    0    0     0    .   0
Nσ      0    0     0    0    0     0    0    0     0    0    0     0    0   .
;

xplun [*,*]
# $18 = F16_2
:      C1 C10 C11 C12 C13 C14 C15  C2  C3  C4  C5  C6  C7  C8  C9 F16 F16_1 $18 :=
C1      .   0   0   0   0   0   0   0   0   0   0   0   0   0   0   0    0    0
C10     0   .   0   0   0   0   0   0   0   0   0   0   0   0   0   0    0    0
C11     0   0   .   0   0   0   0   0   0   0   0   0   0   0   0   0    0    0
C12     0   0   0   .   0   0   0   0   0   0   0   0   0   0   0   0    0    0
C13     0   0   0   0   .   0   0   0   0   0   0   0   0   0   0   0    0    0
C14     0   0   0   0   0   .   0   0   0   0   0   0   0   0   0   0    0    0
C15     0   0   0   0   0   0   .   0   0   0   0   0   0   0   0   0    0    0
C2      0   0   0   0   0   0   0   .   0   0   0   0   0   0   0   0    0    0
C3      0   0   0   0   0   0   0   0   .   0   0   0   0   0   0   0    0    0
C4      0   0   0   0   0   0   0   0   0   .   0   0   0   0   0   0    0    0
C5      0   0   0   0   0   0   0   0   0   0   .   0   0   0   0   0    0    0
C6      0   0   0   0   0   0   0   0   0   0   0   .   0   0   0   0    0    0
C7      0   0   0   0   0   0   0   0   0   0   0   0   .   0   0   0    0    0
C8      0   0   0   0   0   0   0   0   0   0   0   0   0   .   0   0    0    0
C9      0   0   0   0   0   0   0   0   0   0   0   0   0   0   .   0    0    0
F16     0   0   0   0   0   0   0   0   0   0   0   0   0   0   0   .    0    0
F16_1   0   0   0   0   0   0   0   0   0   0   0   0   0   0   0   0    .    0
F16_2   0   0   0   0   0   0   0   0   0   0   0   0   0   0   0   0    0    .
F17     0   0   0   0   0   0   0   0   0   0   0   0   0   0   0   0    0    0
F17_1   0   0   0   0   0   0   0   0   0   0   0   0   0   0   0   0    0    0
F17_2   0   0   0   0   0   0   0   0   0   0   0   0   0   0   0   0    0    0
F18     0   0   0   0   0   0   0   0   0   0   0   0   0   0   0   0    0    0
F18_1   0   0   0   0   0   0   0   0   0   0   0   0   0   0   0   0    0    0
F18_2   0   0   0   0   0   0   0   0   0   0   0   0   0   0   0   0    0    0
F19     0   0   0   0   0   0   0   0   0   0   0   0   0   0   0   0    0    0
F19_1   0   0   0   0   0   0   0   0   0   0   0   0   0   0   0   0    0    0
F19_2   0   0   0   0   0   0   0   0   0   0   0   0   0   0   0   0    0    0
F20     0   0   0   0   0   0   0   0   0   0   0   0   0   0   0   0    0    0
F20_1   0   0   0   0   0   0   0   0   0   0   0   0   0   0   0   0    0    0
F20_2   0   0   0   0   0   0   0   0   0   0   0   0   0   0   0   0    0    0

:     F17 F17_1 F17_2 F18 F18_1 F18_2 F19 F19_1 F19_2 F20 F20_1 F20_2    :=
C1      0    0     0    0    0     0    0    0     0    0    0     0
C10     0    0     0    0    0     0    0    0     0    0    0     0
C11     0    0     0    0    0     0    0    0     0    0    0     0
C12     0    0     0    0    0     0    0    0     0    0    0     0
C13     0    0     0    0    0     0    0    0     0    0    0     0
C14     0    0     0    0    0     0    0    0     0    0    0     0
C15     0    0     0    0    0     0    0    0     0    0    0     0
C2      0    0     0    0    0     0    0    0     0    0    0     0
C3      0    0     0    0    0     0    0    0     0    0    0     0
C4      0    0     0    0    0     0    0    0     0    0    0     0
C5      0    0     0    0    0     0    0    0     0    0    0     0
C6      0    0     0    0    0     0    0    0     0    0    0     0
C7      0    0     0    0    0     0    0    0     0    0    0     0
C8      0    0     0    0    0     0    0    0     0    0    0     0
C9      0    0     0    0    0     0    0    0     0    0    0     0
F16     0    0     0    0    0     0    0    0     0    0    0     0
F16_1   0    0     0    0    0     0    0    0     0    0    0     0
F16_2   0    0     0    0    0     0    0    0     0    0    0     0
F17     .    0     0    0    0     0    0    0     0    0    0     0
F17_1   0    .     0    0    0     0    0    0     0    0    0     0
F17_2   0    0     .    0    0     0    0    0     0    0    0     0
F18     0    0     0    .    0     0    0    0     0    0    0     0
F18_1   0    0     0    0    .     0    0    0     0    0    0     0
F18_2   0    0     0    0    0     .    0    0     0    0    0     0
F19     0    0     0    0    0     0    .    0     0    0    0     0
F19_1   0    0     0    0    0     0    0    .     0    0    0     0
F19_2   0    0     0    0    0     0    0    0     .    0    0     0
F20     0    0     0    0    0     0    0    0     0    .    0     0
F20_1   0    0     0    0    0     0    0    0     0    0    .     0
F20_2   0    0     0    0    0     0    0    0     0    0    0     .
;

sum{i in D0, j in Vplunend} x[i,j] = 6

sum{i in F, j in V: i != j} xplun[i,j] = 0

sum{i in Vall, j in Vall: i != j} t[i,j]*x[i,j] = 409.796

sum{i in Vplun, j in Vplun: i != j} t[i,j]*xplun[i,j] = 0

sum{i in F} c[i]*R[i] = 70.6263

sum{i in F, j in Vplunend: i != j} b[i]*x[i,j] + sum{i in Vplun, j in V: i
   != j} xplun[i,j] = 0

y [*] :=
   C1 45.4683      C2 18.3848      C9 35.1349     F18 27.1349   F20_1  0
  C10 36.0766      C3 47.3643     F16  0        F18_1  0        F20_2  0
  C11 33.7042      C4 41.3946   F16_1 60.63     F18_2 27.1349      N0 60.63
  C12 25.5539      C5 35.4683   F16_2 60.63       F19  0           Nσ  0
  C13 25           C6  8.2635     F17  0        F19_1 58.4683
  C14 25.7015      C7 32.4503   F17_1  0        F19_2 15.0714
  C15 36.184       C8 24.388    F17_2  0          F20  0
;

yplun [*] :=
   C1 0     C13 0      C3 0      C7 0   F16_1 0   F17_2 0     F19 0   F20_1 0
  C10 0     C14 0      C4 0      C8 0   F16_2 0     F18 0   F19_1 0   F20_2 0
  C11 0     C15 0      C5 0      C9 0     F17 0   F18_1 0   F19_2 0
  C12 0      C2 0      C6 0     F16 0   F17_1 0   F18_2 0     F20 0
;

A [*] :=
   C1  362          C3  538.19    F16_1  349.385     F19  801.339
  C10  370          C4  114       F16_2  349.385   F19_1  349
  C11  445.858      C5  685         F17  361.638   F19_2  285.207
  C12  580          C6  612       F17_1  379.846     F20  510
  C13  470          C7  567.813   F17_2  272.512   F20_1  510
  C14  264.576      C8  585.876     F18  133       F20_2  510
  C15  559.37       C9  115       F18_1 1000          N0    0
   C2  397.692     F16  659.926   F18_2  491.162      Nσ 1000
;

Aplun [*] :=
   C1  406         C2  877         C9  623        F18  268      F20_1  268
  C10  400         C3  907        F16  268      F18_1  268      F20_2  268
  C11  913         C4  677      F16_1  268      F18_2  268         N0    0
  C12  863         C5 1153      F16_2  268        F19  268         Nσ    0
  C13 1267.25      C6  627        F17  268      F19_1  268
  C14  392         C7 1219      F17_1  268      F19_2  268
  C15 1153         C8 1227      F17_2  268        F20  268
;

u [*] :=
   C1  990     C15   37      C7  991     F17 1000     F19 1000      N0 1000
  C10 1000      C2  974      C8  975   F17_1 1000   F19_1  990      Nσ    0
  C11  963      C3   53      C9  984   F17_2 1000   F19_2  990
  C12   23      C4 1000     F16  982     F18  963     F20 1000
  C13  982      C5  963   F16_1 1000   F18_1 1000   F20_1 1000
  C14 1000      C6  970   F16_2 1000   F18_2  963   F20_2 1000
;

w [*] :=
   C1 0     C13 0      C3 0      C7 0   F16_1 0   F17_2 0     F19 0   F20_1 0
  C10 0     C14 0      C4 0      C8 0   F16_2 0     F18 0   F19_1 0   F20_2 0
  C11 0     C15 0      C5 0      C9 0     F17 0   F18_1 0   F19_2 0      N0 0
  C12 0      C2 0      C6 0     F16 0   F17_1 0   F18_2 0     F20 0      Nσ 0
;

b [*] :=
  F16  0
F16_1  0
F16_2  0
  F17  0
F17_1  0
F17_2  0
  F18  0
F18_1  0
F18_2  0
  F19  0
F19_1  0
F19_2  0
  F20  0
F20_1  0
F20_2  0
;

c [*] :=
  F16  1
F16_1  1
F16_2  1
  F17  1
F17_1  1
F17_2  1
  F18  1
F18_1  1
F18_2  1
  F19  1
F19_1  1
F19_2  1
  F20  1
F20_1  1
F20_2  1
;

R [*] :=
  F16   0
F16_1   0
F16_2   0
  F17   0
F17_1   0
F17_2   0
  F18   0
F18_1   0
F18_2  27.2294
  F19   0
F19_1   0
F19_2  43.3969
  F20   0
F20_1   0
F20_2   0
;

Y [*] :=
  F16   0
F16_1  60.63
F16_2  60.63
  F17   0
F17_1   0
F17_2   0
  F18  27.1349
F18_1   0
F18_2  54.3643
  F19   0
F19_1  58.4683
F19_2  58.4683
  F20   0
F20_1   0
F20_2   0
;

