MIP Gap (%):  77.91574657859096
_solve_elapsed_time = 28806

TotalCost = 14591.7

x [*,*]
# $18 = F16_2
:      C1 C10 C11 C12 C13 C14 C15  C2  C3  C4  C5  C6  C7  C8  C9 F16 F16_1 $18 :=
C1      .   0   0   0   0   0   0   0   0   0   0   0   0   0   0   0    0    0
C10     0   .   0   0   0   0   0   0   0   0   0   0   0   1   0   0    0    0
C11     0   0   .   0   0   0   0   1   0   0   0   0   0   0   0   0    0    0
C12     0   0   0   .   0   0   0   0   1   0   0   0   0   0   0   0    0    0
C13     0   0   0   0   .   0   0   0   0   0   0   0   0   0   0   0    0    0
C14     0   0   0   0   1   .   0   0   0   0   0   0   0   0   0   0    0    0
C15     0   0   0   0   0   0   .   0   0   0   0   0   0   0   0   0    0    1
C2      0   0   0   0   0   0   0   .   0   0   0   0   0   0   0   0    0    0
C3      0   0   0   0   0   0   0   0   .   1   0   0   0   0   0   0    0    0
C4      0   0   0   0   0   0   0   0   0   .   0   0   0   0   0   0    0    0
C5      0   0   0   0   0   0   0   0   0   0   .   0   0   0   0   0    0    0
C6      1   0   0   0   0   0   0   0   0   0   0   .   0   0   0   0    0    0
C7      0   0   0   0   0   0   0   0   0   0   0   0   .   0   0   0    0    0
C8      0   0   0   0   0   0   0   0   0   0   0   0   0   .   1   0    0    0
C9      0   0   0   0   0   0   0   0   0   0   0   0   1   0   .   0    0    0
F16     0   0   0   0   0   0   0   0   0   0   0   0   0   0   0   .    0    0
F16_1   0   0   0   0   0   0   0   0   0   0   0   0   0   0   0   0    .    0
F16_2   0   0   0   0   0   0   0   0   0   0   0   0   0   0   0   0    0    .
F17     0   0   0   1   0   0   0   0   0   0   0   0   0   0   0   0    0    0
F17_1   0   0   0   0   0   0   0   0   0   0   0   0   0   0   0   0    0    0
F17_2   0   0   0   0   0   0   0   0   0   0   0   0   0   0   0   0    0    0
F18     0   0   0   0   0   0   1   0   0   0   0   0   0   0   0   0    0    0
F18_1   0   0   0   0   0   0   0   0   0   0   0   0   0   0   0   0    0    0
F18_2   0   0   0   0   0   0   0   0   0   0   0   0   0   0   0   0    0    0
F19     0   0   0   0   0   0   0   0   0   0   0   0   0   0   0   0    0    0
F19_1   0   0   0   0   0   0   0   0   0   0   0   0   0   0   0   0    0    0
F19_2   0   0   0   0   0   0   0   0   0   0   0   0   0   0   0   0    0    0
F20     0   0   0   0   0   0   0   0   0   0   0   0   0   0   0   0    0    0
F20_1   0   0   0   0   0   0   0   0   0   0   0   0   0   0   0   0    0    0
F20_2   0   0   0   0   0   0   0   0   0   0   0   0   0   0   0   1    0    0
N0      0   1   1   0   0   1   0   0   0   0   1   1   0   0   0   0    0    0
Nσ      0   0   0   0   0   0   0   0   0   0   0   0   0   0   0   0    0    0

:     F17 F17_1 F17_2 F18 F18_1 F18_2 F19 F19_1 F19_2 F20 F20_1 F20_2  N0  Nσ :=
C1      0    0     0    0    0     0    0    0     0    0    0     0    0   1
C10     0    0     0    0    0     0    0    0     0    0    0     0    0   0
C11     0    0     0    0    0     0    0    0     0    0    0     0    0   0
C12     0    0     0    0    0     0    0    0     0    0    0     0    0   0
C13     0    0     0    0    0     0    0    0     0    0    1     0    0   0
C14     0    0     0    0    0     0    0    0     0    0    0     0    0   0
C15     0    0     0    0    0     0    0    0     0    0    0     0    0   0
C2      0    0     0    0    0     0    0    0     0    0    0     0    0   1
C3      0    0     0    0    0     0    0    0     0    0    0     0    0   0
C4      0    0     0    0    0     0    0    0     0    0    0     0    0   1
C5      0    0     0    0    0     0    0    0     0    0    0     0    0   1
C6      0    0     0    0    0     0    0    0     0    0    0     0    0   0
C7      0    0     0    1    0     0    0    0     0    0    0     0    0   0
C8      0    0     0    0    0     0    0    0     0    0    0     0    0   0
C9      0    0     0    0    0     0    0    0     0    0    0     0    0   0
F16     0    0     0    0    0     0    0    0     0    0    0     0    0   1
F16_1   0    0     0    0    0     0    0    0     0    0    0     0    0   0
F16_2   0    0     0    0    0     0    0    0     0    0    0     0    0   1
F17     .    0     0    0    0     0    0    0     0    0    0     0    0   0
F17_1   0    .     0    0    0     0    0    0     0    0    0     0    0   0
F17_2   0    0     .    0    0     0    0    0     0    0    0     0    0   0
F18     0    0     0    .    0     0    0    0     0    0    0     0    0   0
F18_1   0    0     0    0    .     0    0    0     0    0    0     0    0   0
F18_2   0    0     0    0    0     .    0    0     0    0    0     0    0   0
F19     0    0     0    0    0     0    .    0     0    0    0     0    0   0
F19_1   0    0     0    0    0     0    0    .     0    0    0     0    0   0
F19_2   0    0     0    0    0     0    0    0     .    0    0     0    0   0
F20     0    0     0    0    0     0    0    0     0    .    0     0    0   0
F20_1   0    0     0    0    0     0    0    0     0    0    .     1    0   0
F20_2   0    0     0    0    0     0    0    0     0    0    0     .    0   0
N0      1    0     0    0    0     0    0    0     0    0    0     0    .   0
Nσ      0    0     0    0    0     0    0    0     0    0    0     0    0   .
;

xplun [*,*]
# $18 = F16_2
:      C1 C10 C11 C12 C13 C14 C15  C2  C3  C4  C5  C6  C7  C8  C9 F16 F16_1 $18 :=
C1      .   0   0   0   0   0   0   0   0   0   0   0   0   0   0   0    0    0
C10     0   .   0   0   0   0   0   0   0   0   0   0   0   0   0   0    0    0
C11     0   0   .   0   0   0   0   0   0   0   0   0   0   0   0   0    0    0
C12     0   0   0   .   0   0   0   0   0   0   0   0   0   0   0   0    0    0
C13     0   0   0   0   .   0   0   0   0   0   0   0   0   0   0   0    0    0
C14     0   0   0   0   0   .   0   0   0   0   0   0   0   0   0   0    0    0
C15     0   0   0   0   0   0   .   0   0   0   0   0   0   0   0   0    0    0
C2      0   0   0   0   0   0   0   .   0   0   0   0   0   0   0   0    0    0
C3      0   0   0   0   0   0   0   0   .   0   0   0   0   0   0   0    0    0
C4      0   0   0   0   0   0   0   0   0   .   0   0   0   0   0   0    0    0
C5      0   0   0   0   0   0   0   0   0   0   .   0   0   0   0   0    0    0
C6      0   0   0   0   0   0   0   0   0   0   0   .   0   0   0   0    0    0
C7      0   0   0   0   0   0   0   0   0   0   0   0   .   0   0   0    0    0
C8      0   0   0   0   0   0   0   0   0   0   0   0   0   .   0   0    0    0
C9      0   0   0   0   0   0   0   0   0   0   0   0   0   0   .   0    0    0
F16     0   0   0   0   0   0   0   0   0   0   0   0   0   0   0   .    0    0
F16_1   0   0   0   0   0   0   0   0   0   0   0   0   0   0   0   0    .    0
F16_2   0   0   0   0   0   0   0   0   0   0   0   0   0   0   0   0    0    .
F17     0   0   0   0   0   0   0   0   0   0   0   0   0   0   0   0    0    0
F17_1   0   0   0   0   0   0   0   0   0   0   0   0   0   0   0   0    0    0
F17_2   0   0   0   0   0   0   0   0   0   0   0   0   0   0   0   0    0    0
F18     0   0   0   0   0   0   0   0   0   0   0   0   0   0   0   0    0    0
F18_1   0   0   0   0   0   0   0   0   0   0   0   0   0   0   0   0    0    0
F18_2   0   0   0   0   0   0   0   0   0   0   0   0   0   0   0   0    0    0
F19     0   0   0   0   0   0   0   0   0   0   0   0   0   0   0   0    0    0
F19_1   0   0   0   0   0   0   0   0   0   0   0   0   0   0   0   0    0    0
F19_2   0   0   0   0   0   0   0   0   0   0   0   0   0   0   0   0    0    0
F20     0   0   0   0   0   0   0   0   0   0   0   0   0   0   0   0    0    0
F20_1   0   0   0   0   0   0   0   0   0   0   0   0   0   0   0   0    0    0
F20_2   0   0   0   0   0   0   0   0   0   0   0   0   0   0   0   0    0    0

:     F17 F17_1 F17_2 F18 F18_1 F18_2 F19 F19_1 F19_2 F20 F20_1 F20_2    :=
C1      0    0     0    0    0     0    0    0     0    0    0     0
C10     0    0     0    0    0     0    0    0     0    0    0     0
C11     0    0     0    0    0     0    0    0     0    0    0     0
C12     0    0     0    0    0     0    0    0     0    0    0     0
C13     0    0     0    0    0     0    0    0     0    0    0     0
C14     0    0     0    0    0     0    0    0     0    0    0     0
C15     0    0     0    0    0     0    0    0     0    0    0     0
C2      0    0     0    0    0     0    0    0     0    0    0     0
C3      0    0     0    0    0     0    0    0     0    0    0     0
C4      0    0     0    0    0     0    0    0     0    0    0     0
C5      0    0     0    0    0     0    0    0     0    0    0     0
C6      0    0     0    0    0     0    0    0     0    0    0     0
C7      0    0     0    0    0     0    0    0     0    0    0     0
C8      0    0     0    0    0     0    0    0     0    0    0     0
C9      0    0     0    0    0     0    0    0     0    0    0     0
F16     0    0     0    0    0     0    0    0     0    0    0     0
F16_1   0    0     0    0    0     0    0    0     0    0    0     0
F16_2   0    0     0    0    0     0    0    0     0    0    0     0
F17     .    0     0    0    0     0    0    0     0    0    0     0
F17_1   0    .     0    0    0     0    0    0     0    0    0     0
F17_2   0    0     .    0    0     0    0    0     0    0    0     0
F18     0    0     0    .    0     0    0    0     0    0    0     0
F18_1   0    0     0    0    .     0    0    0     0    0    0     0
F18_2   0    0     0    0    0     .    0    0     0    0    0     0
F19     0    0     0    0    0     0    .    0     0    0    0     0
F19_1   0    0     0    0    0     0    0    .     0    0    0     0
F19_2   0    0     0    0    0     0    0    0     .    0    0     0
F20     0    0     0    0    0     0    0    0     0    .    0     0
F20_1   0    0     0    0    0     0    0    0     0    0    .     0
F20_2   0    0     0    0    0     0    0    0     0    0    0     .
;

sum{i in D0, j in Vplunend} x[i,j] = 6

sum{i in F, j in V: i != j} xplun[i,j] = 0

sum{i in Vall, j in Vall: i != j} t[i,j]*x[i,j] = 530.825

sum{i in Vplun, j in Vplun: i != j} t[i,j]*xplun[i,j] = 0

sum{i in F} c[i]*R[i] = 80.8341

sum{i in F, j in Vplunend: i != j} b[i]*x[i,j] + sum{i in Vplun, j in V: i
   != j} xplun[i,j] = 0

y [*] :=
   C1 33.3017      C2 43.6079      C9 29.4378     F18  6.7559   F20_1  8.6493
  C10 58.5146      C3 33.3249     F16  0        F18_1  0        F20_2  8.6493
  C11 57.75        C4 18.0278   F16_1  0        F18_2  0           N0 77.75
  C12 43.5229      C5 40.0141   F16_2  0          F19  0           Nσ  0
  C13 18.0833      C6 40.5478     F17 42.579    F19_1 77.75
  C14 38.6988      C7 23.0347   F17_1  0        F19_2  0
  C15 13.0384      C8 32.4378   F17_2  0          F20  8.6493
;

yplun [*] :=
   C1   0           C3   0        F16_1 155.5        F19 155.5
  C10  10.7704      C4 155.5      F16_2 155.5      F19_1 155.5
  C11 155.5         C5   0          F17 155.5      F19_2 155.5
  C12 155.5         C6 155.5      F17_1 155.5        F20 155.5
  C13 155.5         C7 155.5      F17_2 155.5      F20_1 155.5
  C14 155.5         C8 155.5        F18   0        F20_2 155.5
  C15 155.5         C9 155.5      F18_1 155.5
   C2 155.5        F16 155.5      F18_2   0
;

A [*] :=
   C1  86           C3 158.198    F16_1 149.032      F19 240
  C10  19.2354      C4 183.495    F16_2 221.038    F19_1 131.017
  C11  81.8579      C5 192          F17  73.9283   F19_2 149.032
  C12 138           C6  71        F17_1 240          F20 101.771
  C13  69.6667      C7 140.109    F17_2   0        F20_1  89.1007
  C14  39.0512      C8  55.3122     F18 166.388    F20_2 158.851
  C15 198           C9  90.9675   F18_1 227           N0   0
   C2 161          F16 240        F18_2 215.51        Nσ 240
;

Aplun [*] :=
   C1 177.903       C3 223        F16_1  19          F19  19
  C10  29.2354      C4 183.495    F16_2  19        F19_1  19
  C11 221           C5 239          F17  19        F19_2  19
  C12 209           C6 184        F17_1  19          F20  19
  C13 239           C7 198        F17_2  19        F20_1  19
  C14 239           C8 238          F18  19        F20_2  19
  C15 259           C9 219        F18_1  19           N0   0
   C2 161          F16  19        F18_2  19           Nσ   0
;

u [*] :=
   C1 190     C15  96      C7 136     F17 200     F19 200      N0 200
  C10 200      C2  30      C8 186   F17_1  80   F19_1 200      Nσ   0
  C11 200      C3 170      C9 166   F17_2 200   F19_2 200
  C12 200      C4 150     F16 165     F18  96     F20 184
  C13 194      C5 200   F16_1 195   F18_1  96   F20_1 184
  C14 200      C6 200   F16_2  80   F18_2  96   F20_2 165
;

w [*] :=
   C1 0     C13 0      C3 0      C7 0   F16_1 0   F17_2 0     F19 0   F20_1 0
  C10 0     C14 0      C4 0      C8 0   F16_2 0     F18 0   F19_1 0   F20_2 0
  C11 0     C15 0      C5 0      C9 0     F17 0   F18_1 0   F19_2 0      N0 0
  C12 0      C2 0      C6 0     F16 0   F17_1 0   F18_2 0     F20 0      Nσ 0
;

b [*] :=
  F16  0
F16_1  0
F16_2  0
  F17  0
F17_1  0
F17_2  0
  F18  0
F18_1  0
F18_2  0
  F19  0
F19_1  0
F19_2  0
  F20  0
F20_1  0
F20_2  0
;

c [*] :=
  F16  1
F16_1  1
F16_2  1
  F17  1
F17_1  1
F17_2  1
  F18  1
F18_1  1
F18_2  1
  F19  1
F19_1  1
F19_2  1
  F20  1
F20_1  1
F20_2  1
;

R [*] :=
  F16   0
F16_1   0
F16_2   0
  F17  29.9611
F17_1   0
F17_2   0
  F18  17.4628
F18_1   0
F18_2   0
  F19   0
F19_1   0
F19_2   0
  F20  -2.13976e-07
F20_1   0
F20_2  33.4102
;

Y [*] :=
  F16   0
F16_1   0
F16_2   0
  F17  72.5401
F17_1   0
F17_2   0
  F18  24.2187
F18_1   0
F18_2   0
  F19   0
F19_1  77.75
F19_2   0
  F20   8.6493
F20_1   8.6493
F20_2  42.0595
;

