MIP Gap (%):  38.9447035805086
_solve_elapsed_time = 28810.4

TotalCost = 12428.2

x [*,*]
# $18 = F16_2
:      C1 C10 C11 C12 C13 C14 C15  C2  C3  C4  C5  C6  C7  C8  C9 F16 F16_1 $18 :=
C1      .   0   0   0   0   0   0   0   0   0   0   0   0   0   0   0    0    0
C10     0   .   0   0   0   0   1   0   0   0   0   0   0   0   0   0    0    0
C11     0   0   .   0   0   0   0   0   0   0   0   0   0   0   0   0    0    0
C12     0   0   1   .   0   0   0   0   0   0   0   0   0   0   0   0    0    0
C13     0   0   0   0   .   0   0   0   0   0   1   0   0   0   0   0    0    0
C14     0   0   0   0   0   .   0   0   0   0   0   0   0   0   0   0    0    0
C15     0   0   0   0   0   0   .   0   0   0   0   0   0   0   0   0    0    0
C2      0   0   0   0   0   0   0   .   0   0   0   0   0   0   0   0    0    0
C3      0   0   0   0   0   0   0   0   .   0   0   0   0   0   0   0    0    0
C4      0   0   0   0   0   0   0   0   0   .   0   0   1   0   0   0    0    0
C5      0   0   0   0   0   0   0   0   0   0   .   0   0   0   0   0    0    0
C6      0   0   0   0   0   0   0   1   0   0   0   .   0   0   0   0    0    0
C7      0   0   0   0   0   0   0   0   0   0   0   0   .   0   0   0    0    0
C8      0   0   0   0   0   0   0   0   0   0   0   0   0   .   0   0    0    0
C9      1   0   0   0   0   0   0   0   0   0   0   0   0   0   .   0    0    0
F16     0   0   0   0   0   0   0   0   0   0   0   0   0   0   0   .    0    0
F16_1   0   0   0   0   0   0   0   0   0   0   0   1   0   0   0   0    .    0
F16_2   0   0   0   0   0   0   0   0   0   0   0   0   0   0   0   0    0    .
F17     0   0   0   0   0   0   0   0   0   0   0   0   0   0   0   0    0    0
F17_1   0   0   0   0   0   0   0   0   0   0   0   0   0   0   0   0    0    0
F17_2   0   0   0   0   0   0   0   0   0   0   0   0   0   0   0   0    0    0
F18     0   0   0   0   0   0   0   0   0   0   0   0   0   0   0   0    0    0
F18_1   0   0   0   0   0   1   0   0   0   0   0   0   0   0   0   0    0    0
F18_2   0   0   0   0   0   0   0   0   0   0   0   0   0   0   0   0    0    0
F19     0   0   0   0   0   0   0   0   0   0   0   0   0   0   0   0    0    0
F19_1   0   0   0   0   0   0   0   0   0   0   0   0   0   0   0   0    0    0
F19_2   0   0   0   0   1   0   0   0   0   0   0   0   0   0   0   0    0    0
F20     0   0   0   0   0   0   0   0   0   0   0   0   0   0   0   0    0    0
F20_1   0   0   0   0   0   0   0   0   0   0   0   0   0   0   0   0    0    0
F20_2   0   0   0   0   0   0   0   0   0   0   0   0   0   0   0   0    0    0
N0      0   1   0   1   0   0   0   0   1   1   0   0   0   1   1   0    1    0
Nσ      0   0   0   0   0   0   0   0   0   0   0   0   0   0   0   0    0    0

:     F17 F17_1 F17_2 F18 F18_1 F18_2 F19 F19_1 F19_2 F20 F20_1 F20_2  N0  Nσ :=
C1      0    0     0    0    0     0    0    0     0    1    0     0    0   0
C10     0    0     0    0    0     0    0    0     0    0    0     0    0   0
C11     0    0     0    0    0     0    0    0     0    0    0     0    0   1
C12     0    0     0    0    0     0    0    0     0    0    0     0    0   0
C13     0    0     0    0    0     0    0    0     0    0    0     0    0   0
C14     0    0     0    0    0     0    0    0     0    0    0     0    0   1
C15     0    0     0    0    0     0    0    0     0    0    0     0    0   1
C2      0    0     0    0    0     0    0    0     0    0    0     0    0   1
C3      0    0     0    0    0     0    0    0     1    0    0     0    0   0
C4      0    0     0    0    0     0    0    0     0    0    0     0    0   0
C5      0    0     0    0    0     0    0    0     0    0    0     0    0   1
C6      0    0     0    0    0     0    0    0     0    0    0     0    0   0
C7      0    0     0    0    1     0    0    0     0    0    0     0    0   0
C8      0    0     0    0    0     0    0    0     0    0    0     0    0   1
C9      0    0     0    0    0     0    0    0     0    0    0     0    0   0
F16     0    0     0    0    0     0    0    0     0    0    0     0    0   0
F16_1   0    0     0    0    0     0    0    0     0    0    0     0    0   0
F16_2   0    0     0    0    0     0    0    0     0    0    0     0    0   0
F17     .    0     0    0    0     0    0    0     0    0    0     0    0   0
F17_1   0    .     1    0    0     0    0    0     0    0    0     0    0   0
F17_2   0    1     .    0    0     0    0    0     0    0    0     0    0   0
F18     0    0     0    .    0     0    0    0     0    0    0     0    0   0
F18_1   0    0     0    0    .     0    0    0     0    0    0     0    0   0
F18_2   0    0     0    0    0     .    0    0     0    0    0     0    0   0
F19     0    0     0    0    0     0    .    0     0    0    0     0    0   0
F19_1   0    0     0    0    0     0    0    .     0    0    0     0    0   0
F19_2   0    0     0    0    0     0    0    0     .    0    0     0    0   0
F20     0    0     0    0    0     0    0    0     0    .    1     0    0   0
F20_1   0    0     0    0    0     0    0    0     0    0    .     0    0   1
F20_2   0    0     0    0    0     0    0    0     0    0    0     .    0   0
N0      0    0     0    0    0     0    0    0     0    0    0     0    .   0
Nσ      0    0     0    0    0     0    0    0     0    0    0     0    0   .
;

xplun [*,*]
# $18 = F16_2
:      C1 C10 C11 C12 C13 C14 C15  C2  C3  C4  C5  C6  C7  C8  C9 F16 F16_1 $18 :=
C1      .   0   0   0   0   0   0   0   0   0   0   0   0   0   0   0    0    0
C10     0   .   0   0   0   0   0   0   0   0   0   0   0   0   0   0    0    0
C11     0   0   .   0   0   0   0   0   0   0   0   0   0   0   0   0    0    0
C12     0   0   0   .   0   0   0   0   0   0   0   0   0   0   0   0    0    0
C13     0   0   0   0   .   0   0   0   0   0   0   0   0   0   0   0    0    0
C14     0   0   0   0   0   .   0   0   0   0   0   0   0   0   0   0    0    0
C15     0   0   0   0   0   0   .   0   0   0   0   0   0   0   0   0    0    0
C2      0   0   0   0   0   0   0   .   0   0   0   0   0   0   0   0    0    0
C3      0   0   0   0   0   0   0   0   .   0   0   0   0   0   0   0    0    0
C4      0   0   0   0   0   0   0   0   0   .   0   0   0   0   0   0    0    0
C5      0   0   0   0   0   0   0   0   0   0   .   0   0   0   0   0    0    0
C6      0   0   0   0   0   0   0   0   0   0   0   .   0   0   0   0    0    0
C7      0   0   0   0   0   0   0   0   0   0   0   0   .   0   0   0    0    0
C8      0   0   0   0   0   0   0   0   0   0   0   0   0   .   0   0    0    0
C9      0   0   0   0   0   0   0   0   0   0   0   0   0   0   .   0    0    0
F16     0   0   0   0   0   0   0   0   0   0   0   0   0   0   0   .    0    0
F16_1   0   0   0   0   0   0   0   0   0   0   0   0   0   0   0   0    .    0
F16_2   0   0   0   0   0   0   0   0   0   0   0   0   0   0   0   0    0    .
F17     0   0   0   0   0   0   0   0   0   0   0   0   0   0   0   0    0    0
F17_1   0   0   0   0   0   0   0   0   0   0   0   0   0   0   0   0    0    0
F17_2   0   0   0   0   0   0   0   0   0   0   0   0   0   0   0   0    0    0
F18     0   0   0   0   0   0   0   0   0   0   0   0   0   0   0   0    0    0
F18_1   0   0   0   0   0   0   0   0   0   0   0   0   0   0   0   0    0    0
F18_2   0   0   0   0   0   0   0   0   0   0   0   0   0   0   0   0    0    0
F19     0   0   0   0   0   0   0   0   0   0   0   0   0   0   0   0    0    0
F19_1   0   0   0   0   0   0   0   0   0   0   0   0   0   0   0   0    0    0
F19_2   0   0   0   0   0   0   0   0   0   0   0   0   0   0   0   0    0    0
F20     0   0   0   0   0   0   0   0   0   0   0   0   0   0   0   0    0    0
F20_1   0   0   0   0   0   0   0   0   0   0   0   0   0   0   0   0    0    0
F20_2   0   0   0   0   0   0   0   0   0   0   0   0   0   0   0   0    0    0

:     F17 F17_1 F17_2 F18 F18_1 F18_2 F19 F19_1 F19_2 F20 F20_1 F20_2    :=
C1      0    0     0    0    0     0    0    0     0    0    0     0
C10     0    0     0    0    0     0    0    0     0    0    0     0
C11     0    0     0    0    0     0    0    0     0    0    0     0
C12     0    0     0    0    0     0    0    0     0    0    0     0
C13     0    0     0    0    0     0    0    0     0    0    0     0
C14     0    0     0    0    0     0    0    0     0    0    0     0
C15     0    0     0    0    0     0    0    0     0    0    0     0
C2      0    0     0    0    0     0    0    0     0    0    0     0
C3      0    0     0    0    0     0    0    0     0    0    0     0
C4      0    0     0    0    0     0    0    0     0    0    0     0
C5      0    0     0    0    0     0    0    0     0    0    0     0
C6      0    0     0    0    0     0    0    0     0    0    0     0
C7      0    0     0    0    0     0    0    0     0    0    0     0
C8      0    0     0    0    0     0    0    0     0    0    0     0
C9      0    0     0    0    0     0    0    0     0    0    0     0
F16     0    0     0    0    0     0    0    0     0    0    0     0
F16_1   0    0     0    0    0     0    0    0     0    0    0     0
F16_2   0    0     0    0    0     0    0    0     0    0    0     0
F17     .    0     0    0    0     0    0    0     0    0    0     0
F17_1   0    .     0    0    0     0    0    0     0    0    0     0
F17_2   0    0     .    0    0     0    0    0     0    0    0     0
F18     0    0     0    .    0     0    0    0     0    0    0     0
F18_1   0    0     0    0    .     0    0    0     0    0    0     0
F18_2   0    0     0    0    0     .    0    0     0    0    0     0
F19     0    0     0    0    0     0    .    0     0    0    0     0
F19_1   0    0     0    0    0     0    0    .     0    0    0     0
F19_2   0    0     0    0    0     0    0    0     .    0    0     0
F20     0    0     0    0    0     0    0    0     0    .    0     0
F20_1   0    0     0    0    0     0    0    0     0    0    .     0
F20_2   0    0     0    0    0     0    0    0     0    0    0     .
;

sum{i in D0, j in Vplunend} x[i,j] = 7

sum{i in F, j in V: i != j} xplun[i,j] = 0

sum{i in Vall, j in Vall: i != j} t[i,j]*x[i,j] = 542.583

sum{i in Vplun, j in Vplun: i != j} t[i,j]*xplun[i,j] = 0

sum{i in F} c[i]*R[i] = 56.0233

sum{i in F, j in Vplunend: i != j} b[i]*x[i,j] + sum{i in Vplun, j in V: i
   != j} xplun[i,j] = 0

y [*] :=
   C1 20.3158           C6 37.0185        F18_1 31.9091
  C10 66.5697           C7 38.6173        F18_2  0
  C11 19.6469           C8 36.0555          F19 77.75
  C12 47.9312           C9 30.3158        F19_1  0
  C13 38.2132          F16 77.75          F19_2 24.034
  C14 19.2354        F16_1 77.75            F20 10.8818
  C15 19.2354        F16_2  2.13834e-05   F20_1 42.0595
   C2 27.0185          F17  0             F20_2  0
   C3 38.4562        F17_1 77.75             N0 77.75
   C4 44.4483        F17_2 77.75             Nσ  0
   C5  4.2426          F18 77.75
;

yplun [*] :=
   C1   7.2801      C3   7.2801   F16_1   7.2801     F19   7.2801
  C10 155.5         C4 155.5      F16_2   7.2801   F19_1   7.2801
  C11 155.5         C5 155.5        F17   7.2801   F19_2   7.2801
  C12   7.2801      C6   7.2801   F17_1   7.2801     F20   7.2801
  C13   7.2801      C7 155.5      F17_2   7.2801   F20_1   7.2801
  C14 155.5         C8   7.2801     F18   7.2801   F20_2   7.2801
  C15 155.5         C9   7.2801   F18_1   7.2801
   C2   7.2801     F16   7.2801   F18_2   7.2801
;

A [*] :=
   C1  67.4342      C3  58        F16_1   0          F19   0
  C10  41           C4 105.169    F16_2 240        F19_1 240
  C11 180           C5 225          F17   0        F19_2  93.7059
  C12 141.716       C6  52        F17_1   0          F20  86.8682
  C13 120           C7 121        F17_2   0        F20_1 123.346
  C14 180           C8  37          F18 240        F20_2 240
  C15  60.2195      C9  47.4342   F18_1 153.885       N0   0
   C2 126          F16   0        F18_2 240           Nσ 240
;

Aplun [*] :=
   C1  91          C2 232          C9 182         F18  22       F20_1  22
  C10  62          C3 156         F16  22       F18_1  22       F20_2  22
  C11 261.174      C4 135       F16_1  22       F18_2  22          N0   0
  C12 212          C5 235       F16_2  22         F19  22          Nσ   0
  C13 220          C6 144         F17  22       F19_1  22
  C14 261.174      C7 131       F17_1  22       F19_2  22
  C15 210          C8 114       F17_2  22         F20  22
;

u [*] :=
   C1  10.0001      C3 200        F16_1 200          F19 184
  C10 200           C4 200        F16_2 184        F19_1 200
  C11  23           C5   6          F17   0        F19_2 180
  C12  31           C6 184        F17_1   0          F20   0
  C13 180           C7 180        F17_2   0        F20_1   0
  C14 170           C8  10          F18 170        F20_2 200
  C15  14           C9  40        F18_1 170           N0 200
   C2 181          F16 184        F18_2 170           Nσ   0
;

w [*] :=
   C1 0     C13 0      C3 0      C7 0   F16_1 0   F17_2 0     F19 0   F20_1 0
  C10 0     C14 0      C4 0      C8 0   F16_2 0     F18 0   F19_1 0   F20_2 0
  C11 0     C15 0      C5 0      C9 0     F17 0   F18_1 0   F19_2 0      N0 0
  C12 0      C2 0      C6 0     F16 0   F17_1 0   F18_2 0     F20 0      Nσ 0
;

b [*] :=
  F16  0
F16_1  0
F16_2  0
  F17  0
F17_1  0
F17_2  0
  F18  0
F18_1  0
F18_2  0
  F19  0
F19_1  0
F19_2  0
  F20  0
F20_1  0
F20_2  1
;

c [*] :=
  F16  1
F16_1  1
F16_2  1
  F17  1
F17_1  1
F17_2  1
  F18  1
F18_1  1
F18_2  1
  F19  1
F19_1  1
F19_2  1
  F20  1
F20_1  1
F20_2  0
;

R [*] :=
  F16   0
F16_1   0
F16_2   0
  F17   0
F17_1   0
F17_2   0
  F18   0
F18_1   6.1943
F18_2   0
  F19   0
F19_1   0
F19_2  18.6513
  F20  31.1777
F20_1   0
F20_2   0
;

Y [*] :=
  F16  77.75
F16_1  77.75
F16_2   2.13834e-05
  F17   0
F17_1  77.75
F17_2  77.75
  F18  77.75
F18_1  38.1034
F18_2   0
  F19  77.75
F19_1   0
F19_2  42.6853
  F20  42.0595
F20_1  42.0595
F20_2  77.75
;

