MIP Gap (%):  67.19994159909149
_solve_elapsed_time = 28810

TotalCost = 10648.9

x [*,*]
:      C1 C10 C11 C12 C13 C14 C15      C2     C3  C4  C5  C6  C7  C8  C9 F16 :=
C1      .   0   0   0   0   0   0   0          1   0   0   0   0   0   0   0
C10     0   .   0   0   0   0   0   0.999999   0   0   0   0   0   0   0   0
C11     0   0   .   0   0   0   0   0          0   0   0   0   0   0   0   0
C12     0   0   0   .   0   1   0   0          0   0   0   0   0   0   0   0
C13     0   0   0   0   .   0   0   0          0   0   0   0   0   0   0   0
C14     0   0   0   0   0   .   0   0          0   1   0   0   0   0   0   0
C15     0   0   0   0   0   0   .   0          0   0   0   0   0   0   0   0
C2      0   0   0   0   0   0   0    .         0   0   0   0   0   0   0   0
C3      0   0   0   0   0   0   0   0          .   0   0   0   0   0   0   0
C4      0   0   0   0   0   0   0   0          0   .   0   0   0   0   0   0
C5      0   0   0   0   0   0   0   0          0   0   .   0   0   0   0   0
C6      0   0   1   0   0   0   0   0          0   0   0   .   0   0   0   0
C7      0   0   0   0   0   0   1   0          0   0   0   0   .   0   0   0
C8      0   0   0   0   0   0   0   0          0   0   0   0   0   .   0   0
C9      0   0   0   0   0   0   0   0          0   0   0   0   0   0   .   0
F16     0   0   0   0   0   0   0   0          0   0   0   0   0   0   0   .
F16_1   0   0   0   0   0   0   0   0          0   0   0   0   0   0   0   0
F16_2   1   0   0   0   0   0   0   0          0   0   0   0   0   0   0   0
F17     0   0   0   0   0   0   0   0          0   0   0   0   0   0   0   0
F17_1   0   0   0   0   0   0   0   0          0   0   0   0   0   0   0   0
F17_2   0   0   0   0   0   0   0   0          0   0   0   0   0   1   0   0
F18     0   0   0   0   0   0   0   0          0   0   0   0   1   0   0   0
F18_1   0   0   0   0   0   0   0   0          0   0   0   0   0   0   0   0
F18_2   0   0   0   0   0   0   0   0          0   0   0   0   0   0   0   0
F19     0   0   0   0   0   0   0   0          0   0   0   0   0   0   0   0
F19_1   0   0   0   0   0   0   0   0          0   0   0   0   0   0   0   0
F19_2   0   0   0   0   0   0   0   0          0   0   0   0   0   0   0   0
F20     0   0   0   0   0   0   0   0          0   0   1   0   0   0   0   0
F20_1   0   0   0   0   0   0   0   0          0   0   0   0   0   0   0   0
F20_2   0   0   0   0   0   0   0   0          0   0   0   0   0   0   0   0
N0      0   1   0   1   1   0   0   0          0   0   0   1   0   0   1   0
Nσ      0   0   0   0   0   0   0   0          0   0   0   0   0   0   0   0

# $2 = F16_2
# $4 = F17_1
# $5 = F17_2
# $7 = F18_1
# $8 = F18_2
# $10 = F19_1
# $11 = F19_2
# $13 = F20_1
:        F16_1    $2 F17  $4  $5 F18  $7  $8 F19 $10 $11 F20 $13    F20_2    N0 :=
C1      0          0   0   0   0   0   0   0   0   0   0   0   0   0          0
C10     0          0   0   0   0   0   0   0   0   0   0   0   0   0          0
C11     0          0   0   0   1   0   0   0   0   0   0   0   0   0          0
C12     0          0   0   0   0   0   0   0   0   0   0   0   0   0          0
C13     0          0   0   0   0   0   0   0   0   0   0   0   0   0.999999   0
C14     0          0   0   0   0   0   0   0   0   0   0   0   0   0          0
C15     0          0   0   0   0   0   0   0   0   0   0   0   0   0          0
C2      0          0   0   0   0   0   0   0   0   1   0   0   0   0          0
C3      0          0   0   0   0   0   0   0   0   0   0   0   0   0          0
C4      0          0   0   0   0   0   0   0   0   0   0   0   0   0          0
C5      0.999999   0   0   0   0   0   0   0   0   0   0   0   0   0          0
C6      0          0   0   0   0   0   0   0   0   0   0   0   0   0          0
C7      0          0   0   0   0   0   0   0   0   0   0   0   0   0          0
C8      0          0   0   0   0   0   0   0   0   0   0   0   0   0          0
C9      0          0   0   0   0   1   0   0   0   0   0   0   0   0          0
F16     0          0   0   0   0   0   0   0   0   0   0   0   0   0          0
F16_1    .         0   0   0   0   0   0   0   0   0   0   0   0   0          0
F16_2   0          .   0   0   0   0   0   0   0   0   0   0   0   0          0
F17     0          0   .   0   0   0   0   0   0   0   0   0   0   0          0
F17_1   0          0   0   .   0   0   0   0   0   0   0   0   0   0          0
F17_2   0          0   0   0   .   0   0   0   0   0   0   0   0   0          0
F18     0          0   0   0   0   .   0   0   0   0   0   0   0   0          0
F18_1   0          0   0   0   0   0   .   0   0   0   0   0   0   0          0
F18_2   0          0   0   0   0   0   0   .   0   0   0   0   0   0          0
F19     0          0   0   0   0   0   0   0   .   0   0   0   0   0          0
F19_1   0          0   0   0   0   0   0   0   0   .   1   0   0   0          0
F19_2   0          0   0   0   0   0   0   0   0   0   .   0   0   0          0
F20     0          0   0   0   0   0   0   0   0   0   0   .   0   0          0
F20_1   0          0   0   0   0   0   0   0   0   0   0   1   .   0          0
F20_2   0          0   0   0   0   0   0   0   0   0   0   0   1    .         0
N0      0          1   0   0   0   0   0   0   0   0   0   0   0   0          .
Nσ      0          0   0   0   0   0   0   0   0   0   0   0   0   0          0

:          Nσ       :=
C1      0
C10     0
C11     0
C12     0
C13     0
C14     0
C15     1
C2      0
C3      1
C4      1
C5      0
C6      0
C7      0
C8      1
C9      0
F16     0
F16_1   0.999999
F16_2   0
F17     0
F17_1   0
F17_2   0
F18     0
F18_1   0
F18_2   0
F19     0
F19_1   0
F19_2   1
F20     0
F20_1   0
F20_2   0
N0      0
;

xplun [*,*]
# $18 = F16_2
:      C1 C10 C11 C12 C13 C14 C15  C2  C3  C4  C5  C6  C7  C8  C9 F16 F16_1 $18 :=
C1      .   0   0   0   0   0   0   0   0   0   0   0   0   0   0   0    0    0
C10     0   .   0   0   0   0   0   0   0   0   0   0   0   0   0   0    0    0
C11     0   0   .   0   0   0   0   0   0   0   0   0   0   0   0   0    0    0
C12     0   0   0   .   0   0   0   0   0   0   0   0   0   0   0   0    0    0
C13     0   0   0   0   .   0   0   0   0   0   0   0   0   0   0   0    0    0
C14     0   0   0   0   0   .   0   0   0   0   0   0   0   0   0   0    0    0
C15     0   0   0   0   0   0   .   0   0   0   0   0   0   0   0   0    0    0
C2      0   0   0   0   0   0   0   .   0   0   0   0   0   0   0   0    0    0
C3      0   0   0   0   0   0   0   0   .   0   0   0   0   0   0   0    0    0
C4      0   0   0   0   0   0   0   0   0   .   0   0   0   0   0   0    0    0
C5      0   0   0   0   0   0   0   0   0   0   .   0   0   0   0   0    0    0
C6      0   0   0   0   0   0   0   0   0   0   0   .   0   0   0   0    0    0
C7      0   0   0   0   0   0   0   0   0   0   0   0   .   0   0   0    0    0
C8      0   0   0   0   0   0   0   0   0   0   0   0   0   .   0   0    0    0
C9      0   0   0   0   0   0   0   0   0   0   0   0   0   0   .   0    0    0
F16     0   0   0   0   0   0   0   0   0   0   0   0   0   0   0   .    0    0
F16_1   0   0   0   0   0   0   0   0   0   0   0   0   0   0   0   0    .    0
F16_2   0   0   0   0   0   0   0   0   0   0   0   0   0   0   0   0    0    .
F17     0   0   0   0   0   0   0   0   0   0   0   0   0   0   0   0    0    0
F17_1   0   0   0   0   0   0   0   0   0   0   0   0   0   0   0   0    0    0
F17_2   0   0   0   0   0   0   0   0   0   0   0   0   0   0   0   0    0    0
F18     0   0   0   0   0   0   0   0   0   0   0   0   0   0   0   0    0    0
F18_1   0   0   0   0   0   0   0   0   0   0   0   0   0   0   0   0    0    0
F18_2   0   0   0   0   0   0   0   0   0   0   0   0   0   0   0   0    0    0
F19     0   0   0   0   0   0   0   0   0   0   0   0   0   0   0   0    0    0
F19_1   0   0   0   0   0   0   0   0   0   0   0   0   0   0   0   0    0    0
F19_2   0   0   0   0   0   0   0   0   0   0   0   0   0   0   0   0    0    0
F20     0   0   0   0   0   0   0   0   0   0   0   0   0   0   0   0    0    0
F20_1   0   0   0   0   0   0   0   0   0   0   0   0   0   0   0   0    0    0
F20_2   0   0   0   0   0   0   0   0   0   0   0   0   0   0   0   0    0    0

:     F17 F17_1 F17_2 F18 F18_1 F18_2 F19 F19_1 F19_2 F20 F20_1 F20_2    :=
C1      0    0     0    0    0     0    0    0     0    0    0     0
C10     0    0     0    0    0     0    0    0     0    0    0     0
C11     0    0     0    0    0     0    0    0     0    0    0     0
C12     0    0     0    0    0     0    0    0     0    0    0     0
C13     0    0     0    0    0     0    0    0     0    0    0     0
C14     0    0     0    0    0     0    0    0     0    0    0     0
C15     0    0     0    0    0     0    0    0     0    0    0     0
C2      0    0     0    0    0     0    0    0     0    0    0     0
C3      0    0     0    0    0     0    0    0     0    0    0     0
C4      0    0     0    0    0     0    0    0     0    0    0     0
C5      0    0     0    0    0     0    0    0     0    0    0     0
C6      0    0     0    0    0     0    0    0     0    0    0     0
C7      0    0     0    0    0     0    0    0     0    0    0     0
C8      0    0     0    0    0     0    0    0     0    0    0     0
C9      0    0     0    0    0     0    0    0     0    0    0     0
F16     0    0     0    0    0     0    0    0     0    0    0     0
F16_1   0    0     0    0    0     0    0    0     0    0    0     0
F16_2   0    0     0    0    0     0    0    0     0    0    0     0
F17     .    0     0    0    0     0    0    0     0    0    0     0
F17_1   0    .     0    0    0     0    0    0     0    0    0     0
F17_2   0    0     .    0    0     0    0    0     0    0    0     0
F18     0    0     0    .    0     0    0    0     0    0    0     0
F18_1   0    0     0    0    .     0    0    0     0    0    0     0
F18_2   0    0     0    0    0     .    0    0     0    0    0     0
F19     0    0     0    0    0     0    .    0     0    0    0     0
F19_1   0    0     0    0    0     0    0    .     0    0    0     0
F19_2   0    0     0    0    0     0    0    0     .    0    0     0
F20     0    0     0    0    0     0    0    0     0    .    0     0
F20_1   0    0     0    0    0     0    0    0     0    0    .     0
F20_2   0    0     0    0    0     0    0    0     0    0    0     .
;

sum{i in D0, j in Vplunend} x[i,j] = 6

sum{i in F, j in V: i != j} xplun[i,j] = 0

sum{i in Vall, j in Vall: i != j} t[i,j]*x[i,j] = 487.835

sum{i in Vplun, j in Vplun: i != j} t[i,j]*xplun[i,j] = 0

sum{i in F} c[i]*R[i] = 45.7055

sum{i in F, j in Vplunend: i != j} b[i]*x[i,j] + sum{i in Vplun, j in V: i
   != j} xplun[i,j] = 0

y [*] :=
   C1 51.4657           C6 50.2909        F18_1  0
  C10 39.4225           C7 40.0306        F18_2 77.75
  C11 33.1737           C8 38.0789          F19  5.48904e-05
  C12 50.8242           C9 39.6711        F19_1 16.3808
  C13 57.1345          F16  0             F19_2 24.0832
  C14 25.0513        F16_1  6.68042e-05     F20 34.9309
  C15 37.2022        F16_2 77.75          F20_1 34.9309
   C2 31.6123          F17  0             F20_2 34.9309
   C3 35.3412        F17_1  0                N0 77.75
   C4  4.2426        F17_2 25.1737           Nσ  0
   C5 45.1774          F18 35.199
;

yplun [*] :=
   C1  0          C15  0           C7  0          F17  0          F19  0
  C10 29.1629      C2 29.1629      C8 29.1629   F17_1  0        F19_1  0
  C11 29.1629      C3  0           C9  0        F17_2  0        F19_2  0
  C12  0           C4 29.1629     F16  0          F18  0          F20  0
  C13  0           C5 29.1629   F16_1  0        F18_1  0        F20_1  0
  C14  0           C6 16.1245   F16_2  0        F18_2  0        F20_2  0
;

A [*] :=
   C1 795.199       C3 821.324    F16_1 918.491      F19 179.7
  C10 146.875       C4 479        F16_2 729.431    F19_1 243.153
  C11 620.226       C5 335          F17 960        F19_2 911.646
  C12 431.12        C6 593.108    F17_1 960          F20 312.162
  C13 191           C7  61.2728   F17_2 638.226    F20_1 312.162
  C14 448.191       C8 694          F18  52.551    F20_2 312.162
  C15 609           C9  38.0789   F18_1   0           N0   0
   C2 217.921      F16 953.233    F18_2  44.3192      Nσ 960
;

Aplun [*] :=
   C1  939          C3  924       F16_1  148         F19  148
  C10  340          C4  848       F16_2  148       F19_1  148
  C11  909          C5  800         F17  148       F19_2  148
  C12  924          C6  922       F17_1  148         F20  148
  C13  512          C7  204       F17_2  148       F20_1  148
  C14  935          C8  964.472     F18  148       F20_2  148
  C15 1108          C9  921       F18_1  148          N0    0
   C2  520         F16  148       F18_2  148          Nσ    0
;

u [*] :=
   C1 1000     C15   10      C7   20     F17 1000     F19  990      N0 1000
  C10 1000      C2  990      C8  982   F17_1 1000   F19_1  950      Nσ    0
  C11  992      C3  994      C9 1000   F17_2  982   F19_2  950
  C12   32      C4    6     F16 1000     F18   20     F20   20
  C13 1000      C5   20   F16_1    0   F18_1    0   F20_1   20
  C14    9      C6 1000   F16_2 1000   F18_2  980   F20_2   20
;

w [*] :=
   C1 0     C13 0      C3 0      C7 0   F16_1 0   F17_2 0     F19 0   F20_1 0
  C10 0     C14 0      C4 0      C8 0   F16_2 0     F18 0   F19_1 0   F20_2 0
  C11 0     C15 0      C5 0      C9 0     F17 0   F18_1 0   F19_2 0      N0 0
  C12 0      C2 0      C6 0     F16 0   F17_1 0   F18_2 0     F20 0      Nσ 0
;

b [*] :=
  F16  0
F16_1  0
F16_2  0
  F17  0
F17_1  0
F17_2  0
  F18  0
F18_1  0
F18_2  0
  F19  0
F19_1  0
F19_2  0
  F20  0
F20_1  0
F20_2  0
;

c [*] :=
  F16  1
F16_1  1
F16_2  1
  F17  1
F17_1  1
F17_2  1
  F18  1
F18_1  1
F18_2  1
  F19  1
F19_1  1
F19_2  1
  F20  1
F20_1  1
F20_2  1
;

R [*] :=
  F16   0
F16_1   0
F16_2   0
  F17   0
F17_1   0
F17_2  16.5108
  F18   6.2458
F18_1   0
F18_2   0
  F19   1.19138e-05
F19_1   7.70239
F19_2   0
  F20  15.2465
F20_1   0
F20_2   0
;

Y [*] :=
  F16   0
F16_1   6.68042e-05
F16_2  77.75
  F17   0
F17_1   0
F17_2  41.6845
  F18  41.4448
F18_1   0
F18_2  77.75
  F19   6.68042e-05
F19_1  24.0832
F19_2  24.0832
  F20  50.1774
F20_1  34.9309
F20_2  34.9309
;

