MIP Gap (%):  82.43474069137558
_solve_elapsed_time = 28803.4

TotalCost = 14073.4

x [*,*]
# $18 = F16_2
:      C1 C10 C11 C12 C13 C14 C15  C2  C3  C4  C5  C6  C7  C8  C9 F16 F16_1 $18 :=
C1      .   0   0   0   0   0   0   0   0   0   0   0   0   0   0   0    0    0
C10     0   .   0   0   0   0   0   0   0   0   0   0   0   0   0   0    0    0
C11     0   0   .   1   0   0   0   0   0   0   0   0   0   0   0   0    0    0
C12     0   0   0   .   0   0   0   0   0   0   0   1   0   0   0   0    0    0
C13     0   0   0   0   .   0   0   0   0   0   0   0   0   0   0   0    0    0
C14     0   0   0   0   1   .   0   0   0   0   0   0   0   0   0   0    0    0
C15     0   0   0   0   0   0   .   0   0   0   0   0   0   0   1   0    0    0
C2      0   0   0   0   0   0   0   .   0   0   1   0   0   0   0   0    0    0
C3      0   0   0   0   0   0   0   0   .   1   0   0   0   0   0   0    0    0
C4      0   0   0   0   0   0   0   0   0   .   0   0   0   0   0   0    0    0
C5      0   0   0   0   0   0   0   0   0   0   .   0   0   0   0   0    0    0
C6      0   0   0   0   0   1   0   0   0   0   0   .   0   0   0   0    0    0
C7      0   0   0   0   0   0   0   0   0   0   0   0   .   0   0   0    0    0
C8      0   0   0   0   0   0   0   0   0   0   0   0   0   .   0   0    0    0
C9      0   1   0   0   0   0   0   0   0   0   0   0   0   0   .   0    0    0
F16     0   0   0   0   0   0   0   0   0   0   0   0   0   0   0   .    0    0
F16_1   0   0   0   0   0   0   0   0   0   0   0   0   0   0   0   0    .    0
F16_2   0   0   0   0   0   0   0   0   0   0   0   0   0   0   0   0    0    .
F17     0   0   0   0   0   0   0   0   0   0   0   0   0   0   0   0    0    0
F17_1   0   0   0   0   0   0   0   0   0   0   0   0   0   0   0   0    0    0
F17_2   0   0   0   0   0   0   0   0   0   0   0   0   0   0   0   0    0    0
F18     0   0   0   0   0   0   0   0   0   0   0   0   0   0   0   0    0    0
F18_1   0   0   0   0   0   0   0   0   0   0   0   0   0   0   0   0    0    0
F18_2   0   0   0   0   0   0   0   0   0   0   0   0   0   0   0   0    0    0
F19     0   0   0   0   0   0   0   0   0   0   0   0   0   0   0   0    0    0
F19_1   0   0   0   0   0   0   0   0   0   0   0   0   0   0   0   0    0    0
F19_2   0   0   0   0   0   0   0   0   0   0   0   0   0   0   0   0    0    0
F20     0   0   0   0   0   0   0   0   0   0   0   0   0   0   0   0    0    0
F20_1   0   0   0   0   0   0   1   0   0   0   0   0   0   0   0   0    0    0
F20_2   0   0   0   0   0   0   0   0   0   0   0   0   0   0   0   0    0    0
F21     0   0   0   0   0   0   0   0   0   0   0   0   0   0   0   0    0    0
F21_1   0   0   0   0   0   0   0   0   0   0   0   0   0   0   0   0    0    0
F21_2   0   0   0   0   0   0   0   0   0   0   0   0   0   0   0   0    0    0
F22     0   0   0   0   0   0   0   0   0   0   0   0   0   1   0   0    0    0
F22_1   0   0   0   0   0   0   0   0   0   0   0   0   0   0   0   0    0    0
F22_2   0   0   0   0   0   0   0   0   0   0   0   0   0   0   0   0    0    0
N0      1   0   1   0   0   0   0   1   1   0   0   0   1   0   0   0    0    0
Nσ      0   0   0   0   0   0   0   0   0   0   0   0   0   0   0   0    0    0

# $3 = F17_2
# $5 = F18_1
# $6 = F18_2
# $8 = F19_1
# $9 = F19_2
# $11 = F20_1
# $12 = F20_2
# $14 = F21_1
# $15 = F21_2
# $17 = F22_1
# $18 = F22_2
:     F17 F17_1  $3 F18  $5  $6 F19  $8  $9 F20 $11 $12 F21 $14 $15 F22 $17 $18 :=
C1      0    0    0   0   0   0   0   0   0   0   0   0   0   0   0   0   0   0
C10     0    0    0   0   0   0   0   0   0   1   0   0   0   0   0   0   0   0
C11     0    0    0   0   0   0   0   0   0   0   0   0   0   0   0   0   0   0
C12     0    0    0   0   0   0   0   0   0   0   0   0   0   0   0   0   0   0
C13     0    0    0   0   0   0   0   0   0   0   0   0   0   0   0   1   0   0
C14     0    0    0   0   0   0   0   0   0   0   0   0   0   0   0   0   0   0
C15     0    0    0   0   0   0   0   0   0   0   0   0   0   0   0   0   0   0
C2      0    0    0   0   0   0   0   0   0   0   0   0   0   0   0   0   0   0
C3      0    0    0   0   0   0   0   0   0   0   0   0   0   0   0   0   0   0
C4      0    0    0   0   0   0   0   0   0   0   0   0   0   0   0   0   0   0
C5      0    0    0   0   0   0   0   0   0   0   0   0   0   0   0   0   0   0
C6      0    0    0   0   0   0   0   0   0   0   0   0   0   0   0   0   0   0
C7      0    0    0   0   0   0   0   0   0   0   0   0   0   0   0   0   0   0
C8      0    0    0   0   0   0   0   0   0   0   0   0   0   0   0   0   0   0
C9      0    0    0   0   0   0   0   0   0   0   0   0   0   0   0   0   0   0
F16     0    0    0   0   0   0   0   0   0   0   0   0   0   0   0   0   0   0
F16_1   0    0    0   0   0   0   0   0   0   0   0   0   0   0   0   0   0   0
F16_2   0    0    0   0   0   0   0   0   0   0   0   0   0   0   0   0   0   0
F17     .    0    0   0   0   0   0   0   0   0   0   0   0   0   0   0   0   0
F17_1   0    .    0   0   0   0   0   0   0   0   0   0   0   0   0   0   0   0
F17_2   0    0    .   0   0   0   0   0   0   0   0   0   0   0   0   0   0   0
F18     0    0    0   .   0   0   0   0   0   0   0   0   0   0   0   0   0   0
F18_1   0    0    0   0   .   0   0   0   0   0   0   0   0   0   0   0   0   0
F18_2   0    0    0   0   0   .   0   0   0   0   0   0   0   0   0   0   0   0
F19     0    0    0   0   0   0   .   0   0   0   0   0   0   0   0   0   0   0
F19_1   0    0    0   0   0   0   0   .   0   0   0   0   0   0   0   0   0   0
F19_2   0    0    0   0   0   0   0   0   .   0   0   0   0   0   0   0   0   0
F20     0    0    0   0   0   0   0   0   0   .   0   0   0   0   0   0   0   0
F20_1   0    0    0   0   0   0   0   0   0   0   .   0   0   0   0   0   0   0
F20_2   0    0    0   0   0   0   0   0   0   0   1   .   0   0   0   0   0   0
F21     0    0    0   0   0   0   0   0   0   0   0   0   .   0   0   0   0   0
F21_1   0    0    0   0   0   0   0   0   0   0   0   0   0   .   0   0   0   0
F21_2   0    0    0   0   0   0   0   0   0   0   0   0   0   0   .   0   0   0
F22     0    0    0   0   0   0   0   0   0   0   0   0   0   0   0   .   0   0
F22_1   0    0    0   0   0   0   0   0   0   0   0   0   0   0   0   0   .   0
F22_2   0    0    0   0   0   0   0   0   0   0   0   0   0   0   0   0   0   .
N0      0    0    0   0   0   0   0   0   0   0   0   1   0   0   0   0   0   0
Nσ      0    0    0   0   0   0   0   0   0   0   0   0   0   0   0   0   0   0

:      N0  Nσ    :=
C1      0   1
C10     0   0
C11     0   0
C12     0   0
C13     0   0
C14     0   0
C15     0   0
C2      0   0
C3      0   0
C4      0   1
C5      0   1
C6      0   0
C7      0   1
C8      0   1
C9      0   0
F16     0   0
F16_1   0   0
F16_2   0   0
F17     0   0
F17_1   0   0
F17_2   0   0
F18     0   0
F18_1   0   0
F18_2   0   0
F19     0   0
F19_1   0   0
F19_2   0   0
F20     0   1
F20_1   0   0
F20_2   0   0
F21     0   0
F21_1   0   0
F21_2   0   0
F22     0   0
F22_1   0   0
F22_2   0   0
N0      .   0
Nσ      0   .
;

xplun [*,*]
# $18 = F16_2
:      C1 C10 C11 C12 C13 C14 C15  C2  C3  C4  C5  C6  C7  C8  C9 F16 F16_1 $18 :=
C1      .   0   0   0   0   0   0   0   0   0   0   0   0   0   0   0    0    0
C10     0   .   0   0   0   0   0   0   0   0   0   0   0   0   0   0    0    0
C11     0   0   .   0   0   0   0   0   0   0   0   0   0   0   0   0    0    0
C12     0   0   0   .   0   0   0   0   0   0   0   0   0   0   0   0    0    0
C13     0   0   0   0   .   0   0   0   0   0   0   0   0   0   0   0    0    0
C14     0   0   0   0   0   .   0   0   0   0   0   0   0   0   0   0    0    0
C15     0   0   0   0   0   0   .   0   0   0   0   0   0   0   0   0    0    0
C2      0   0   0   0   0   0   0   .   0   0   0   0   0   0   0   0    0    0
C3      0   0   0   0   0   0   0   0   .   0   0   0   0   0   0   0    0    0
C4      0   0   0   0   0   0   0   0   0   .   0   0   0   0   0   0    0    0
C5      0   0   0   0   0   0   0   0   0   0   .   0   0   0   0   0    0    0
C6      0   0   0   0   0   0   0   0   0   0   0   .   0   0   0   0    0    0
C7      0   0   0   0   0   0   0   0   0   0   0   0   .   0   0   0    0    0
C8      0   0   0   0   0   0   0   0   0   0   0   0   0   .   0   0    0    0
C9      0   0   0   0   0   0   0   0   0   0   0   0   0   0   .   0    0    0
F16     0   0   0   0   0   0   0   0   0   0   0   0   0   0   0   .    0    0
F16_1   0   0   0   0   0   0   0   0   0   0   0   0   0   0   0   0    .    0
F16_2   0   0   0   0   0   0   0   0   0   0   0   0   0   0   0   0    0    .
F17     0   0   0   0   0   0   0   0   0   0   0   0   0   0   0   0    0    0
F17_1   0   0   0   0   0   0   0   0   0   0   0   0   0   0   0   0    0    0
F17_2   0   0   0   0   0   0   0   0   0   0   0   0   0   0   0   0    0    0
F18     0   0   0   0   0   0   0   0   0   0   0   0   0   0   0   0    0    0
F18_1   0   0   0   0   0   0   0   0   0   0   0   0   0   0   0   0    0    0
F18_2   0   0   0   0   0   0   0   0   0   0   0   0   0   0   0   0    0    0
F19     0   0   0   0   0   0   0   0   0   0   0   0   0   0   0   0    0    0
F19_1   0   0   0   0   0   0   0   0   0   0   0   0   0   0   0   0    0    0
F19_2   0   0   0   0   0   0   0   0   0   0   0   0   0   0   0   0    0    0
F20     0   0   0   0   0   0   0   0   0   0   0   0   0   0   0   0    0    0
F20_1   0   0   0   0   0   0   0   0   0   0   0   0   0   0   0   0    0    0
F20_2   0   0   0   0   0   0   0   0   0   0   0   0   0   0   0   0    0    0
F21     0   0   0   0   0   0   0   0   0   0   0   0   0   0   0   0    0    0
F21_1   0   0   0   0   0   0   0   0   0   0   0   0   0   0   0   0    0    0
F21_2   0   0   0   0   0   0   0   0   0   0   0   0   0   0   0   0    0    0
F22     0   0   0   0   0   0   0   0   0   0   0   0   0   0   0   0    0    0
F22_1   0   0   0   0   0   0   0   0   0   0   0   0   0   0   0   0    0    0
F22_2   0   0   0   0   0   0   0   0   0   0   0   0   0   0   0   0    0    0

# $3 = F17_2
# $5 = F18_1
# $6 = F18_2
# $8 = F19_1
# $9 = F19_2
# $11 = F20_1
# $12 = F20_2
# $14 = F21_1
# $15 = F21_2
# $17 = F22_1
# $18 = F22_2
:     F17 F17_1  $3 F18  $5  $6 F19  $8  $9 F20 $11 $12 F21 $14 $15 F22 $17 $18 :=
C1      0    0    0   0   0   0   0   0   0   0   0   0   0   0   0   0   0   0
C10     0    0    0   0   0   0   0   0   0   0   0   0   0   0   0   0   0   0
C11     0    0    0   0   0   0   0   0   0   0   0   0   0   0   0   0   0   0
C12     0    0    0   0   0   0   0   0   0   0   0   0   0   0   0   0   0   0
C13     0    0    0   0   0   0   0   0   0   0   0   0   0   0   0   0   0   0
C14     0    0    0   0   0   0   0   0   0   0   0   0   0   0   0   0   0   0
C15     0    0    0   0   0   0   0   0   0   0   0   0   0   0   0   0   0   0
C2      0    0    0   0   0   0   0   0   0   0   0   0   0   0   0   0   0   0
C3      0    0    0   0   0   0   0   0   0   0   0   0   0   0   0   0   0   0
C4      0    0    0   0   0   0   0   0   0   0   0   0   0   0   0   0   0   0
C5      0    0    0   0   0   0   0   0   0   0   0   0   0   0   0   0   0   0
C6      0    0    0   0   0   0   0   0   0   0   0   0   0   0   0   0   0   0
C7      0    0    0   0   0   0   0   0   0   0   0   0   0   0   0   0   0   0
C8      0    0    0   0   0   0   0   0   0   0   0   0   0   0   0   0   0   0
C9      0    0    0   0   0   0   0   0   0   0   0   0   0   0   0   0   0   0
F16     0    0    0   0   0   0   0   0   0   0   0   0   0   0   0   0   0   0
F16_1   0    0    0   0   0   0   0   0   0   0   0   0   0   0   0   0   0   0
F16_2   0    0    0   0   0   0   0   0   0   0   0   0   0   0   0   0   0   0
F17     .    0    0   0   0   0   0   0   0   0   0   0   0   0   0   0   0   0
F17_1   0    .    0   0   0   0   0   0   0   0   0   0   0   0   0   0   0   0
F17_2   0    0    .   0   0   0   0   0   0   0   0   0   0   0   0   0   0   0
F18     0    0    0   .   0   0   0   0   0   0   0   0   0   0   0   0   0   0
F18_1   0    0    0   0   .   0   0   0   0   0   0   0   0   0   0   0   0   0
F18_2   0    0    0   0   0   .   0   0   0   0   0   0   0   0   0   0   0   0
F19     0    0    0   0   0   0   .   0   0   0   0   0   0   0   0   0   0   0
F19_1   0    0    0   0   0   0   0   .   0   0   0   0   0   0   0   0   0   0
F19_2   0    0    0   0   0   0   0   0   .   0   0   0   0   0   0   0   0   0
F20     0    0    0   0   0   0   0   0   0   .   0   0   0   0   0   0   0   0
F20_1   0    0    0   0   0   0   0   0   0   0   .   0   0   0   0   0   0   0
F20_2   0    0    0   0   0   0   0   0   0   0   0   .   0   0   0   0   0   0
F21     0    0    0   0   0   0   0   0   0   0   0   0   .   0   0   0   0   0
F21_1   0    0    0   0   0   0   0   0   0   0   0   0   0   .   0   0   0   0
F21_2   0    0    0   0   0   0   0   0   0   0   0   0   0   0   .   0   0   0
F22     0    0    0   0   0   0   0   0   0   0   0   0   0   0   0   .   0   0
F22_1   0    0    0   0   0   0   0   0   0   0   0   0   0   0   0   0   .   0
F22_2   0    0    0   0   0   0   0   0   0   0   0   0   0   0   0   0   0   .
;

sum{i in D0, j in Vplunend} x[i,j] = 6

sum{i in F, j in V: i != j} xplun[i,j] = 0

sum{i in Vall, j in Vall: i != j} t[i,j]*x[i,j] = 522.541

sum{i in Vplun, j in Vplun: i != j} t[i,j]*xplun[i,j] = 0

sum{i in F} c[i]*R[i] = 76.4797

sum{i in F, j in Vplunend: i != j} b[i]*x[i,j] + sum{i in Vplun, j in V: i
   != j} xplun[i,j] = 0

y [*] :=
   C1 39.2792       C5 14.1421    F17_2 77.75        F21  0
  C10 42.3638       C6 37.75        F18 77.75      F21_1  0
  C11 42.75         C7 38.0789    F18_1  0         F21_2  0
  C12 40.75         C8 39.0512    F18_2 77.75        F22  9.20072
  C13 11.4368       C9 63.577       F19  0         F22_1  0
  C14 30.75        F16  0         F19_1  0         F22_2  0
  C15 67.7001    F16_1  0         F19_2  0            N0 77.75
   C2 46.1272    F16_2  0           F20  8.7483       Nσ  0
   C3 61.9386      F17 77.75      F20_1 77.75
   C4 30.8058    F17_1 77.75      F20_2 53.6668
;

yplun [*] :=
   C1 0     C14 0      C5 0     F16 0   F17_2 0   F19_1 0     F21 0   F22_2 0
  C10 0     C15 0      C6 0   F16_1 0     F18 0   F19_2 0   F21_1 0
  C11 0      C2 0      C7 0   F16_2 0   F18_1 0     F20 0   F21_2 0
  C12 0      C3 0      C8 0     F17 0   F18_2 0   F20_1 0     F22 0
  C13 0      C4 0      C9 0   F17_1 0     F19 0   F20_2 0   F22_1 0
;

A [*] :=
   C1 472           C5 935        F17_2 960          F21 960
  C10 796.213       C6 221.687      F18 339.958    F21_1 960
  C11 196.687       C7 911        F18_1 158.023    F21_2 960
  C12 208.687       C8 910        F18_2 248.991      F22 280.236
  C13 268           C9 765          F19 960        F22_1 371.204
  C14 238.687      F16 960        F19_1 960        F22_2 960
  C15 602.7      F16_1  90.9675   F19_2 960           N0   0
   C2 905        F16_2 960          F20 839.829       Nσ 960
   C3 883.92       F17 960        F20_1 592.65
   C4 919        F17_1 960        F20_2 564.472
;

Aplun [*] :=
   C1 834          C3 944       F16_1  36         F19  36       F21_2  36
  C10 902          C4 929       F16_2  36       F19_1  36         F22  36
  C11 925          C5 945         F17  36       F19_2  36       F22_1  36
  C12 924          C6 921       F17_1  36         F20  36       F22_2  36
  C13 666          C7 921       F17_2  36       F20_1  36          N0   0
  C14 914          C8 920         F18  36       F20_2  36          Nσ   0
  C15 927          C9 995.478   F18_1  36         F21  36
   C2 928         F16  36       F18_2  36       F21_1  36
;

u [*] :=
   C1   30      C2 1000      C9  972     F18    0   F20_1 1000   F22_2  970
  C10  964      C3 1000     F16  970   F18_1    0   F20_2 1000      N0 1000
  C11 1000      C4  991   F16_1    0   F18_2    0     F21  970      Nσ    0
  C12  960      C5  970   F16_2    0     F19  970   F21_1  970
  C13  930      C6  950     F17  970   F19_1  970   F21_2  970
  C14  940      C7 1000   F17_1  970   F19_2  970     F22  899
  C15 1000      C8  899   F17_2  970     F20  948   F22_1  899
;

w [*] :=
   C1 0     C14 0      C5 0     F16 0   F17_2 0   F19_1 0     F21 0   F22_2 0
  C10 0     C15 0      C6 0   F16_1 0     F18 0   F19_2 0   F21_1 0      N0 0
  C11 0      C2 0      C7 0   F16_2 0   F18_1 0     F20 0   F21_2 0      Nσ 0
  C12 0      C3 0      C8 0     F17 0   F18_2 0   F20_1 0     F22 0
  C13 0      C4 0      C9 0   F17_1 0     F19 0   F20_2 0   F22_1 0
;

b [*] :=
  F16 0     F17 0     F18 0     F19 0     F20 0     F21 0     F22 0
F16_1 0   F17_1 0   F18_1 0   F19_1 0   F20_1 0   F21_1 0   F22_1 1
F16_2 0   F17_2 0   F18_2 0   F19_2 0   F20_2 0   F21_2 0   F22_2 0
;

c [*] :=
  F16 1     F17 1     F18 1     F19 1     F20 1     F21 1     F22 1
F16_1 1   F17_1 1   F18_1 1   F19_1 1   F20_1 1   F21_1 1   F22_1 0
F16_2 1   F17_2 1   F18_2 1   F19_2 1   F20_2 1   F21_2 1   F22_2 1
;

R [*] :=
  F16  0        F17_2  0        F19_1  0          F21  0        F22_2  0
F16_1  0          F18  0        F19_2  0        F21_1  0
F16_2  0        F18_1  0          F20 15.3349   F21_2  0
  F17  0        F18_2  0        F20_1  0          F22 37.0616
F17_1  0          F19  0        F20_2 24.0832   F22_1  0
;

Y [*] :=
  F16  0        F17_2 77.75     F19_1  0          F21  0        F22_2  0
F16_1  0          F18 77.75     F19_2  0        F21_1  0
F16_2  0        F18_1  0          F20 24.0832   F21_2  0
  F17 77.75     F18_2 77.75     F20_1 77.75       F22 46.2623
F17_1 77.75       F19  0        F20_2 77.75     F22_1 77.75
;

